episode,step,sim_time_s,x,y,yaw,ey,epsi,s,speed,raw_steer,safe_steer,steer_correction,raw_throttle,safe_throttle,throttle_correction,interventions,emergency,joint_envelope_violated,oscillation_persistent,cv_ok,cv_state_available,cv_perception_invalid,cv_ey,cv_epsi,cv_confidence,cv_curvature,cv_lane_width,cv_n_lines,cv_reason
0,1,0.980000,-2.827135,-1.604691,-0.239728,0.014444,0.065447,19.992133,0.036536,0.044711,0.044711,0.000000,1.000000,1.000000,0.000000,,0,0,0,1,1,0,0.031131,-0.204467,0.6667,0.2028,0.2536,2,ok
0,2,1.100000,-2.818822,-1.606543,-0.236467,0.014781,0.027930,0.009953,0.100123,0.044820,0.044820,0.000000,1.000000,1.000000,0.000000,,0,0,0,1,1,0,0.031079,-0.205499,0.6667,0.2011,0.2538,2,ok
0,3,1.220000,-2.803080,-1.610143,-0.233192,0.015432,0.031205,0.026089,0.163719,0.045311,0.045311,0.000000,1.000000,1.000000,0.000000,,0,0,0,1,1,0,0.030914,-0.194933,0.6458,0.2065,0.2531,2,ok
0,4,1.320000,-2.784266,-1.614032,-0.221903,0.016607,0.042494,0.045264,0.215768,0.201526,0.195311,-0.006214,1.000000,1.000000,0.000000,C-06,0,0,0,1,1,0,0.026244,-0.201132,0.6458,0.3389,0.2628,2,ok
0,5,1.440000,-2.758453,-1.619107,-0.199703,0.017566,0.021973,0.072369,0.219690,0.306577,0.306577,0.000000,1.000000,1.000000,0.000000,,0,0,0,1,1,0,0.032881,-0.181336,0.6250,0.1845,0.2501,2,ok
0,6,1.540000,-2.736868,-1.623336,-0.189546,0.018087,0.032130,0.094359,0.220137,0.100213,0.156577,0.056363,1.000000,1.000000,0.000000,C-06,0,0,0,1,1,0,0.032339,-0.157004,0.6458,0.2003,0.2505,2,ok
0,7,1.640000,-2.715258,-1.627488,-0.188383,0.018355,-0.009247,0.117124,0.220041,-0.108793,0.006577,0.115369,1.000000,1.000000,0.000000,C-06,0,0,0,1,1,0,0.026365,-0.161218,0.7500,0.3352,0.2637,2,ok
0,8,1.760000,-2.689345,-1.632433,-0.196839,0.018014,-0.017703,0.143503,0.219667,-0.123030,-0.123030,0.000000,1.000000,1.000000,0.000000,,0,0,0,1,1,0,0.026024,-0.190091,0.7292,0.2853,0.2664,2,ok
0,9,1.860000,-2.667769,-1.636732,-0.195919,0.017551,-0.016783,0.163706,0.220059,0.259128,0.026970,-0.232158,1.000000,1.000000,0.000000,C-06,0,0,0,1,1,0,0.022158,-0.242448,0.7708,0.2464,0.2655,2,ok
0,10,1.980000,-2.642510,-1.641852,-0.183599,0.015824,-0.043245,0.191909,0.214419,0.559897,0.176970,-0.382927,0.971612,0.971612,0.000000,C-06,0,0,0,1,1,0,0.020296,-0.279938,0.7500,0.1978,0.2642,2,ok
0,11,2.080000,-2.622466,-1.646002,-0.164327,0.014433,-0.023974,0.212330,0.203473,0.425681,0.326970,-0.098711,0.918067,0.918067,0.000000,C-06,0,0,0,1,1,0,0.015571,-0.261649,0.7083,0.2718,0.2662,2,ok
0,12,2.180000,-2.603088,-1.650152,-0.134879,0.012466,-0.028503,0.232532,0.197693,0.587790,0.476970,-0.110820,0.886836,0.886836,0.000000,C-06,0,0,0,1,1,0,0.015499,-0.251952,0.6875,0.2244,0.2662,2,ok
0,13,2.280000,-2.582139,-1.653933,-0.112799,0.010832,-0.006424,0.253756,0.218817,-0.086853,0.326970,0.413823,1.000000,0.986836,-0.013164,C-06,0,0,0,1,1,0,0.016185,-0.219825,0.6667,0.1932,0.2658,2,ok
0,14,2.400000,-2.555913,-1.657540,-0.098048,0.009662,-0.022241,0.280512,0.220761,-0.188068,0.176970,0.365038,1.000000,1.000000,0.000000,C-06,0,0,0,1,1,0,0.016368,-0.198568,0.6667,0.1898,0.2657,2,ok
0,15,2.500000,-2.534015,-1.659822,-0.095121,0.008943,-0.019315,0.302517,0.220121,0.032390,0.032390,0.000000,1.000000,1.000000,0.000000,,0,0,0,1,1,0,0.016585,-0.186704,0.6667,0.1255,0.2672,2,ok
0,16,2.600000,-2.512121,-1.661922,-0.102274,0.008405,-0.026468,0.324504,0.219860,-0.142244,-0.117610,0.024634,1.000000,1.000000,0.000000,C-06,0,0,0,1,1,0,0.012710,-0.159128,0.6875,0.1927,0.2679,2,ok
0,17,2.700000,-2.490235,-1.664168,-0.100845,0.007224,-0.051511,0.346673,0.220041,0.163419,0.032390,-0.131029,1.000000,1.000000,0.000000,C-06,0,0,0,1,1,0,0.011663,-0.171356,0.7500,0.1779,0.2682,2,ok
0,18,2.820000,-2.464975,-1.666819,-0.087626,0.005769,-0.038292,0.372031,0.210744,0.825923,0.182390,-0.643533,0.956393,0.956393,0.000000,C-06,0,0,0,1,1,0,0.008523,-0.200507,0.7500,0.1383,0.2689,2,ok
0,19,2.940000,-2.440320,-1.669474,-0.061776,0.003839,-0.035471,0.396883,0.206348,0.853120,0.332390,-0.520730,0.934394,0.934394,0.000000,C-06,0,0,0,1,1,0,0.007359,-0.206283,0.7292,0.0998,0.2649,2,ok
0,20,3.040000,-2.418643,-1.671669,-0.029635,0.002138,-0.003331,0.418604,0.220980,0.770179,0.482390,-0.287789,1.000000,1.000000,0.000000,C-06,0,0,0,1,1,0,0.007895,-0.192513,0.7083,0.0736,0.2660,2,ok
0,21,3.140000,-2.396647,-1.673454,-0.005824,0.000681,0.000456,0.440650,0.220546,-0.169045,0.332390,0.501435,1.000000,1.000000,0.000000,C-06,0,0,0,1,1,0,0.009578,-0.168088,0.7083,0.0322,0.2622,2,ok
0,22,3.240000,-2.374647,-1.674249,0.007945,-0.000029,0.014225,0.462652,0.220079,-0.400751,0.182390,0.583141,1.000000,1.000000,0.000000,C-06,0,0,0,1,1,0,0.007355,-0.103340,0.7083,0.1072,0.2661,2,ok
0,23,3.360000,-2.348248,-1.674192,0.011424,0.000037,0.000109,0.489052,0.219989,-0.353291,0.032390,0.385681,1.000000,1.000000,0.000000,C-06,0,0,0,1,1,0,0.009869,-0.099903,0.6458,0.0411,0.2656,2,ok
0,24,3.460000,-2.326250,-1.674073,0.015759,-0.000140,0.004444,0.511049,0.219977,0.064394,0.064394,0.000000,1.000000,1.000000,0.000000,,0,0,0,1,1,0,0.010244,-0.100202,0.6458,0.0112,0.2670,2,ok
0,25,3.560000,-2.304256,-1.673954,0.028975,-0.000317,0.017660,0.533044,0.219916,0.201714,0.201714,0.000000,1.000000,1.000000,0.000000,,0,0,0,1,1,0,0.007815,-0.082467,0.6875,0.0438,0.2678,2,ok
0,26,3.660000,-2.282806,-1.673844,0.052010,-0.000785,0.025563,0.554483,0.213598,0.603565,0.351714,-0.251851,0.972135,0.972135,0.000000,C-06,0,0,0,1,1,0,0.007912,-0.076752,0.7292,0.0427,0.2686,2,ok
0,27,3.780000,-2.256538,-1.673219,0.069311,-0.000921,0.042864,0.580758,0.219599,-0.266878,0.201714,0.468592,1.000000,1.000000,0.000000,C-06,0,0,0,1,1,0,0.010857,-0.049998,0.7500,-0.0046,0.2675,2,ok
0,28,3.900000,-2.230206,-1.671607,0.074322,-0.000301,0.035337,0.607123,0.219860,-0.930213,0.051714,0.981927,1.000000,1.000000,0.000000,C-06,0,0,0,1,1,0,0.011591,-0.052378,0.7292,-0.0129,0.2683,2,ok
0,29,4.000000,-2.208263,-1.669982,0.068414,0.000428,0.029429,0.629115,0.220089,-1.000000,-0.098286,0.901714,1.000000,1.000000,0.000000,C-06,0,0,0,1,1,0,0.013330,-0.047289,0.7292,-0.0431,0.2668,2,ok
0,30,4.120000,-2.181911,-1.668017,0.049676,0.001119,-0.000035,0.655540,0.220327,-0.776828,-0.248286,0.528542,1.000000,1.000000,0.000000,C-06,0,0,0,1,1,0,0.011992,-0.030516,0.6667,-0.0124,0.2672,2,ok
0,31,4.240000,-2.155530,-1.666053,0.025245,0.001686,-0.024467,0.681987,0.220532,-0.297636,-0.297636,0.000000,1.000000,1.000000,0.000000,,0,0,0,1,1,0,0.011414,-0.072400,0.6458,-0.0870,0.2665,2,ok
0,32,4.360000,-2.129135,-1.664791,0.011988,0.001442,-0.046167,0.708422,0.220165,0.717154,-0.147636,-0.864790,1.000000,1.000000,0.000000,C-06,0,0,0,1,1,0,0.009739,-0.132478,0.6875,-0.1295,0.2688,2,ok
0,33,4.480000,-2.102736,-1.664446,0.011343,0.000233,-0.046813,0.734794,0.220000,1.000000,0.002364,-0.997636,1.000000,1.000000,0.000000,C-06,0,0,0,1,1,0,0.005913,-0.165777,0.7500,-0.1230,0.2678,2,ok
0,34,4.600000,-2.076340,-1.664151,0.023181,-0.001190,-0.042269,0.761153,0.219958,1.000000,0.152364,-0.847636,1.000000,1.000000,0.000000,C-06,0,0,0,1,1,0,0.004120,-0.166513,0.7917,-0.1435,0.2680,2,ok
0,35,4.700000,-2.054352,-1.663906,0.042964,-0.002419,-0.022486,0.783108,0.219821,0.930635,0.302364,-0.628271,1.000000,1.000000,0.000000,C-06,0,0,0,1,1,0,0.004068,-0.174255,0.7917,-0.1707,0.2698,2,ok
0,36,4.820000,-2.027986,-1.663379,0.057108,-0.003733,-0.013332,0.809435,0.219726,0.165161,0.165161,0.000000,1.000000,1.000000,0.000000,,0,0,0,1,1,0,0.004227,-0.147220,0.7708,-0.1652,0.2706,2,ok
0,37,4.940000,-2.001631,-1.661956,0.059168,-0.004187,-0.011272,0.835825,0.219965,-0.149178,0.015161,0.164339,1.000000,1.000000,0.000000,C-06,0,0,0,1,1,0,0.003137,-0.113953,0.7083,-0.1195,0.2745,2,ok
0,38,5.060000,-1.975270,-1.660435,0.049035,-0.004663,-0.025231,0.862199,0.220096,-0.333354,-0.134839,0.198515,1.000000,1.000000,0.000000,C-06,0,0,0,1,1,0,0.006792,-0.114747,0.7292,-0.2661,0.2678,2,ok
0,39,5.160000,-1.953292,-1.659166,0.040383,-0.005093,-0.033883,0.884209,0.220182,-0.125305,-0.125305,0.000000,1.000000,1.000000,0.000000,,0,0,0,1,1,0,0.005078,-0.093821,0.7292,-0.2356,0.2664,2,ok
0,40,5.280000,-1.926913,-1.658060,0.040547,-0.006037,-0.035962,0.910591,0.219988,0.597206,0.024695,-0.572510,1.000000,1.000000,0.000000,C-06,0,0,0,1,1,0,0.003812,-0.118470,0.6875,-0.2906,0.2609,2,ok
0,41,5.400000,-1.900542,-1.657028,0.053889,-0.007059,-0.022620,0.936963,0.219857,0.713343,0.174695,-0.538648,1.000000,1.000000,0.000000,C-06,0,0,0,1,1,0,0.001423,-0.104709,0.7292,-0.2770,0.2619,2,ok
0,42,5.520000,-1.874200,-1.655996,0.079249,-0.008082,0.002453,0.963304,0.219499,0.807902,0.324695,-0.483207,1.000000,1.000000,0.000000,C-06,0,0,0,1,1,0,0.000045,-0.074890,0.7917,-0.2582,0.2618,2,ok
0,43,5.620000,-1.852281,-1.654803,0.091668,-0.008600,0.014872,0.985249,0.219493,-0.353932,0.174695,0.528627,1.000000,1.000000,0.000000,C-06,0,0,0,1,1,0,0.000952,-0.007463,0.7917,-0.2455,0.2599,2,ok
0,44,5.740000,-1.825996,-1.652499,0.094446,-0.008357,0.018517,1.011631,0.219913,-0.997204,0.024695,1.021899,1.000000,1.000000,0.000000,C-06,0,0,0,1,1,0,0.000710,0.038259,0.7708,-0.2131,0.2614,2,ok
0,45,5.860000,-1.799704,-1.650027,0.085182,-0.007949,0.009254,1.038036,0.220164,-0.976545,-0.125305,0.851240,1.000000,1.000000,0.000000,C-06,0,0,0,1,1,0,-0.001085,0.056162,0.7708,-0.1533,0.2644,2,ok
0,46,5.980000,-1.773379,-1.647549,0.063845,-0.007416,-0.009101,1.064517,0.220506,-0.349947,-0.275305,0.074642,1.000000,1.000000,0.000000,C-06,0,0,0,1,1,0,-0.001881,0.072256,0.7500,-0.1208,0.2649,2,ok
0,47,6.100000,-1.747023,-1.645404,0.052764,-0.007189,-0.020181,1.090959,0.220324,-0.040816,-0.125305,-0.084489,1.000000,1.000000,0.000000,C-06,0,0,0,1,1,0,-0.005013,0.073240,0.7292,-0.0790,0.2665,2,ok
0,48,6.200000,-1.725048,-1.643751,0.040504,-0.007140,-0.028641,1.112995,0.220429,-0.182449,-0.182449,0.000000,1.000000,1.000000,0.000000,,0,0,0,1,1,0,-0.007058,0.064555,0.6875,-0.0401,0.2701,2,ok
0,49,6.320000,-1.698667,-1.642534,0.037086,-0.007848,-0.032058,1.139394,0.220053,0.391751,-0.032449,-0.424200,1.000000,1.000000,0.000000,C-06,0,0,0,1,1,0,-0.006605,0.058607,0.7292,-0.0378,0.2673,2,ok
0,50,6.440000,-1.672830,-1.641534,0.045810,-0.008502,-0.017500,1.165321,0.214954,0.611157,0.117551,-0.493607,0.977345,0.977345,0.000000,C-06,0,0,0,1,1,0,-0.006311,0.045028,0.7917,-0.0339,0.2682,2,ok
0,51,6.560000,-1.646514,-1.640354,0.043887,-0.008980,-0.019424,1.191537,0.220011,-0.138462,-0.032449,0.106012,1.000000,1.000000,0.000000,C-06,0,0,0,1,1,0,-0.004797,0.052924,0.7917,-0.0360,0.2675,2,ok
0,52,6.680000,-1.620133,-1.639163,0.029705,-0.009346,-0.026933,1.218100,0.220122,-0.517730,-0.182449,0.335281,1.000000,1.000000,0.000000,C-06,0,0,0,1,1,0,-0.003057,0.056712,0.7500,-0.0422,0.2664,2,ok
0,53,6.780000,-1.598137,-1.638171,0.007417,-0.009652,-0.049221,1.240116,0.220215,-0.415205,-0.332449,0.082756,1.000000,1.000000,0.000000,C-06,0,0,0,1,1,0,-0.003097,0.032365,0.7292,-0.0450,0.2681,2,ok
0,54,6.900000,-1.571737,-1.637261,-0.008600,-0.010046,-0.055205,1.266623,0.220074,0.179518,-0.182449,-0.361967,1.000000,1.000000,0.000000,C-06,0,0,0,1,1,0,-0.004816,0.005790,0.7292,-0.0400,0.2670,2,ok
0,55,7.020000,-1.545339,-1.637339,-0.011978,-0.011385,-0.048466,1.293099,0.219988,1.000000,-0.032449,-1.032449,1.000000,1.000000,0.000000,C-06,0,0,0,1,1,0,-0.006290,-0.020869,0.7083,-0.0373,0.2683,2,ok
0,56,7.120000,-1.523340,-1.637561,-0.004726,-0.012470,-0.041214,1.315073,0.220009,1.000000,0.117551,-0.882449,1.000000,1.000000,0.000000,C-06,0,0,0,1,1,0,-0.006362,-0.036411,0.7500,-0.0526,0.2657,2,ok
0,57,7.240000,-1.496941,-1.637837,0.017038,-0.013723,-0.007651,1.341668,0.219984,0.751898,0.267551,-0.484347,1.000000,1.000000,0.000000,C-06,0,0,0,1,1,0,-0.006791,-0.026915,0.7292,-0.0386,0.2658,2,ok
0,58,7.360000,-1.470549,-1.638028,0.032225,-0.014514,0.007536,1.368048,0.219891,0.175610,0.175610,0.000000,1.000000,1.000000,0.000000,,0,0,0,1,1,0,-0.004705,-0.000157,0.7917,-0.0400,0.2674,2,ok
0,59,7.480000,-1.444164,-1.637301,0.035085,-0.014302,0.020224,1.394591,0.219966,-0.365282,0.025610,0.390892,1.000000,1.000000,0.000000,C-06,0,0,0,1,1,0,-0.002165,0.032735,0.7500,-0.0365,0.2673,2,ok
0,60,7.600000,-1.417777,-1.636418,0.025748,-0.013746,0.010888,1.420988,0.220049,-0.865765,-0.124390,0.741375,1.000000,1.000000,0.000000,C-06,0,0,0,1,1,0,-0.001087,0.040422,0.7708,-0.0417,0.2673,2,ok
0,61,7.700000,-1.395781,-1.635678,0.007600,-0.013178,0.000587,1.443155,0.220116,-0.645597,-0.274390,0.371207,1.000000,1.000000,0.000000,C-06,0,0,0,1,1,0,-0.001701,0.030373,0.7292,-0.0140,0.2687,2,ok
0,62,7.820000,-1.369381,-1.634895,-0.005946,-0.012395,-0.012960,1.469555,0.220060,-0.152625,-0.152625,0.000000,1.000000,1.000000,0.000000,,0,0,0,1,1,0,-0.001241,0.023748,0.7500,-0.0418,0.2670,2,ok
0,63,7.940000,-1.342982,-1.635016,-0.006909,-0.012516,-0.009378,1.495954,0.219999,1.000000,-0.002625,-1.002625,1.000000,1.000000,0.000000,C-06,0,0,0,1,1,0,-0.003924,-0.025253,0.6667,-0.0360,0.2684,2,ok
0,64,8.060000,-1.316582,-1.635186,0.004516,-0.012686,0.002047,1.522354,0.220003,1.000000,0.147375,-0.852625,1.000000,1.000000,0.000000,C-06,0,0,0,1,1,0,-0.003691,-0.027873,0.7292,-0.0434,0.2669,2,ok
0,65,8.180000,-1.290186,-1.635355,0.028438,-0.012855,0.028438,1.548750,0.219922,0.703664,0.297375,-0.406290,1.000000,1.000000,0.000000,C-06,0,0,0,1,1,0,-0.002241,-0.010637,0.7917,-0.0529,0.2663,2,ok
0,66,8.300000,-1.263802,-1.635163,0.041424,-0.012663,0.041424,1.575133,0.219837,-0.390487,0.147375,0.537862,1.000000,1.000000,0.000000,C-06,0,0,0,1,1,0,-0.000879,0.022088,0.7708,-0.0280,0.2673,2,ok
0,67,8.420000,-1.237425,-1.634091,0.041829,-0.011591,0.041829,1.601510,0.220001,-1.000000,-0.002625,0.997375,1.000000,1.000000,0.000000,C-06,0,0,0,1,1,0,0.000587,0.038864,0.7917,-0.0433,0.2661,2,ok
0,68,8.540000,-1.211043,-1.632982,0.030216,-0.010482,0.030216,1.627892,0.220090,-0.992267,-0.152625,0.839642,1.000000,1.000000,0.000000,C-06,0,0,0,1,1,0,0.003548,0.047743,0.7708,-0.0528,0.2664,2,ok
0,69,8.640000,-1.189048,-1.632058,0.010139,-0.009558,0.010139,1.649887,0.220180,-0.652934,-0.302625,0.350309,1.000000,1.000000,0.000000,C-06,0,0,0,1,1,0,0.003259,0.045597,0.7292,-0.0393,0.2674,2,ok
0,70,8.760000,-1.162649,-1.631055,-0.006920,-0.008555,-0.006920,1.676287,0.220102,-0.194149,-0.194149,0.000000,1.000000,1.000000,0.000000,,0,0,0,1,1,0,0.002368,0.010023,0.7083,-0.0518,0.2664,2,ok
0,71,8.880000,-1.136250,-1.631038,-0.011396,-0.008538,-0.011396,1.702686,0.219987,0.839038,-0.044149,-0.883187,1.000000,1.000000,0.000000,C-06,0,0,0,1,1,0,0.000546,-0.030703,0.6875,-0.0484,0.2675,2,ok
0,72,9.000000,-1.109851,-1.631302,-0.003342,-0.008802,-0.003342,1.729085,0.220010,1.000000,0.105851,-0.894149,1.000000,1.000000,0.000000,C-06,0,0,0,1,1,0,-0.000498,-0.026784,0.7292,-0.0340,0.2666,2,ok
0,73,9.120000,-1.083452,-1.631578,0.017427,-0.009078,0.017427,1.755484,0.219982,0.625955,0.255851,-0.370103,1.000000,1.000000,0.000000,C-06,0,0,0,1,1,0,-0.000314,-0.026978,0.7917,-0.0295,0.2678,2,ok
0,74,9.220000,-1.061457,-1.631552,0.025568,-0.009052,0.025568,1.777478,0.219933,-0.438742,0.105851,0.544593,1.000000,1.000000,0.000000,C-06,0,0,0,1,1,0,0.002050,0.009874,0.7917,-0.0339,0.2669,2,ok
0,75,9.340000,-1.035065,-1.630898,0.022442,-0.008398,0.022442,1.803870,0.220016,-1.000000,-0.044149,0.955851,1.000000,1.000000,0.000000,C-06,0,0,0,1,1,0,0.003995,0.020265,0.7708,-0.0501,0.2674,2,ok
0,76,9.460000,-1.008668,-1.630221,0.007067,-0.007721,0.007067,1.830267,0.220065,-0.947767,-0.194149,0.753619,1.000000,1.000000,0.000000,C-06,0,0,0,1,1,0,0.004392,0.020266,0.7708,-0.0521,0.2666,2,ok
0,77,9.580000,-0.982269,-1.629545,-0.012637,-0.007045,-0.012637,1.856667,0.220057,-0.234895,-0.234895,0.000000,1.000000,1.000000,0.000000,,0,0,0,1,1,0,0.003793,0.008784,0.7500,-0.0528,0.2659,2,ok
0,78,9.700000,-0.955873,-1.629530,-0.020521,-0.007030,-0.020521,1.883063,0.219957,-0.025759,-0.084895,-0.059136,1.000000,1.000000,0.000000,C-06,0,0,0,1,1,0,0.001622,-0.032131,0.7500,-0.0479,0.2683,2,ok
0,79,9.800000,-0.933877,-1.629964,-0.016880,-0.007464,-0.016880,1.905059,0.220016,1.000000,0.065105,-0.934895,1.000000,1.000000,0.000000,C-06,0,0,0,1,1,0,0.000515,-0.042777,0.6875,-0.0384,0.2663,2,ok
0,80,9.920000,-0.907478,-1.630518,0.000332,-0.008018,0.000332,1.931457,0.220048,1.000000,0.215105,-0.784895,1.000000,1.000000,0.000000,C-06,0,0,0,1,1,0,-0.000107,-0.045330,0.7292,-0.0366,0.2674,2,ok
0,81,10.040000,-0.881627,-1.631081,0.030185,-0.008581,0.030185,1.957308,0.215004,0.392717,0.365105,-0.027611,0.977466,0.977466,0.000000,C-06,0,0,0,1,1,0,0.000855,-0.015211,0.7917,-0.0271,0.2675,2,ok
0,82,10.140000,-0.859689,-1.631136,0.045583,-0.008636,0.045583,1.979246,0.219783,-1.000000,0.215105,1.215105,1.000000,1.000000,0.000000,C-06,0,0,0,1,1,0,0.003638,0.018902,0.7917,-0.0351,0.2671,2,ok
0,83,10.260000,-0.833321,-1.630199,0.051570,-0.007699,0.051570,2.005615,0.219881,-0.874063,0.065105,0.939169,1.000000,1.000000,0.000000,C-06,0,0,0,1,1,0,0.006180,0.046001,0.7500,-0.0482,0.2667,2,ok
0,84,10.380000,-0.806953,-1.628850,0.045514,-0.006350,0.045514,2.031983,0.220065,-1.000000,-0.084895,0.915105,1.000000,1.000000,0.000000,C-06,0,0,0,1,1,0,0.008035,0.067884,0.7500,-0.0373,0.2674,2,ok
0,85,10.500000,-0.780571,-1.627480,0.027084,-0.004980,0.027084,2.058365,0.220210,-0.555474,-0.234895,0.320579,1.000000,1.000000,0.000000,C-06,0,0,0,1,1,0,0.009400,0.054621,0.7292,-0.0506,0.2667,2,ok
0,86,10.620000,-0.754174,-1.626110,0.000782,-0.003610,0.000782,2.084761,0.220295,-0.317329,-0.317329,0.000000,1.000000,1.000000,0.000000,,0,0,0,1,1,0,0.008739,0.038667,0.7083,-0.0447,0.2665,2,ok
0,87,10.720000,-0.732706,-1.625495,-0.011882,-0.002995,-0.011882,2.106229,0.214248,0.186228,-0.167329,-0.353557,0.973688,0.973688,0.000000,C-06,0,0,0,1,1,0,0.005846,-0.000772,0.7083,-0.0273,0.2671,2,ok
0,88,10.840000,-0.708200,-1.625688,-0.014122,-0.003188,-0.014122,2.130735,0.203569,0.377557,-0.017329,-0.394886,0.925353,0.925353,0.000000,C-06,0,0,0,1,1,0,0.005330,-0.029612,0.7500,-0.0348,0.2668,2,ok
0,89,10.960000,-0.686186,-1.625903,-0.004302,-0.003403,-0.004302,2.152749,0.181584,0.592703,0.132671,-0.460031,0.812723,0.825353,0.012630,C-06,0,0,0,1,1,0,0.004960,-0.038993,0.7917,-0.0396,0.2683,2,ok
0,90,11.080000,-0.662380,-1.626082,0.010300,-0.003582,0.010300,2.176556,0.203573,0.175341,0.175341,0.000000,1.000000,0.925353,-0.074647,C-06,0,0,0,1,1,0,0.005542,-0.019947,0.7917,-0.0384,0.2669,2,ok
0,91,11.200000,-0.636326,-1.625913,0.013073,-0.003413,0.013073,2.202609,0.219989,-0.435096,0.025341,0.460437,1.000000,1.000000,0.000000,C-06,0,0,0,1,1,0,0.005804,-0.010719,0.7500,-0.0258,0.2669,2,ok
0,92,11.300000,-0.614327,-1.625671,0.005339,-0.003171,0.005339,2.224608,0.220010,-0.918785,-0.124659,0.794126,1.000000,1.000000,0.000000,C-06,0,0,0,1,1,0,0.007962,0.000390,0.7708,-0.0439,0.2667,2,ok
0,93,11.420000,-0.587928,-1.625375,-0.016711,-0.002875,-0.016711,2.251007,0.219987,-0.510428,-0.274659,0.235769,1.000000,1.000000,0.000000,C-06,0,0,0,1,1,0,0.007729,-0.003162,0.7292,-0.0400,0.2670,2,ok
0,94,11.540000,-0.561542,-1.625079,-0.046375,-0.002579,-0.046375,2.277393,0.219791,-0.363372,-0.363372,0.000000,1.000000,1.000000,0.000000,,0,0,0,1,1,0,0.005763,-0.016356,0.7500,-0.0289,0.2668,2,ok
0,95,11.640000,-0.539575,-1.625385,-0.061810,-0.002885,-0.061810,2.299361,0.219646,1.000000,-0.213372,-1.213372,1.000000,1.000000,0.000000,C-06,0,0,0,1,1,0,0.002887,-0.073428,0.6667,-0.0485,0.2662,2,ok
0,96,11.760000,-0.513231,-1.626758,-0.067693,-0.004258,-0.067693,2.325705,0.219846,1.000000,-0.063372,-1.063372,1.000000,1.000000,0.000000,C-06,0,0,0,1,1,0,0.000304,-0.107042,0.7292,-0.0479,0.2667,2,ok
0,97,11.880000,-0.486887,-1.628534,-0.061458,-0.006034,-0.061458,2.352049,0.220088,1.000000,0.086628,-0.913372,1.000000,1.000000,0.000000,C-06,0,0,0,1,1,0,-0.003170,-0.118164,0.7917,-0.0389,0.2663,2,ok
0,98,12.000000,-0.460524,-1.630327,-0.043079,-0.007827,-0.043079,2.378412,0.220295,0.593096,0.236628,-0.356467,1.000000,1.000000,0.000000,C-06,0,0,0,1,1,0,-0.004121,-0.114419,0.7917,-0.0364,0.2669,2,ok
0,99,12.120000,-0.434135,-1.632120,-0.011785,-0.009620,-0.011785,2.404800,0.220487,0.568109,0.386628,-0.181480,1.000000,1.000000,0.000000,C-06,0,0,0,1,1,0,-0.004073,-0.101979,0.7500,-0.0334,0.2685,2,ok
0,100,12.220000,-0.412136,-1.633203,0.005796,-0.010703,0.005796,2.426800,0.220179,-0.003185,0.236628,0.239813,1.000000,1.000000,0.000000,C-06,0,0,0,1,1,0,-0.002853,-0.064630,0.7708,-0.0424,0.2665,2,ok
0,101,12.340000,-0.385737,-1.633421,0.013970,-0.010921,0.013970,2.453198,0.219980,-0.123918,0.086628,0.210546,1.000000,1.000000,0.000000,C-06,0,0,0,1,1,0,-0.001334,-0.022781,0.7292,-0.0387,0.2664,2,ok
0,102,12.460000,-0.359339,-1.633069,0.009542,-0.010569,0.009542,2.479596,0.220012,-0.198592,-0.063372,0.135221,1.000000,1.000000,0.000000,C-06,0,0,0,1,1,0,-0.000103,0.003595,0.7083,-0.0330,0.2674,2,ok
0,103,12.580000,-0.332939,-1.632687,-0.007463,-0.010187,-0.007463,2.505996,0.220018,-0.347429,-0.213372,0.134057,1.000000,1.000000,0.000000,C-06,0,0,0,1,1,0,0.000480,0.003388,0.6875,-0.0465,0.2653,2,ok
0,104,12.700000,-0.306541,-1.632637,-0.013455,-0.010137,-0.013455,2.532394,0.219981,0.018157,-0.063372,-0.081529,1.000000,1.000000,0.000000,C-06,0,0,0,1,1,0,-0.000920,-0.021579,0.7292,-0.0470,0.2674,2,ok
0,105,12.800000,-0.284542,-1.632912,-0.008431,-0.010412,-0.008431,2.554393,0.220012,0.806301,0.086628,-0.719673,1.000000,1.000000,0.000000,C-06,0,0,0,1,1,0,-0.001638,-0.031093,0.7708,-0.0399,0.2675,2,ok
0,106,12.920000,-0.258143,-1.633271,0.010538,-0.010771,0.010538,2.580793,0.220010,1.000000,0.236628,-0.763372,1.000000,1.000000,0.000000,C-06,0,0,0,1,1,0,-0.001904,-0.038605,0.7917,-0.0453,0.2676,2,ok
0,107,13.040000,-0.231747,-1.633557,0.023888,-0.011057,0.023888,2.607188,0.219944,0.153417,0.153417,0.000000,1.000000,1.000000,0.000000,,0,0,0,1,1,0,0.000107,-0.006160,0.7708,-0.0487,0.2666,2,ok
0,108,13.140000,-0.209754,-1.633075,0.024962,-0.010575,0.024962,2.629182,0.219997,-0.617856,0.003417,0.621272,1.000000,1.000000,0.000000,C-06,0,0,0,1,1,0,0.001466,0.019709,0.7500,-0.0572,0.2660,2,ok
0,109,13.260000,-0.183359,-1.632433,0.013728,-0.009933,0.013728,2.655576,0.220043,-0.726170,-0.146583,0.579586,1.000000,1.000000,0.000000,C-06,0,0,0,1,1,0,0.002401,0.020061,0.7500,-0.0542,0.2668,2,ok
0,110,13.380000,-0.156960,-1.631790,-0.010297,-0.009290,-0.010297,2.681975,0.220056,-0.323261,-0.296583,0.026678,1.000000,1.000000,0.000000,C-06,0,0,0,1,1,0,0.001369,0.007564,0.7083,-0.0363,0.2670,2,ok
0,111,13.500000,-0.130564,-1.631496,-0.023374,-0.008996,-0.023374,2.708371,0.219945,0.389053,-0.146583,-0.535636,1.000000,1.000000,0.000000,C-06,0,0,0,1,1,0,0.000013,-0.019294,0.6875,-0.0453,0.2651,2,ok
0,112,13.620000,-0.104172,-1.632085,-0.023927,-0.009585,-0.023927,2.734764,0.220001,1.000000,0.003417,-0.996583,1.000000,1.000000,0.000000,C-06,0,0,0,1,1,0,-0.001545,-0.051437,0.7500,-0.0438,0.2680,2,ok
0,113,13.720000,-0.082176,-1.632616,-0.014157,-0.010116,-0.014157,2.756760,0.220040,1.000000,0.153417,-0.846583,1.000000,1.000000,0.000000,C-06,0,0,0,1,1,0,-0.002759,-0.053713,0.7917,-0.0382,0.2680,2,ok
0,114,13.840000,-0.055777,-1.633254,0.010549,-0.010754,0.010549,2.783159,0.220054,1.000000,0.303417,-0.696583,1.000000,1.000000,0.000000,C-06,0,0,0,1,1,0,-0.002877,-0.039955,0.7917,-0.0291,0.2674,2,ok
0,115,13.960000,-0.029381,-1.633565,0.024299,-0.011065,0.024299,2.809554,0.219941,0.005916,0.153417,0.147501,1.000000,1.000000,0.000000,C-06,0,0,0,1,1,0,-0.000945,-0.010911,0.7500,-0.0319,0.2680,2,ok
0,116,14.080000,-0.002989,-1.632962,0.025316,-0.010462,0.025316,2.835946,0.219996,-0.577843,0.003417,0.581260,1.000000,1.000000,0.000000,C-06,0,0,0,1,1,0,0.000973,0.012645,0.7708,-0.0463,0.2665,2,ok
0,117,14.200000,0.023405,-1.632310,0.013979,-0.009810,0.013979,2.862341,0.220044,-0.726153,-0.146583,0.579570,1.000000,1.000000,0.000000,C-06,0,0,0,1,1,0,0.002422,0.021243,0.7500,-0.0467,0.2666,2,ok
0,118,14.300000,0.045404,-1.631767,-0.005868,-0.009267,-0.005868,2.884340,0.220064,-0.468529,-0.296583,0.171946,1.000000,1.000000,0.000000,C-06,0,0,0,1,1,0,0.002003,0.013592,0.6875,-0.0446,0.2663,2,ok
0,119,14.420000,0.071802,-1.631362,-0.019088,-0.008862,-0.019088,2.910738,0.219972,-0.054621,-0.146583,-0.091962,1.000000,1.000000,0.000000,C-06,0,0,0,1,1,0,0.000979,-0.012127,0.6875,-0.0426,0.2669,2,ok
0,120,14.540000,0.098197,-1.631841,-0.019538,-0.009341,-0.019538,2.936135,0.220001,1.000000,0.003417,-0.996583,1.000000,1.000000,0.000000,C-06,0,0,0,1,1,0,-0.001663,-0.039182,0.7500,-0.0353,0.2669,2,ok
0,121,14.640000,0.120194,-1.632276,-0.009739,-0.009776,-0.009739,2.959130,0.220031,1.000000,0.153417,-0.846583,1.000000,1.000000,0.000000,C-06,0,0,0,1,1,0,-0.002279,-0.041554,0.7917,-0.0391,0.2661,2,ok
0,122,14.760000,0.146594,-1.632798,0.014964,-0.010298,0.014964,2.985529,0.220022,1.000000,0.303417,-0.696583,1.000000,1.000000,0.000000,C-06,0,0,0,1,1,0,-0.001964,-0.032783,0.7917,-0.0387,0.2670,2,ok
0,123,14.880000,0.172987,-1.632991,0.028568,-0.010491,0.028568,3.011922,0.219914,-0.289683,0.153417,0.443100,1.000000,1.000000,0.000000,C-06,0,0,0,1,1,0,0.000972,0.001762,0.7708,-0.0395,0.2680,2,ok
0,124,15.000000,0.199376,-1.632271,0.029478,-0.009771,0.029478,3.036235,0.219996,-0.857692,0.003417,0.861109,1.000000,1.000000,0.000000,C-06,0,0,0,1,1,0,0.002567,0.019671,0.7292,-0.0492,0.2669,2,ok
0,125,15.120000,0.225768,-1.631510,0.018173,-0.009010,0.018173,3.064703,0.220053,-0.819117,-0.146583,0.672534,1.000000,1.000000,0.000000,C-06,0,0,0,1,1,0,0.003401,0.028860,0.7500,-0.0465,0.2675,2,ok
0,126,15.220000,0.247766,-1.630875,-0.001745,-0.008375,-0.001745,3.086335,0.220091,-0.490790,-0.296583,0.194207,1.000000,1.000000,0.000000,C-06,0,0,0,1,1,0,0.003244,0.012771,0.7083,-0.0456,0.2674,2,ok
0,127,15.340000,0.274165,-1.630355,-0.014791,-0.007855,-0.014791,3.113101,0.219998,0.046246,-0.146583,-0.192830,1.000000,1.000000,0.000000,C-06,0,0,0,1,1,0,0.001869,-0.014562,0.7083,-0.0464,0.2662,2,ok
0,128,15.460000,0.300562,-1.630720,-0.015242,-0.008220,-0.015242,3.136335,0.220001,1.000000,0.003417,-0.996583,1.000000,1.000000,0.000000,C-06,0,0,0,1,1,0,0.000093,-0.035617,0.7500,-0.0316,0.2682,2,ok
0,129,15.580000,0.326961,-1.631130,-0.003250,-0.008630,-0.003250,3.165896,0.220025,1.000000,0.153417,-0.846583,1.000000,1.000000,0.000000,C-06,0,0,0,1,1,0,-0.000719,-0.038709,0.7708,-0.0330,0.2672,2,ok
0,130,15.700000,0.353359,-1.631539,0.021611,-0.009039,0.021611,3.192294,0.219980,0.839954,0.303417,-0.536537,1.000000,1.000000,0.000000,C-06,0,0,0,1,1,0,0.000172,-0.026054,0.7500,-0.0382,0.2678,2,ok
0,131,15.800000,0.375350,-1.631579,0.033244,-0.009079,0.033244,3.214286,0.219884,-0.086805,0.153417,0.240222,1.000000,1.000000,0.000000,C-06,0,0,0,1,1,0,0.000668,-0.016878,0.7708,-0.0296,0.2679,2,ok
0,132,15.920000,0.401735,-1.630743,0.034358,-0.008243,0.034358,3.240670,0.219995,-0.865768,0.003417,0.869185,1.000000,1.000000,0.000000,C-06,0,0,0,1,1,0,0.003372,0.019275,0.7500,-0.0435,0.2669,2,ok
0,133,16.040000,0.428123,-1.629853,0.023194,-0.007353,0.023194,3.267059,0.220063,-0.754230,-0.146583,0.607647,1.000000,1.000000,0.000000,C-06,0,0,0,1,1,0,0.005518,0.037299,0.7292,-0.0415,0.2674,2,ok
0,134,16.140000,0.450121,-1.629110,0.003342,-0.006610,0.003342,3.286535,0.220123,-0.634252,-0.296583,0.337669,1.000000,1.000000,0.000000,C-06,0,0,0,1,1,0,0.005316,0.029942,0.7083,-0.0437,0.2665,2,ok
0,135,16.260000,0.476520,-1.628224,-0.019226,-0.005724,-0.019226,3.315455,0.220077,-0.265332,-0.265332,0.000000,1.000000,1.000000,0.000000,,0,0,0,1,1,0,0.005679,0.013238,0.6875,-0.0536,0.2667,2,ok
0,136,16.380000,0.502911,-1.628255,-0.029725,-0.005755,-0.029725,3.341847,0.219912,1.000000,-0.115332,-1.115332,1.000000,1.000000,0.000000,C-06,0,0,0,1,1,0,0.001868,-0.049679,0.7917,-0.0426,0.2680,2,ok
0,137,16.480000,0.524902,-1.628879,-0.028180,-0.006379,-0.028180,3.363837,0.220011,1.000000,0.034668,-0.965332,1.000000,1.000000,0.000000,C-06,0,0,0,1,1,0,0.000075,-0.054671,0.7708,-0.0285,0.2672,2,ok
0,138,16.600000,0.551296,-1.629672,-0.013662,-0.007172,-0.013662,3.390231,0.220077,1.000000,0.184668,-0.815332,1.000000,1.000000,0.000000,C-06,0,0,0,1,1,0,-0.000704,-0.058911,0.7500,-0.0245,0.2671,2,ok
0,139,16.720000,0.577695,-1.630466,0.013572,-0.007966,0.013572,3.416630,0.220083,0.740909,0.334668,-0.406241,1.000000,1.000000,0.000000,C-06,0,0,0,1,1,0,0.000043,-0.046096,0.7708,-0.0330,0.2673,2,ok
0,140,16.820000,0.599690,-1.630795,0.027024,-0.008295,0.027024,3.436735,0.219932,-0.637520,0.184668,0.822188,1.000000,1.000000,0.000000,C-06,0,0,0,1,1,0,0.002059,-0.023722,0.7292,-0.0515,0.2667,2,ok
0,141,16.920000,0.621681,-1.630345,0.030169,-0.007845,0.030169,3.460616,0.219962,-0.898403,0.034668,0.933071,1.000000,1.000000,0.000000,C-06,0,0,0,1,1,0,0.004898,0.015740,0.7292,-0.0489,0.2675,2,ok
0,142,17.040000,0.648071,-1.629587,0.021437,-0.007087,0.021437,3.486835,0.220040,-0.716071,-0.115332,0.600739,1.000000,1.000000,0.000000,C-06,0,0,0,1,1,0,0.004881,0.031748,0.7083,-0.0402,0.2667,2,ok
0,143,17.140000,0.670069,-1.628948,0.003876,-0.006448,0.003876,3.509005,0.220090,-0.846297,-0.265332,0.580965,1.000000,1.000000,0.000000,C-06,0,0,0,1,1,0,0.006136,0.023902,0.6875,-0.0550,0.2649,2,ok
0,144,17.260000,0.696469,-1.628401,-0.006670,-0.005901,-0.006670,3.535405,0.220024,0.009222,-0.115332,-0.124554,1.000000,1.000000,0.000000,C-06,0,0,0,1,1,0,0.004373,0.000987,0.7292,-0.0376,0.2675,2,ok
0,145,17.380000,0.720412,-1.628497,-0.004596,-0.005997,-0.004596,3.559347,0.198001,0.274476,0.034668,-0.239808,0.814502,0.900000,0.085498,C-06,0,0,0,1,1,0,0.004052,-0.013654,0.7500,-0.0529,0.2666,2,ok
0,146,17.480000,0.741781,-1.628580,0.007342,-0.006080,0.007342,3.580717,0.219996,0.578144,0.184668,-0.393476,1.000000,1.000000,0.000000,C-06,0,0,0,1,1,0,0.002841,-0.019714,0.7917,-0.0368,0.2670,2,ok
0,147,17.600000,0.768178,-1.628668,0.021809,-0.006168,0.021809,3.607114,0.219952,0.171070,0.171070,0.000000,1.000000,1.000000,0.000000,,0,0,0,1,1,0,0.003909,-0.010748,0.7708,-0.0361,0.2672,2,ok
0,148,17.720000,0.794571,-1.628191,0.024412,-0.005691,0.024412,3.633506,0.219981,-0.354798,0.021070,0.375868,1.000000,1.000000,0.000000,C-06,0,0,0,1,1,0,0.005847,0.005262,0.7708,-0.0488,0.2675,2,ok
0,149,17.820000,0.816566,-1.627698,0.016445,-0.005198,0.016445,3.655501,0.220024,-0.681814,-0.128930,0.552884,1.000000,1.000000,0.000000,C-06,0,0,0,1,1,0,0.006677,0.026680,0.7083,-0.0339,0.2662,2,ok
0,150,17.920000,0.838565,-1.627202,-0.002137,-0.004702,-0.002137,3.677500,0.220056,-0.610192,-0.278930,0.331262,1.000000,1.000000,0.000000,C-06,0,0,0,1,1,0,0.006652,0.011202,0.6458,-0.0424,0.2666,2,ok
0,151,18.040000,0.864964,-1.626770,-0.013904,-0.004270,-0.013904,3.703899,0.219994,-0.100408,-0.128930,-0.028522,1.000000,1.000000,0.000000,C-06,0,0,0,1,1,0,0.005859,-0.019641,0.6458,-0.0494,0.2667,2,ok
0,152,18.140000,0.886962,-1.627046,-0.013282,-0.004546,-0.013282,3.725897,0.220004,0.548106,0.021070,-0.527036,1.000000,1.000000,0.000000,C-06,0,0,0,1,1,0,0.003413,-0.026900,0.6875,-0.0279,0.2672,2,ok
0,153,18.260000,0.913361,-1.627430,0.000225,-0.004930,0.000225,3.752296,0.220023,0.576985,0.171070,-0.405915,1.000000,1.000000,0.000000,C-06,0,0,0,1,1,0,0.003897,-0.040589,0.7917,-0.0532,0.2658,2,ok
0,154,18.380000,0.939131,-1.627824,0.017220,-0.005324,0.017220,3.778066,0.214302,0.204622,0.204622,0.000000,0.974118,0.974118,0.000000,,0,0,0,1,1,0,0.004746,-0.021105,0.7500,-0.0437,0.2644,2,ok
0,155,18.480000,0.961058,-1.627650,0.021782,-0.005150,0.021782,3.799994,0.219963,-0.801624,0.054622,0.856247,1.000000,1.000000,0.000000,C-06,0,0,0,1,1,0,0.005650,-0.006492,0.7083,-0.0592,0.2642,2,ok
0,156,18.600000,0.987454,-1.627099,0.014641,-0.004599,0.014641,3.826389,0.220026,-0.908939,-0.095378,0.813562,1.000000,1.000000,0.000000,C-06,0,0,0,1,1,0,0.007951,-0.005884,0.7292,-0.0767,0.2659,2,ok
0,157,18.720000,1.013853,-1.626532,-0.004946,-0.004032,-0.004946,3.852788,0.220049,-0.549333,-0.245378,0.303955,1.000000,1.000000,0.000000,C-06,0,0,0,1,1,0,0.010044,-0.033277,0.7083,-0.1448,0.2691,2,ok
0,158,18.820000,1.035849,-1.626059,-0.031535,-0.003559,-0.031535,3.874784,0.219951,-0.427514,-0.395378,0.032137,1.000000,1.000000,0.000000,C-06,0,0,0,1,1,0,0.009466,-0.068332,0.7083,-0.1690,0.2697,2,ok
0,159,18.920000,1.057830,-1.625941,-0.049199,-0.003441,-0.049199,3.896766,0.219745,-0.106305,-0.245378,-0.139073,1.000000,1.000000,0.000000,C-06,0,0,0,1,1,0,0.007596,-0.088093,0.6667,-0.1873,0.2691,2,ok
0,160,19.040000,1.084192,-1.626858,-0.057754,-0.004358,-0.057754,3.923128,0.219815,1.000000,-0.095378,-1.095378,1.000000,1.000000,0.000000,C-06,0,0,0,1,1,0,0.004183,-0.146290,0.7083,-0.2284,0.2661,2,ok
0,161,19.140000,1.106157,-1.628094,-0.054800,-0.005594,-0.054800,3.945092,0.220029,1.000000,0.054622,-0.945378,1.000000,1.000000,0.000000,C-06,0,0,0,1,1,0,0.002512,-0.173310,0.7500,-0.2630,0.2641,2,ok
0,162,19.260000,1.132527,-1.629608,-0.038784,-0.007108,-0.038784,3.971463,0.220189,1.000000,0.204622,-0.795378,1.000000,1.000000,0.000000,C-06,0,0,0,1,1,0,-0.000017,-0.160259,0.7292,-0.2469,0.2641,2,ok
0,163,19.380000,1.158918,-1.631122,-0.009890,-0.008622,-0.009890,3.997853,0.220347,0.470128,0.354622,-0.115505,1.000000,1.000000,0.000000,C-06,0,0,0,1,1,0,-0.001574,-0.115189,0.7292,-0.2444,0.2641,2,ok
0,164,19.480000,1.180918,-1.632047,0.005330,-0.009547,0.005330,4.019853,0.220131,0.157453,0.204622,0.047170,1.000000,1.000000,0.000000,C-06,0,0,0,1,1,0,-0.000263,-0.106000,0.7292,-0.2627,0.2662,2,ok
0,165,19.600000,1.207317,-1.632152,0.010802,-0.009652,0.010802,4.046252,0.219988,-0.410938,0.054622,0.465560,1.000000,1.000000,0.000000,C-06,0,0,0,1,1,0,-0.001464,-0.012372,0.6875,-0.1894,0.2654,2,ok
0,166,19.720000,1.233716,-1.631894,0.003716,-0.009394,0.003716,4.072651,0.220010,-0.431700,-0.095378,0.336322,1.000000,1.000000,0.000000,C-06,0,0,0,1,1,0,-0.002809,0.024588,0.7083,-0.1475,0.2669,2,ok
0,167,19.820000,1.255715,-1.631665,-0.012525,-0.009165,-0.012525,4.094651,0.219997,-0.343881,-0.245378,0.098503,1.000000,1.000000,0.000000,C-06,0,0,0,1,1,0,-0.004146,0.043916,0.6250,-0.1361,0.2650,2,ok
0,168,19.920000,1.277709,-1.631436,-0.033401,-0.008936,-0.033401,4.116645,0.219897,-0.303894,-0.303894,0.000000,1.000000,1.000000,0.000000,,0,0,0,1,1,0,-0.005050,0.029812,0.6875,-0.1272,0.2678,2,ok
0,169,20.040000,1.304088,-1.631726,-0.046884,-0.009226,-0.044826,4.143023,0.219800,1.000000,-0.153894,-1.153894,1.000000,1.000000,0.000000,C-06,0,0,0,1,1,0,-0.006388,-0.011579,0.7292,-0.1534,0.2644,2,ok
0,170,20.140000,1.326063,-1.632717,-0.047872,-0.010217,-0.045814,4.164998,0.219993,1.000000,-0.003894,-1.003894,1.000000,1.000000,0.000000,C-06,0,0,0,1,1,0,-0.008301,-0.010306,0.7500,-0.1177,0.2660,2,ok
0,171,20.260000,1.352438,-1.633962,-0.036846,-0.011462,-0.030657,4.191374,0.220091,1.000000,0.146106,-0.853894,1.000000,1.000000,0.000000,C-06,0,0,0,1,1,0,-0.010028,-0.004327,0.7083,-0.1109,0.2655,2,ok
0,172,20.380000,1.378829,-1.635207,-0.013060,-0.012707,-0.006871,4.217764,0.220222,0.490097,0.296106,-0.193991,1.000000,1.000000,0.000000,C-06,0,0,0,1,1,0,-0.010639,0.036248,0.7292,-0.0514,0.2666,2,ok
0,173,20.480000,1.400828,-1.635995,-0.002000,-0.013495,0.004189,4.237135,0.220103,-0.375398,0.146106,0.521505,1.000000,1.000000,0.000000,C-06,0,0,0,1,1,0,-0.008686,0.077384,0.6875,-0.0377,0.2710,2,ok
0,174,20.600000,1.427228,-1.636073,-0.001585,-0.013273,0.012451,4.266302,0.220000,-0.437759,-0.003894,0.433866,1.000000,1.000000,0.000000,C-06,0,0,0,1,1,0,-0.007715,0.093011,0.6667,-0.0246,0.2684,2,ok
0,175,20.720000,1.453627,-1.636106,-0.013734,-0.012963,0.009702,4.292835,0.219981,-0.676199,-0.153894,0.522305,1.000000,1.000000,0.000000,C-06,0,0,0,1,1,0,-0.006001,0.122226,0.6458,-0.0012,0.2649,2,ok
0,176,20.820000,1.475621,-1.636135,-0.034058,-0.012536,-0.010622,4.314824,0.219881,-0.534330,-0.303894,0.230437,1.000000,1.000000,0.000000,C-06,0,0,0,1,1,0,-0.006327,0.126260,0.6667,0.0352,0.2647,2,ok
0,177,20.920000,1.497601,-1.636211,-0.049558,-0.012158,-0.026122,4.334148,0.219747,-0.218254,-0.218254,0.000000,1.000000,1.000000,0.000000,,0,0,0,1,1,0,-0.007289,0.098580,0.7292,0.0524,0.2657,2,ok
0,178,21.040000,1.523903,-1.637242,-0.055683,-0.012106,-0.020853,4.363348,0.219327,0.742962,-0.068254,-0.811216,0.997553,0.997553,0.000000,C-06,0,0,0,1,1,0,-0.005669,0.045600,0.7500,-0.0006,0.2629,2,ok
0,179,21.140000,1.545865,-1.638452,-0.051013,-0.012454,-0.016184,4.382586,0.220056,0.676374,0.081746,-0.594628,1.000000,1.000000,0.000000,C-06,0,0,0,1,1,0,-0.006346,0.046041,0.7083,0.0264,0.2644,2,ok
0,180,21.260000,1.572241,-1.639931,-0.032809,-0.012670,0.012625,4.411854,0.220220,0.454377,0.231746,-0.222631,1.000000,1.000000,0.000000,C-06,0,0,0,1,1,0,-0.004562,0.044718,0.7083,-0.0060,0.2605,2,ok
0,181,21.380000,1.598630,-1.641108,-0.025464,-0.012538,0.030388,4.438394,0.220113,-0.335966,0.081746,0.417712,1.000000,1.000000,0.000000,C-06,0,0,0,1,1,0,-0.002588,0.079996,0.6875,0.0324,0.2655,2,ok
0,182,21.480000,1.620622,-1.641686,-0.029297,-0.011863,0.026555,4.460384,0.219976,-0.391025,-0.068254,0.322771,1.000000,1.000000,0.000000,C-06,0,0,0,1,1,0,-0.002896,0.101634,0.6875,0.1026,0.2712,2,ok
0,183,21.600000,1.647003,-1.642346,-0.046534,-0.010982,0.015990,4.486829,0.219839,-0.573357,-0.218254,0.355103,1.000000,1.000000,0.000000,C-06,0,0,0,1,1,0,-0.001207,0.096698,0.6667,0.0683,0.2693,2,ok
0,184,21.720000,1.673357,-1.643006,-0.071458,-0.009973,-0.008933,4.513172,0.219525,-0.311555,-0.311555,0.000000,1.000000,1.000000,0.000000,,0,0,0,1,1,0,-0.002704,0.103495,0.6458,0.1216,0.2670,2,ok
0,185,21.820000,1.694892,-1.644021,-0.083056,-0.009575,-0.014270,4.534819,0.215255,0.528931,-0.161555,-0.690486,0.980364,0.980364,0.000000,C-06,0,0,0,1,1,0,-0.004511,0.070742,0.7708,0.1269,0.2647,2,ok
0,186,21.920000,1.716764,-1.645776,-0.084636,-0.009736,-0.015850,4.556761,0.219963,0.923117,-0.011555,-0.934672,1.000000,1.000000,0.000000,C-06,0,0,0,1,1,0,-0.007410,0.071555,0.7708,0.1891,0.2678,2,ok
0,187,22.040000,1.743079,-1.647978,-0.074381,-0.010020,-0.001388,4.583165,0.220151,1.000000,0.138445,-0.861555,1.000000,1.000000,0.000000,C-06,0,0,0,1,1,0,-0.006669,0.052916,0.7292,0.1736,0.2630,2,ok
0,188,22.140000,1.765032,-1.649814,-0.055751,-0.010259,0.017242,4.605193,0.220411,0.807630,0.288445,-0.519185,1.000000,1.000000,0.000000,C-06,0,0,0,1,1,0,-0.006249,0.057458,0.7500,0.2088,0.2664,2,ok
0,189,22.260000,1.791399,-1.651793,-0.043634,-0.010320,0.029359,4.628879,0.220319,-0.476297,0.138445,0.614742,1.000000,1.000000,0.000000,C-06,0,0,0,1,1,0,-0.004217,0.078477,0.7083,0.2216,0.2680,2,ok
0,190,22.380000,1.817775,-1.652970,-0.043857,-0.009414,0.032042,4.658080,0.219993,-0.550105,-0.011555,0.538550,1.000000,1.000000,0.000000,C-06,0,0,0,1,1,0,-0.001637,0.102858,0.6875,0.2493,0.2661,2,ok
0,191,22.480000,1.839749,-1.653918,-0.053994,-0.008640,0.021905,4.678732,0.219891,-0.566333,-0.161555,0.404778,1.000000,1.000000,0.000000,C-06,0,0,0,1,1,0,0.001482,0.081218,0.6875,0.2036,0.2677,2,ok
0,192,22.600000,1.866091,-1.655056,-0.078394,-0.007722,-0.001568,4.706409,0.219549,-0.365895,-0.311555,0.054340,1.000000,1.000000,0.000000,C-06,0,0,0,1,1,0,-0.000876,0.093416,0.6667,0.2614,0.2670,2,ok
0,193,22.720000,1.892393,-1.656553,-0.092491,-0.007167,-0.015924,4.732747,0.219520,0.508550,-0.161555,-0.670105,1.000000,1.000000,0.000000,C-06,0,0,0,1,1,0,-0.001621,0.054960,0.7083,0.2597,0.2680,2,ok
0,194,22.820000,1.914297,-1.658520,-0.094062,-0.007425,-0.017494,4.754737,0.219959,1.000000,-0.011555,-1.011555,1.000000,1.000000,0.000000,C-06,0,0,0,1,1,0,-0.002457,-0.001425,0.7500,0.2470,0.2663,2,ok
0,195,22.920000,1.936207,-1.660566,-0.085619,-0.007760,-0.009051,4.776741,0.220138,1.000000,0.138445,-0.861555,1.000000,1.000000,0.000000,C-06,0,0,0,1,1,0,-0.001535,-0.025857,0.7292,0.2182,0.2661,2,ok
0,196,23.040000,1.962533,-1.663022,-0.063015,-0.008173,0.011283,4.803174,0.220500,1.000000,0.288445,-0.711555,1.000000,1.000000,0.000000,C-06,0,0,0,1,1,0,-0.001485,-0.030649,0.7500,0.2214,0.2668,2,ok
0,197,23.140000,1.984497,-1.664919,-0.051464,-0.008367,0.022834,4.825219,0.220429,0.160491,0.160491,0.000000,1.000000,1.000000,0.000000,,0,0,0,1,1,0,-0.001485,-0.030649,0.7500,0.2214,0.2668,2,ok
0,198,23.260000,2.010864,-1.666344,-0.049779,-0.007884,0.021061,4.851569,0.220021,-0.205599,0.010491,0.216090,1.000000,1.000000,0.000000,C-06,0,0,0,1,1,0,0.003328,0.019532,0.6667,0.1455,0.2586,2,ok
0,199,23.380000,2.037225,-1.667706,-0.060174,-0.007364,0.010666,4.877960,0.219902,-0.323779,-0.139509,0.184270,1.000000,1.000000,0.000000,C-06,0,0,0,1,1,0,-0.003117,0.084562,0.7083,0.4048,0.2668,2,ok
0,200,23.480000,2.059172,-1.668841,-0.078515,-0.007019,-0.012644,4.899902,0.219633,-0.282757,-0.282757,0.000000,1.000000,1.000000,0.000000,,0,0,0,1,1,0,-0.003117,0.084562,0.7083,0.4048,0.2668,2,ok
0,201,23.600000,2.085478,-1.670447,-0.089901,-0.006862,-0.024030,4.926256,0.219604,0.288159,-0.132757,-0.420916,1.000000,1.000000,0.000000,C-06,0,0,0,1,1,0,-0.006102,0.025248,0.7292,0.4667,0.2673,2,ok
0,202,23.720000,2.111771,-1.672784,-0.089333,-0.007571,-0.030400,4.952600,0.220015,0.981535,0.017243,-0.964292,1.000000,1.000000,0.000000,C-06,0,0,0,1,1,0,-0.008874,0.030687,0.7500,0.5257,0.2714,2,ok
0,203,23.820000,2.131733,-1.674495,-0.079555,-0.008068,-0.020621,4.972629,0.198083,0.793894,0.167243,-0.626651,0.814383,0.900000,0.085617,C-06,0,0,0,1,1,0,-0.009125,-0.043541,0.7292,0.5153,0.2655,2,ok
0,204,23.920000,2.152923,-1.676159,-0.058966,-0.008536,-0.008482,4.993815,0.217164,0.810520,0.317243,-0.493276,0.986015,0.986015,0.000000,C-06,0,0,0,1,1,0,-0.012707,-0.009087,0.7708,0.6513,0.2718,2,ok
0,205,24.040000,2.179262,-1.678143,-0.021305,-0.009122,0.029179,5.020223,0.220561,0.488581,0.467243,-0.021337,1.000000,1.000000,0.000000,C-06,0,0,0,1,1,0,-0.008517,0.030301,0.7292,0.5957,0.2685,2,ok
0,206,24.140000,2.201261,-1.679670,0.001874,-0.009578,0.042434,5.042173,0.220403,-0.208701,0.317243,0.525944,1.000000,1.000000,0.000000,C-06,0,0,0,1,1,0,-0.007066,0.037063,0.7083,0.6487,0.2719,2,ok
0,207,24.260000,2.227659,-1.680306,0.016768,-0.009087,0.057328,5.068575,0.219998,-0.578406,0.167243,0.745650,1.000000,1.000000,0.000000,C-06,0,0,0,1,1,0,-0.005363,0.128593,0.7083,0.6884,0.2704,2,ok
0,208,24.380000,2.254055,-1.679952,0.018849,-0.007751,0.046885,5.094827,0.219988,-0.223865,0.017243,0.241108,1.000000,1.000000,0.000000,C-06,0,0,0,1,1,0,-0.000682,0.089936,0.6875,0.6625,0.2681,2,ok
0,209,24.480000,2.276050,-1.679608,0.025588,-0.006768,0.053623,5.116802,0.219957,0.101669,0.101669,0.000000,1.000000,1.000000,0.000000,,0,0,0,1,1,0,-0.002661,0.174272,0.6875,0.7593,0.2708,2,ok
0,210,24.600000,2.302435,-1.679196,0.041848,-0.005673,0.055111,5.143098,0.219841,0.203707,0.203707,0.000000,1.000000,1.000000,0.000000,,0,0,0,1,1,0,-0.000173,0.072675,0.7292,0.7363,0.2656,2,ok
0,211,24.720000,2.326664,-1.678807,0.068599,-0.004864,0.081861,5.167316,0.199384,0.377759,0.353707,-0.024051,0.908225,0.908225,0.000000,C-06,0,0,0,1,1,0,0.002759,0.062238,0.7708,0.7393,0.2672,2,ok
0,212,24.820000,2.348064,-1.677988,0.083151,-0.003674,0.096414,5.187872,0.219492,0.027200,0.203707,0.176507,1.000000,1.000000,0.000000,C-06,0,0,0,1,1,0,0.006316,0.090545,0.7708,0.7644,0.2656,2,ok
0,213,24.920000,2.369983,-1.676355,0.087459,-0.002098,0.083509,5.210551,0.219830,-0.378553,0.053707,0.432260,1.000000,1.000000,0.000000,C-06,0,0,0,1,1,0,0.008664,0.091732,0.7917,0.7730,0.2655,2,ok
0,214,25.040000,2.396289,-1.674058,0.080638,0.000148,0.076689,5.236861,0.220125,-1.000000,-0.096293,0.903707,1.000000,1.000000,0.000000,C-06,0,0,0,1,1,0,0.009669,0.126174,0.7500,0.7970,0.2641,2,ok
0,215,25.140000,2.418220,-1.672198,0.078375,0.001613,0.055125,5.258829,0.220091,-0.028986,-0.028986,0.000000,1.000000,1.000000,0.000000,,0,0,0,1,1,0,0.013394,0.022352,0.7500,0.7249,0.2664,2,ok
0,216,25.260000,2.444543,-1.669999,0.073407,0.003262,0.050157,5.285193,0.220167,-0.063906,-0.063906,0.000000,1.000000,1.000000,0.000000,,0,0,0,1,1,0,0.013161,0.060334,0.6875,0.7627,0.2656,2,ok
0,217,25.380000,2.470867,-1.668054,0.079553,0.004236,0.032718,5.311652,0.219898,0.671354,0.086094,-0.585259,1.000000,1.000000,0.000000,C-06,0,0,0,1,1,0,0.015299,0.070308,0.6667,0.7332,0.2628,2,ok
0,218,25.480000,2.492785,-1.666447,0.094323,0.004891,0.047488,5.333618,0.219629,0.809982,0.236094,-0.573887,1.000000,1.000000,0.000000,C-06,0,0,0,1,1,0,0.016810,-0.057709,0.6875,0.7002,0.2641,2,ok
0,219,25.600000,2.519028,-1.664518,0.123842,0.005342,0.051654,5.360054,0.218943,0.542805,0.386094,-0.156711,1.000000,1.000000,0.000000,C-06,0,0,0,1,1,0,0.016028,-0.105809,0.7708,0.7253,0.2670,2,ok
0,220,25.720000,2.545192,-1.662045,0.143022,0.006047,0.070834,5.386325,0.218966,-0.059428,0.236094,0.295522,1.000000,1.000000,0.000000,C-06,0,0,0,1,1,0,0.018603,-0.113234,0.7708,0.7030,0.2682,2,ok
0,221,25.820000,2.566957,-1.659172,0.149053,0.007148,0.046401,5.408476,0.219570,-0.237403,0.086094,0.323497,1.000000,1.000000,0.000000,C-06,0,0,0,1,1,0,0.021307,-0.143053,0.7500,0.6533,0.2683,2,ok
0,222,25.920000,2.588718,-1.655919,0.145669,0.008199,0.043017,5.430453,0.220112,-0.211791,-0.063906,0.147885,1.000000,1.000000,0.000000,C-06,0,0,0,1,1,0,0.023404,-0.179657,0.7083,0.5802,0.2664,2,ok
0,223,26.040000,2.614185,-1.652183,0.151480,0.009270,0.015409,5.456428,0.213937,0.293949,0.086094,-0.207854,0.973254,0.973254,0.000000,C-06,0,0,0,1,1,0,0.020691,-0.173187,0.7292,0.6145,0.2660,2,ok
0,224,26.140000,2.635832,-1.649072,0.165652,0.009578,0.029581,5.478296,0.219239,0.508583,0.236094,-0.272489,1.000000,1.000000,0.000000,C-06,0,0,0,1,1,0,0.018636,-0.123843,0.7292,0.6450,0.2687,2,ok
0,225,26.260000,2.661808,-1.645337,0.193966,0.009948,0.057894,5.504536,0.218162,0.805454,0.386094,-0.419359,1.000000,1.000000,0.000000,C-06,0,0,0,1,1,0,0.017643,-0.113244,0.6667,0.6402,0.2653,2,ok
0,226,26.380000,2.687663,-1.640952,0.212238,0.009942,0.036940,5.531206,0.218543,0.143107,0.236094,0.092987,1.000000,1.000000,0.000000,C-06,0,0,0,1,1,0,0.018779,-0.079418,0.6458,0.6191,0.2621,2,ok
0,227,26.480000,2.709155,-1.636555,0.218200,0.010569,0.042902,5.553134,0.219429,-0.389796,0.086094,0.475890,1.000000,1.000000,0.000000,C-06,0,0,0,1,1,0,0.019150,-0.167709,0.7083,0.5937,0.2639,2,ok
0,228,26.600000,2.734910,-1.631096,0.224875,0.010880,0.008097,5.579861,0.219385,0.091049,0.091049,0.000000,1.000000,1.000000,0.000000,,0,0,0,1,1,0,0.016491,-0.168687,0.7708,0.6331,0.2648,2,ok
0,229,26.720000,2.760206,-1.625546,0.241520,0.011023,0.024742,5.605759,0.215042,0.428758,0.241049,-0.187709,0.982931,0.982931,0.000000,C-06,0,0,0,1,1,0,0.016344,-0.184796,0.7708,0.5964,0.2596,2,ok
0,230,26.820000,2.781468,-1.620916,0.264286,0.010605,0.004460,5.628096,0.217423,0.750037,0.391049,-0.358988,1.000000,1.000000,0.000000,C-06,0,0,0,1,1,0,0.014965,-0.155927,0.7708,0.5963,0.2662,2,ok
0,231,26.920000,2.802499,-1.616205,0.295401,0.009674,0.035574,5.649629,0.214849,0.861487,0.541049,-0.320438,0.993835,0.993835,0.000000,C-06,0,0,0,1,1,0,0.014198,-0.130257,0.7292,0.6219,0.2662,2,ok
0,232,27.040000,2.827631,-1.609430,0.323338,0.009666,0.063511,5.674363,0.217053,-0.066446,0.391049,0.457495,1.000000,1.000000,0.000000,C-06,0,0,0,1,1,0,0.015910,-0.112002,0.7500,0.5883,0.2676,2,ok
0,233,27.140000,2.848438,-1.602916,0.337785,0.009500,0.036697,5.697887,0.218114,-0.361009,0.241049,0.602059,1.000000,1.000000,0.000000,C-06,0,0,0,1,1,0,0.016242,-0.052778,0.7083,0.5864,0.2677,2,ok
0,234,27.260000,2.873313,-1.594370,0.344696,0.010104,0.043608,5.724183,0.219269,-0.252961,0.091049,0.344010,1.000000,1.000000,0.000000,C-06,0,0,0,1,1,0,0.017928,-0.090143,0.7083,0.5470,0.2690,2,ok
0,235,27.380000,2.898094,-1.585614,0.360247,0.010175,0.018774,5.750831,0.218498,0.241570,0.241049,-0.000521,1.000000,1.000000,0.000000,C-06,0,0,0,1,1,0,0.018389,-0.053266,0.6667,0.5188,0.2645,2,ok
0,236,27.480000,2.918657,-1.578022,0.365955,0.010389,0.024483,5.772750,0.219267,-0.005508,0.091049,0.096558,1.000000,1.000000,0.000000,C-06,0,0,0,1,1,0,0.018595,-0.178289,0.7292,0.5051,0.2666,2,ok
0,237,27.600000,2.943243,-1.568734,0.380552,0.010293,0.003043,5.799403,0.218503,0.227421,0.227421,0.000000,1.000000,1.000000,0.000000,,0,0,0,1,1,0,0.017592,-0.202203,0.7917,0.5161,0.2689,2,ok
0,238,27.720000,2.967672,-1.559347,0.397248,0.009963,0.019739,5.825572,0.218016,0.253333,0.253333,0.000000,1.000000,1.000000,0.000000,,0,0,0,1,1,0,0.017108,-0.205062,0.7917,0.5013,0.2653,2,ok
0,239,27.820000,2.987883,-1.551280,0.415199,0.009656,0.003896,5.847657,0.217422,0.335842,0.335842,0.000000,1.000000,1.000000,0.000000,,0,0,0,1,1,0,0.015589,-0.133554,0.7708,0.5211,0.2681,2,ok
0,240,27.920000,3.007929,-1.542887,0.434267,0.009311,0.022964,5.869386,0.217333,0.354393,0.354393,0.000000,1.000000,1.000000,0.000000,,0,0,0,1,1,0,0.014788,-0.117266,0.7500,0.5416,0.2694,2,ok
0,241,28.040000,3.031800,-1.532072,0.447955,0.009538,0.003903,5.895891,0.218472,0.102116,0.204393,0.102277,1.000000,1.000000,0.000000,C-06,0,0,0,1,1,0,0.014589,-0.092687,0.7292,0.5505,0.2683,2,ok
0,242,28.140000,3.051610,-1.522617,0.451408,0.009571,0.007356,5.917842,0.219592,0.014133,0.054393,0.040260,1.000000,1.000000,0.000000,C-06,0,0,0,1,1,0,0.014316,-0.083869,0.7083,0.5552,0.2696,2,ok
0,243,28.260000,3.075298,-1.511103,0.463745,0.009800,0.019693,5.944179,0.218991,0.412577,0.204393,-0.208184,1.000000,1.000000,0.000000,C-06,0,0,0,1,1,0,0.013260,-0.075099,0.7083,0.5619,0.2684,2,ok
0,244,28.380000,3.098789,-1.499505,0.484441,0.009379,0.008392,5.970699,0.217667,0.337621,0.337621,0.000000,1.000000,1.000000,0.000000,,0,0,0,1,1,0,0.009042,-0.068079,0.6875,0.6389,0.2696,2,ok
0,245,28.480000,3.118203,-1.489450,0.494719,0.009400,0.018671,5.992562,0.218727,0.118519,0.187621,0.069103,1.000000,1.000000,0.000000,C-06,0,0,0,1,1,0,0.009230,-0.069363,0.7083,0.6506,0.2684,2,ok
0,246,28.600000,3.141418,-1.476956,0.497437,0.009257,-0.009704,6.019216,0.219745,-0.123645,0.037621,0.161266,1.000000,1.000000,0.000000,C-06,0,0,0,1,1,0,0.010679,-0.109682,0.7708,0.6207,0.2675,2,ok
0,247,28.720000,3.164237,-1.464536,0.508294,0.009017,0.001153,6.045194,0.215748,0.298493,0.187621,-0.110872,0.984911,0.984911,0.000000,C-06,0,0,0,1,1,0,0.010883,-0.159398,0.7500,0.6043,0.2678,2,ok
0,248,28.820000,3.181521,-1.454896,0.524476,0.008682,-0.013676,6.065267,0.195281,0.643701,0.337621,-0.306080,0.893108,0.893108,0.000000,C-06,0,0,0,1,1,0,0.010509,-0.119094,0.7500,0.5907,0.2675,2,ok
0,249,28.920000,3.198250,-1.445288,0.548235,0.008331,0.010084,6.084555,0.191783,0.742501,0.487621,-0.254880,0.883231,0.883231,0.000000,C-06,0,0,0,1,1,0,0.021112,-0.187895,0.7083,0.2601,0.2475,2,ok
0,250,29.040000,3.219221,-1.432606,0.570631,0.008440,0.032480,6.107598,0.206600,0.371237,0.371237,0.000000,0.947496,0.947496,0.000000,,0,0,0,1,1,0,0.013096,-0.145084,0.7083,0.5467,0.2656,2,ok
0,251,29.140000,3.237485,-1.420937,0.582058,0.008410,0.013812,6.130975,0.218970,-0.490162,0.221237,0.711400,1.000000,1.000000,0.000000,C-06,0,0,0,1,1,0,0.014533,-0.095030,0.7292,0.5364,0.2660,2,ok
0,252,29.260000,3.259500,-1.406448,0.586804,0.008785,0.018558,6.157328,0.219679,-0.339403,0.071237,0.410640,1.000000,1.000000,0.000000,C-06,0,0,0,1,1,0,0.015796,-0.122225,0.6875,0.5168,0.2667,2,ok
0,253,29.380000,3.281397,-1.391821,0.599106,0.008643,0.001225,6.183934,0.219089,0.302993,0.221237,-0.081756,1.000000,1.000000,0.000000,C-06,0,0,0,1,1,0,0.017226,-0.170613,0.6667,0.4831,0.2694,2,ok
0,254,29.480000,3.299496,-1.379476,0.610408,0.008637,0.012528,6.205842,0.219115,0.236797,0.236797,0.000000,1.000000,1.000000,0.000000,,0,0,0,1,1,0,0.016557,-0.157659,0.6875,0.4817,0.2706,2,ok
0,255,29.600000,3.321022,-1.364372,0.624509,0.008488,-0.002415,6.232386,0.219195,0.247968,0.247968,0.000000,1.000000,1.000000,0.000000,,0,0,0,1,1,0,0.016662,-0.152275,0.8125,0.4643,0.2676,2,ok
0,256,29.720000,3.342329,-1.348937,0.638829,0.008475,0.011905,6.258695,0.219310,0.253991,0.253991,0.000000,1.000000,1.000000,0.000000,,0,0,0,1,1,0,0.015386,-0.210691,0.7917,0.4765,0.2682,2,ok
0,257,29.820000,3.359882,-1.335779,0.655739,0.008477,-0.000184,6.280876,0.219229,0.373321,0.373321,0.000000,1.000000,1.000000,0.000000,,0,0,0,1,1,0,0.013392,-0.148530,0.7917,0.5224,0.2672,2,ok
0,258,29.920000,3.377207,-1.322320,0.672565,0.008579,0.016642,6.302814,0.219498,0.365535,0.365535,0.000000,1.000000,1.000000,0.000000,,0,0,0,1,1,0,0.011804,-0.042288,0.7292,0.5636,0.2681,2,ok
0,259,30.040000,3.397738,-1.305776,0.686665,0.008966,0.002120,6.329436,0.219811,0.250596,0.250596,0.000000,1.000000,1.000000,0.000000,,0,0,0,1,1,0,0.010747,-0.128962,0.7500,0.6156,0.2678,2,ok
0,260,30.140000,3.414714,-1.291793,0.691756,0.009062,0.007211,6.351429,0.219949,0.083446,0.100596,0.017151,1.000000,1.000000,0.000000,C-06,0,0,0,1,1,0,0.012779,-0.068755,0.7083,0.5748,0.2672,2,ok
0,261,30.260000,3.434940,-1.274835,0.704772,0.009406,0.020227,6.375642,0.220021,0.423874,0.250596,-0.173278,1.000000,1.000000,0.000000,C-06,0,0,0,1,1,0,0.010868,-0.104630,0.7083,0.6319,0.2705,2,ok
0,262,30.380000,3.454996,-1.257660,0.711620,0.009217,-0.002409,6.404490,0.220064,0.120303,0.120303,0.000000,1.000000,1.000000,0.000000,,0,0,0,1,1,0,0.009978,-0.109374,0.7083,0.6620,0.2662,2,ok
0,263,30.480000,3.470613,-1.244072,0.723352,0.009282,0.009323,6.425191,0.205950,0.284651,0.270303,-0.014348,0.934606,0.934606,0.000000,C-06,0,0,0,1,1,0,0.010981,-0.116426,0.7708,0.6321,0.2640,2,ok
0,264,30.600000,3.490041,-1.226619,0.741125,0.009136,-0.001468,6.451578,0.220752,0.324858,0.324858,0.000000,1.000000,1.000000,0.000000,,0,0,0,1,1,0,0.008970,-0.129291,0.7708,0.6803,0.2651,2,ok
0,265,30.720000,3.509160,-1.208877,0.761829,0.009296,0.019236,6.477661,0.216941,0.370311,0.370311,0.000000,0.983629,0.983629,0.000000,,0,0,0,1,1,0,0.009192,-0.158199,0.8125,0.7009,0.2682,2,ok
0,266,30.820000,3.524979,-1.193626,0.772866,0.009297,0.001461,6.499941,0.220171,0.220963,0.220963,0.000000,1.000000,1.000000,0.000000,,0,0,0,1,1,0,0.008201,-0.038382,0.7500,0.7707,0.2700,2,ok
0,267,30.920000,3.540702,-1.178232,0.776778,0.009297,0.005373,6.521946,0.220036,0.059655,0.070963,0.011308,1.000000,1.000000,0.000000,C-06,0,0,0,1,1,0,0.009220,-0.042359,0.7083,0.7630,0.2688,2,ok
0,268,31.040000,3.558563,-1.160479,0.789032,0.009234,-0.012393,6.547350,0.209083,0.746326,0.220963,-0.525363,0.950555,0.950555,0.000000,C-06,0,0,0,1,1,0,0.008592,-0.100656,0.7083,0.7823,0.2663,2,ok
0,269,31.140000,3.572767,-1.145965,0.806277,0.009184,0.004852,6.567659,0.202394,0.732095,0.370963,-0.361132,0.921965,0.921965,0.000000,C-06,0,0,0,1,1,0,0.008889,-0.043854,0.7083,0.7808,0.2648,2,ok
0,270,31.260000,3.588893,-1.128863,0.826836,0.009564,0.025411,6.590094,0.194919,0.363711,0.363711,0.000000,0.890044,0.890044,0.000000,,0,0,0,1,1,0,0.009042,-0.141043,0.7083,0.7885,0.2698,2,ok
0,271,31.380000,3.605479,-1.110686,0.839205,0.009587,0.008348,6.616056,0.206779,-0.257828,0.213711,0.471539,0.941674,0.941674,0.000000,C-06,0,0,0,1,1,0,0.014658,0.048069,0.7083,0.7166,0.2610,2,ok
0,272,31.480000,3.619695,-1.094806,0.842618,0.009840,0.011761,6.637368,0.214081,-0.350326,0.063711,0.414037,0.973556,0.973556,0.000000,C-06,0,0,0,1,1,0,0.013950,-0.167279,0.7500,0.7313,0.2666,2,ok
0,273,31.600000,3.637109,-1.075105,0.853764,0.009637,-0.007288,6.663999,0.219802,0.268829,0.213711,-0.055118,1.000000,1.000000,0.000000,C-06,0,0,0,1,1,0,0.018764,-0.198830,0.8125,0.5972,0.2604,2,ok
0,274,31.720000,3.653787,-1.055622,0.872835,0.009634,0.011784,6.689646,0.213341,0.790989,0.363711,-0.427278,0.969432,0.969432,0.000000,C-06,0,0,0,1,1,0,0.014804,-0.069051,0.7917,0.6919,0.2633,2,ok
0,275,31.820000,3.667374,-1.039127,0.895593,0.009687,0.003040,6.711270,0.213954,1.000000,0.513711,-0.486289,0.969780,0.969780,0.000000,C-06,0,0,0,1,1,0,0.013112,-0.223001,0.7292,0.7560,0.2660,2,ok
0,276,31.920000,3.680932,-1.021885,0.915387,0.010022,0.022834,6.733202,0.220854,0.424608,0.424608,0.000000,1.000000,1.000000,0.000000,,0,0,0,1,1,0,0.029578,-0.225316,0.7292,0.2736,0.2443,2,ok
0,277,32.020000,3.694331,-1.004353,0.928664,0.010529,0.003773,6.755647,0.220701,-0.586965,0.274608,0.861573,1.000000,1.000000,0.000000,C-06,0,0,0,1,1,0,0.020790,-0.210948,0.7500,0.5882,0.2633,2,ok
0,278,32.140000,3.710132,-0.983149,0.936169,0.010650,0.011279,6.782091,0.220355,-0.510519,0.124608,0.635127,1.000000,1.000000,0.000000,C-06,0,0,0,1,1,0,0.019941,-0.137321,0.7083,0.6262,0.2646,2,ok
0,279,32.240000,3.723188,-0.965383,0.944112,0.010897,0.019221,6.804137,0.220542,0.172606,0.172606,0.000000,1.000000,1.000000,0.000000,,0,0,0,1,1,0,0.021098,-0.260809,0.7083,0.5688,0.2667,2,ok
0,280,32.340000,3.736002,-0.947672,0.946290,0.010688,-0.012081,6.826327,0.218450,0.036492,0.036492,0.000000,0.992422,0.992422,0.000000,,0,0,0,1,1,0,0.019512,-0.216471,0.6667,0.5680,0.2636,2,ok
0,281,32.460000,3.751353,-0.926194,0.956396,0.010533,-0.001974,6.852727,0.220589,0.580262,0.186492,-0.393769,1.000000,1.000000,0.000000,C-06,0,0,0,1,1,0,0.020735,-0.166521,0.7292,0.4837,0.2556,2,ok
0,282,32.560000,3.764032,-0.908124,0.971974,0.010079,-0.024208,6.875155,0.221387,0.869846,0.336492,-0.533354,1.000000,1.000000,0.000000,C-06,0,0,0,1,1,0,0.016826,-0.259646,0.7917,0.5035,0.2633,2,ok
0,283,32.680000,3.778981,-0.886120,0.999716,0.009642,0.003534,6.901753,0.222442,1.000000,0.486492,-0.513508,1.000000,1.000000,0.000000,C-06,0,0,0,1,1,0,0.014643,-0.319064,0.7708,0.5438,0.2653,2,ok
0,284,32.780000,3.791139,-0.867435,1.030770,0.009330,-0.004593,6.924426,0.223774,1.000000,0.636492,-0.363508,1.000000,1.000000,0.000000,C-06,0,0,0,1,1,0,0.013701,-0.301264,0.7292,0.5521,0.2637,2,ok
0,285,32.880000,3.802840,-0.848418,1.057132,0.009080,0.021769,6.946753,0.223372,0.512669,0.512669,0.000000,1.000000,1.000000,0.000000,,0,0,0,1,1,0,0.016801,-0.228849,0.7292,0.4594,0.2614,2,ok
0,286,33.000000,3.816167,-0.825277,1.080064,0.009375,0.003366,6.973906,0.222552,-1.000000,0.362669,1.362669,1.000000,1.000000,0.000000,C-06,0,0,0,1,1,0,0.016864,-0.149869,0.7500,0.4727,0.2643,2,ok
0,287,33.100000,3.826757,-0.805810,1.091757,0.009250,0.015059,6.996066,0.221532,-1.000000,0.212669,1.212669,1.000000,1.000000,0.000000,C-06,0,0,0,1,1,0,0.018139,-0.159478,0.7708,0.4428,0.2645,2,ok
0,288,33.200000,3.836970,-0.786265,1.095582,0.009494,0.018884,7.018118,0.220452,-0.600755,0.062669,0.663424,1.000000,1.000000,0.000000,C-06,0,0,0,1,1,0,0.016004,-0.202939,0.7083,0.4802,0.2678,2,ok
0,289,33.320000,3.848032,-0.764921,1.102200,0.009105,-0.015576,7.042568,0.198806,0.109675,0.109675,0.000000,0.853013,0.900000,0.046987,C-06,0,0,0,1,1,0,0.015688,-0.157042,0.7292,0.4262,0.2682,2,ok
0,290,33.420000,3.857143,-0.746091,1.115153,0.009072,-0.002623,7.063486,0.212879,0.667691,0.259675,-0.408016,0.973147,0.973147,0.000000,C-06,0,0,0,1,1,0,0.013088,-0.181568,0.7708,0.4320,0.2674,2,ok
0,291,33.520000,3.866311,-0.727401,1.136057,0.008773,-0.021123,7.084666,0.208169,0.738259,0.409675,-0.328584,0.937148,0.937148,0.000000,C-06,0,0,0,1,1,0,0.012168,-0.175952,0.7917,0.4407,0.2630,2,ok
0,292,33.640000,3.877293,-0.703536,1.171656,0.008162,0.014477,7.110930,0.222261,1.000000,0.559675,-0.440325,1.000000,1.000000,0.000000,C-06,0,0,0,1,1,0,0.013343,-0.165127,0.7708,0.4024,0.2677,2,ok
0,293,33.740000,3.886408,-0.683166,1.194915,0.007877,0.037736,7.133244,0.223486,-0.299177,0.409675,0.708852,1.000000,1.000000,0.000000,C-06,0,0,0,1,1,0,0.014608,-0.176599,0.7917,0.3939,0.2677,2,ok
0,294,33.840000,3.894939,-0.662640,1.210068,0.007525,0.015789,7.155730,0.222186,-0.440950,0.259675,0.700625,1.000000,1.000000,0.000000,C-06,0,0,0,1,1,0,0.014689,-0.142980,0.7917,0.4089,0.2671,2,ok
0,295,33.960000,3.904480,-0.637902,1.217832,0.007708,0.023553,7.182243,0.220907,-0.549908,0.109675,0.659583,1.000000,1.000000,0.000000,C-06,0,0,0,1,1,0,0.014876,-0.132270,0.7500,0.4062,0.2679,2,ok
0,296,34.060000,3.912170,-0.617247,1.220593,0.007646,-0.007327,7.204529,0.220362,0.044197,0.044197,0.000000,1.000000,1.000000,0.000000,,0,0,0,1,1,0,0.014399,-0.101730,0.7500,0.3993,0.2668,2,ok
0,297,34.180000,3.921258,-0.592396,1.233205,0.007456,0.005285,7.230989,0.220910,0.426783,0.194197,-0.232585,1.000000,1.000000,0.000000,C-06,0,0,0,1,1,0,0.014162,-0.107216,0.7083,0.3920,0.2662,2,ok
0,298,34.280000,3.928827,-0.571573,1.252188,0.006985,-0.006615,7.253404,0.222146,0.389088,0.344197,-0.044891,1.000000,1.000000,0.000000,C-06,0,0,0,1,1,0,0.014162,-0.107216,0.7083,0.3920,0.2662,2,ok
0,299,34.380000,3.935943,-0.551156,1.263907,0.006374,0.005104,7.275018,0.215857,-0.032428,0.194197,0.226626,0.973880,0.973880,0.000000,C-06,0,0,0,1,1,0,0.010394,-0.086408,0.7292,0.4278,0.2650,2,ok
0,300,34.500000,3.943838,-0.526597,1.267615,0.006182,-0.021111,7.300978,0.214915,-0.030484,0.044197,0.074682,0.975276,0.975276,0.000000,C-06,0,0,0,1,1,0,0.011405,-0.140932,0.7708,0.3965,0.2648,2,ok
0,301,34.600000,3.950351,-0.505646,1.270638,0.005731,-0.018089,7.322913,0.220013,0.052347,0.052347,0.000000,1.000000,1.000000,0.000000,,0,0,0,1,1,0,0.011397,-0.165710,0.8125,0.3660,0.2643,2,ok
0,302,34.700000,3.956850,-0.484700,1.281717,0.005293,-0.007009,7.344840,0.219507,0.847741,0.202347,-0.645394,0.994487,0.994487,0.000000,C-06,0,0,0,1,1,0,0.010613,-0.180135,0.8125,0.3623,0.2636,2,ok
0,303,34.820000,3.963908,-0.461713,1.305112,0.004391,-0.012000,7.369008,0.198574,1.000000,0.352347,-0.647653,0.845269,0.894487,0.049218,C-06,0,0,0,1,1,0,0.006032,-0.166419,0.7708,0.4444,0.2663,2,ok
0,304,34.920000,3.969430,-0.444067,1.333906,0.003472,0.016795,7.387476,0.183448,0.633436,0.502347,-0.131089,0.818745,0.818745,0.000000,C-06,0,0,0,1,1,0,0.007438,-0.158603,0.7292,0.4244,0.2686,2,ok
0,305,35.020000,3.974732,-0.424952,1.356161,0.003136,0.039050,7.404250,0.204363,-0.193593,0.352347,0.545941,1.000000,0.918745,-0.081255,C-06,0,0,0,1,1,0,0.007786,-0.130514,0.7500,0.4678,0.2723,2,ok
0,306,35.140000,3.980677,-0.399522,1.371873,0.002937,0.028977,7.433512,0.221191,-0.770189,0.202347,0.972537,1.000000,1.000000,0.000000,C-06,0,0,0,1,1,0,0.008235,0.003895,0.7292,0.4885,0.2703,2,ok
0,307,35.240000,3.985177,-0.377946,1.375794,0.003372,0.032898,7.455548,0.220340,-0.247377,0.052347,0.299725,1.000000,1.000000,0.000000,C-06,0,0,0,1,1,0,0.010350,-0.048081,0.7500,0.4556,0.2686,2,ok
0,308,35.340000,3.989590,-0.356341,1.387628,0.003418,0.019116,7.477681,0.220744,0.243482,0.202347,-0.041135,1.000000,1.000000,0.000000,C-06,0,0,0,1,1,0,0.009735,-0.015586,0.6667,0.4768,0.2733,2,ok
0,309,35.460000,3.994884,-0.330333,1.409634,0.003436,0.041123,7.504222,0.221549,0.294672,0.294672,0.000000,1.000000,1.000000,0.000000,,0,0,0,1,1,0,0.008638,-0.018084,0.6875,0.4997,0.2734,2,ok
0,310,35.560000,3.998835,-0.308600,1.419574,0.003543,0.026151,7.526393,0.220826,0.035669,0.144672,0.109003,1.000000,1.000000,0.000000,C-06,0,0,0,1,1,0,0.010739,-0.067193,0.8333,0.4852,0.2650,2,ok
0,311,35.680000,4.002840,-0.282499,1.419937,0.004228,0.026514,7.552791,0.219996,-0.058179,-0.005328,0.052851,1.000000,1.000000,0.000000,C-06,0,0,0,1,1,0,0.012827,-0.040574,0.7917,0.4471,0.2615,2,ok
0,312,35.780000,4.006146,-0.260736,1.428385,0.004542,0.011097,7.574913,0.220253,0.231966,0.144672,-0.087294,1.000000,1.000000,0.000000,C-06,0,0,0,1,1,0,0.007711,0.034897,0.7708,0.5839,0.2681,2,ok
0,313,35.880000,4.009453,-0.238950,1.434169,0.004590,0.016880,7.596949,0.220435,0.085377,0.085377,0.000000,1.000000,1.000000,0.000000,,0,0,0,1,1,0,0.009699,-0.083458,0.8125,0.5308,0.2663,2,ok
0,314,36.000000,4.013409,-0.212767,1.451667,0.004505,0.010246,7.623538,0.220892,0.343192,0.235377,-0.107814,1.000000,1.000000,0.000000,C-06,0,0,0,1,1,0,0.008995,-0.002243,0.7708,0.5524,0.2703,2,ok
0,315,36.100000,4.016292,-0.190915,1.457966,0.004458,0.016545,7.645580,0.220381,0.005070,0.085377,0.080307,1.000000,1.000000,0.000000,C-06,0,0,0,1,1,0,0.007901,-0.025571,0.7083,0.6034,0.2684,2,ok
0,316,36.200000,4.019080,-0.169038,1.472710,0.004508,0.031289,7.667633,0.220692,0.466986,0.235377,-0.231609,1.000000,1.000000,0.000000,C-06,0,0,0,1,1,0,0.008995,0.013120,0.7500,0.5928,0.2685,2,ok
0,317,36.320000,4.022426,-0.142732,1.502672,0.004009,0.036550,7.694250,0.221232,0.586859,0.385377,-0.201481,1.000000,1.000000,0.000000,C-06,0,0,0,1,1,0,0.013333,-0.077522,0.6875,0.5102,0.2639,2,ok
0,318,36.420000,4.024701,-0.120771,1.519444,0.004073,0.053322,7.716328,0.220695,0.032860,0.235377,0.202517,1.000000,1.000000,0.000000,C-06,0,0,0,1,1,0,0.012997,0.024835,0.7708,0.5632,0.2660,2,ok
0,319,36.520000,4.026131,-0.098796,1.525830,0.004575,0.035538,7.738452,0.220183,-0.198207,0.085377,0.283584,1.000000,1.000000,0.000000,C-06,0,0,0,1,1,0,0.012483,-0.049965,0.8125,0.6094,0.2687,2,ok
0,320,36.640000,4.027331,-0.072425,1.521296,0.005507,0.031005,7.764834,0.219952,-0.081987,-0.064623,0.017364,1.000000,1.000000,0.000000,C-06,0,0,0,1,1,0,0.014895,-0.004731,0.7708,0.5619,0.2632,2,ok
0,321,36.740000,4.028313,-0.050454,1.518518,0.006010,0.002791,7.786974,0.219924,-0.038812,-0.038812,0.000000,1.000000,1.000000,0.000000,,0,0,0,1,1,0,0.012669,-0.094999,0.8125,0.6057,0.2684,2,ok
0,322,36.840000,4.029438,-0.028481,1.525163,0.006087,0.009436,7.808975,0.220061,0.596011,0.111188,-0.484822,1.000000,1.000000,0.000000,C-06,0,0,0,1,1,0,0.013493,-0.054090,0.7708,0.5557,0.2648,2,ok
0,323,36.960000,4.030803,-0.002098,1.545785,0.006015,0.004004,7.835531,0.220219,0.552790,0.261188,-0.291601,1.000000,1.000000,0.000000,C-06,0,0,0,1,1,0,0.013493,-0.054090,0.7708,0.5557,0.2648,2,ok
0,324,37.060000,4.031939,0.019900,1.571369,0.005581,0.029588,7.857554,0.220293,0.372703,0.372703,0.000000,1.000000,1.000000,0.000000,,0,0,0,1,1,0,0.012138,-0.099047,0.7292,0.6021,0.2700,2,ok
0,325,37.180000,4.032798,0.046298,1.590930,0.005566,0.049149,7.882045,0.220017,-0.012214,0.222703,0.234917,1.000000,1.000000,0.000000,C-06,0,0,0,1,1,0,0.011711,0.045863,0.7083,0.6451,0.2713,2,ok
0,326,37.280000,4.032675,0.068291,1.597648,0.005670,0.028281,7.906126,0.219934,0.086648,0.086648,0.000000,1.000000,1.000000,0.000000,,0,0,0,1,1,0,0.008235,0.101813,0.7292,0.7073,0.2760,2,ok
0,327,37.380000,4.032101,0.090284,1.594036,0.006286,0.024668,7.928118,0.220021,-0.296753,-0.063352,0.233401,1.000000,1.000000,0.000000,C-06,0,0,0,1,1,0,0.012825,-0.123334,0.7500,0.6276,0.2654,2,ok
0,328,37.500000,4.031489,0.116675,1.600318,0.006450,0.001289,7.954682,0.219964,0.489733,0.086648,-0.403085,1.000000,1.000000,0.000000,C-06,0,0,0,1,1,0,0.010659,-0.032948,0.7917,0.6440,0.2647,2,ok
0,329,37.600000,4.030985,0.138660,1.615613,0.006421,0.016584,7.976673,0.219845,0.466527,0.236648,-0.229879,1.000000,1.000000,0.000000,C-06,0,0,0,1,1,0,0.008139,-0.126465,0.8125,0.7008,0.2690,2,ok
0,330,37.700000,4.030482,0.160624,1.641024,0.006081,0.009145,7.998848,0.219537,0.774296,0.386648,-0.387648,1.000000,1.000000,0.000000,C-06,0,0,0,1,1,0,0.006730,0.001259,0.7708,0.7179,0.2689,2,ok
0,331,37.820000,4.029896,0.185777,1.682478,0.005229,0.050600,8.023993,0.208053,1.000000,0.536648,-0.463352,0.951160,0.951160,0.000000,C-06,0,0,0,1,1,0,0.007932,-0.083874,0.7917,0.6991,0.2689,2,ok
0,332,37.920000,4.028624,0.207425,1.708449,0.005263,0.076570,8.043550,0.218545,0.258219,0.386648,0.128429,1.000000,1.000000,0.000000,C-06,0,0,0,1,1,0,0.006889,0.069387,0.7708,0.7869,0.2756,2,ok
0,333,38.020000,4.026311,0.229191,1.724503,0.005450,0.059157,8.067756,0.218889,-0.876312,0.236648,1.112960,1.000000,1.000000,0.000000,C-06,0,0,0,1,1,0,0.008401,0.044187,0.7917,0.8136,0.2746,2,ok
0,334,38.140000,4.022569,0.255263,1.731919,0.006737,0.066573,8.094064,0.219539,-0.749417,0.086648,0.836065,1.000000,1.000000,0.000000,C-06,0,0,0,1,1,0,0.009297,0.147796,0.7292,0.8267,0.2735,2,ok
0,335,38.240000,4.019056,0.276982,1.728689,0.007505,0.028703,8.116320,0.220117,-0.210357,-0.063352,0.147004,1.000000,1.000000,0.000000,C-06,0,0,0,1,1,0,0.007557,0.124672,0.6875,0.8483,0.2748,2,ok
0,336,38.340000,4.015597,0.298701,1.733661,0.008068,0.033675,8.138305,0.219831,0.453513,0.086648,-0.366865,1.000000,1.000000,0.000000,C-06,0,0,0,1,1,0,0.006290,0.212946,0.7292,0.8783,0.2774,2,ok
0,337,38.460000,4.011451,0.324716,1.750780,0.008344,0.016110,8.164923,0.219218,0.549671,0.236648,-0.313023,1.000000,1.000000,0.000000,C-06,0,0,0,1,1,0,0.007711,-0.049553,0.8125,0.8947,0.2690,2,ok
0,338,38.560000,4.007996,0.346315,1.774003,0.008195,0.039333,8.186796,0.218283,0.471958,0.386648,-0.085310,1.000000,1.000000,0.000000,C-06,0,0,0,1,1,0,0.007956,0.006047,0.8333,0.9130,0.2712,2,ok
0,339,38.680000,4.003351,0.372120,1.792302,0.008320,0.024408,8.213283,0.218493,-0.009717,0.236648,0.246365,1.000000,1.000000,0.000000,C-06,0,0,0,1,1,0,0.006324,0.176809,0.8125,0.9995,0.2750,2,ok
0,340,38.780000,3.998753,0.393566,1.798265,0.008623,0.030371,8.235215,0.219410,-0.033856,0.086648,0.120503,1.000000,1.000000,0.000000,C-06,0,0,0,1,1,0,0.010538,0.019862,0.7917,0.9171,0.2674,2,ok
0,341,38.880000,3.994053,0.414734,1.811729,0.009080,0.043835,8.256892,0.216179,0.469069,0.236648,-0.232421,0.987470,0.987470,0.000000,C-06,0,0,0,1,1,0,0.009870,-0.078475,0.7708,0.9605,0.2679,2,ok
0,342,39.000000,3.988379,0.440279,1.831826,0.008889,0.031018,8.283362,0.218034,0.281460,0.281460,0.000000,1.000000,1.000000,0.000000,,0,0,0,1,1,0,0.009236,-0.070923,0.7500,0.9972,0.2694,2,ok
0,343,39.100000,3.983198,0.461496,1.845029,0.009085,0.044221,8.305201,0.218408,0.218357,0.218357,0.000000,1.000000,1.000000,0.000000,,0,0,0,1,1,0,0.007506,0.072171,0.7500,1.0706,0.2719,2,ok
0,344,39.200000,3.977410,0.482658,1.849805,0.009513,0.015320,8.327409,0.219480,0.029139,0.068357,0.039218,1.000000,1.000000,0.000000,C-06,0,0,0,1,1,0,0.007820,-0.010075,0.7500,1.0778,0.2683,2,ok
0,345,39.320000,3.970151,0.508052,1.845021,0.010006,0.010536,8.353815,0.220266,-0.076306,-0.076306,0.000000,1.000000,1.000000,0.000000,,0,0,0,1,1,0,0.006539,0.120670,0.7292,1.1226,0.2753,2,ok
0,346,39.420000,3.964271,0.528937,1.848784,0.010064,-0.021376,8.375889,0.216590,0.169045,0.073694,-0.095351,0.985430,0.985430,0.000000,C-06,0,0,0,1,1,0,-0.000174,0.058589,0.8750,1.2942,0.2801,2,ok
0,347,39.520000,3.958472,0.549045,1.860857,0.009727,-0.009303,8.396814,0.207915,0.372846,0.223694,-0.149152,0.947015,0.947015,0.000000,C-06,0,0,0,1,1,0,-0.000805,0.032234,0.8333,1.3159,0.2791,2,ok
0,348,39.640000,3.951540,0.571800,1.885864,0.009699,0.015704,8.420601,0.196566,0.969716,0.373694,-0.596022,0.897904,0.897904,0.000000,C-06,0,0,0,1,1,0,0.004248,-0.232560,0.8125,1.1864,0.2674,2,ok
0,349,39.740000,3.945699,0.591747,1.912854,0.008778,0.005270,8.441721,0.211319,0.480821,0.480821,0.000000,0.976996,0.976996,0.000000,,0,0,0,1,1,0,0.001771,0.193987,0.7708,1.2895,0.2794,2,ok
0,350,39.840000,3.939372,0.612281,1.947533,0.008027,0.039948,8.463194,0.215267,0.875414,0.630821,-0.244593,1.000000,1.000000,0.000000,C-06,0,0,0,1,1,0,0.001658,0.171181,0.7917,1.2940,0.2806,2,ok
0,351,39.960000,3.930502,0.636665,1.980039,0.007956,0.031840,8.489482,0.216347,0.132193,0.480821,0.348628,1.000000,1.000000,0.000000,C-06,0,0,0,1,1,0,0.007143,-0.157413,0.7500,1.1970,0.2730,2,ok
0,352,40.060000,3.922225,0.656764,1.998592,0.008280,0.050393,8.511216,0.217488,-0.551378,0.330821,0.882199,1.000000,1.000000,0.000000,C-06,0,0,0,1,1,0,0.007015,0.042011,0.7917,1.2239,0.2718,2,ok
0,353,40.180000,3.911541,0.680715,2.010821,0.009250,0.019851,8.537808,0.218630,-0.874991,0.180821,1.055812,1.000000,1.000000,0.000000,C-06,0,0,0,1,1,0,0.010051,-0.068268,0.7500,1.1862,0.2667,2,ok
0,354,40.280000,3.902431,0.700154,2.012953,0.009692,0.021983,8.559272,0.214426,-0.259094,0.030821,0.289915,0.975732,0.975732,0.000000,C-06,0,0,0,1,1,0,0.006705,-0.026294,0.7500,1.2491,0.2708,2,ok
0,355,40.380000,3.893210,0.719940,2.021941,0.010093,0.030972,8.581097,0.218653,0.303847,0.180821,-0.123026,1.000000,1.000000,0.000000,C-06,0,0,0,1,1,0,0.008234,0.037496,0.7500,1.2191,0.2703,2,ok
0,356,40.500000,3.881925,0.743584,2.042241,0.009973,0.005757,8.607756,0.217648,0.446407,0.330821,-0.115586,1.000000,1.000000,0.000000,C-06,0,0,0,1,1,0,0.007918,0.174070,0.8333,1.2221,0.2684,2,ok
0,357,40.600000,3.872298,0.763065,2.066537,0.009888,0.030053,8.629485,0.216792,0.572864,0.480821,-0.092043,1.000000,1.000000,0.000000,C-06,0,0,0,1,1,0,0.006786,-0.180315,0.8333,1.2418,0.2626,2,ok
0,358,40.700000,3.862450,0.781826,2.092301,0.010021,0.008363,8.651157,0.211075,0.507514,0.507514,0.000000,0.973669,0.973669,0.000000,,0,0,0,1,1,0,0.009753,0.027053,0.8125,1.1741,0.2604,2,ok
0,359,40.820000,3.849709,0.804442,2.124471,0.010081,0.040533,8.677115,0.217092,0.535941,0.535941,0.000000,1.000000,1.000000,0.000000,,0,0,0,1,1,0,0.011684,0.018207,0.8125,1.1446,0.2613,2,ok
0,360,40.920000,3.838344,0.823041,2.143914,0.010904,0.059976,8.698896,0.218105,0.108053,0.385941,0.277889,1.000000,1.000000,0.000000,C-06,0,0,0,1,1,0,0.013504,-0.243784,0.7708,1.1335,0.2593,2,ok
0,361,41.020000,3.826515,0.841450,2.156034,0.011191,0.022279,8.721331,0.218925,-0.231229,0.235941,0.467170,1.000000,1.000000,0.000000,C-06,0,0,0,1,1,0,0.018777,-0.230289,0.7917,1.0145,0.2573,2,ok
0,362,41.140000,3.811959,0.863413,2.161553,0.011821,0.027798,8.747673,0.219623,0.051037,0.085941,0.034904,1.000000,1.000000,0.000000,C-06,0,0,0,1,1,0,0.017922,-0.102721,0.7500,1.0308,0.2613,2,ok
0,363,41.240000,3.799910,0.881335,2.167451,0.011828,-0.018392,8.769886,0.215361,0.125706,0.125706,0.000000,0.981097,0.981097,0.000000,,0,0,0,1,1,0,0.024812,-0.210088,0.7292,0.8778,0.2501,2,ok
0,364,41.340000,3.788748,0.897719,2.179944,0.011531,-0.005900,8.789708,0.195883,0.385024,0.275706,-0.109318,0.894940,0.894940,0.000000,C-06,0,0,0,1,1,0,0.018438,-0.144758,0.7292,0.9552,0.2582,2,ok
0,365,41.460000,3.775641,0.916317,2.203067,0.011551,0.017224,8.812461,0.188691,0.416859,0.416859,0.000000,0.863311,0.863311,0.000000,,0,0,0,1,1,0,0.018585,-0.320000,0.8125,0.8927,0.2537,2,ok
0,366,41.560000,3.764911,0.930797,2.228822,0.011067,-0.010715,8.831097,0.179089,0.752135,0.566859,-0.185276,0.819167,0.819167,0.000000,C-06,0,0,0,1,1,0,0.017263,-0.276420,0.8125,0.8673,0.2573,2,ok
0,367,41.680000,3.751791,0.947392,2.257025,0.011114,0.017488,8.852252,0.176068,0.510061,0.510061,0.000000,0.802167,0.802167,0.000000,,0,0,0,1,1,0,0.019111,-0.320000,0.8125,0.8111,0.2584,2,ok
0,368,41.780000,3.739449,0.962229,2.273513,0.011636,0.033976,8.870240,0.198461,0.282913,0.360061,0.077148,0.971797,0.902167,-0.069631,C-06,0,0,0,1,1,0,0.019329,-0.223521,0.7917,0.7761,0.2620,2,ok
0,369,41.880000,3.725519,0.978507,2.283436,0.011212,-0.011051,8.893622,0.220123,0.150890,0.210061,0.059170,1.000000,1.000000,0.000000,C-06,0,0,0,1,1,0,0.019329,-0.223521,0.7917,0.7761,0.2620,2,ok
0,370,42.000000,3.708369,0.998057,2.302575,0.011129,0.008088,8.919628,0.216643,0.405265,0.360061,-0.045204,0.981880,0.981880,0.000000,C-06,0,0,0,1,1,0,0.018157,-0.320000,0.7917,0.7360,0.2606,2,ok
0,371,42.100000,3.694123,1.013713,2.325891,0.010670,-0.024978,8.941412,0.211187,0.728023,0.510061,-0.217963,0.955528,0.955528,0.000000,C-06,0,0,0,1,1,0,0.015936,-0.302110,0.7708,0.7331,0.2667,2,ok
0,372,42.200000,3.679958,1.028401,2.356842,0.010426,0.005973,8.961816,0.202896,0.736902,0.660061,-0.076842,0.922061,0.922061,0.000000,C-06,0,0,0,1,1,0,0.017891,-0.320000,0.7917,0.6214,0.2638,2,ok
0,373,42.320000,3.661346,1.046409,2.395187,0.010800,-0.012359,8.988328,0.218491,0.672181,0.672181,0.000000,1.000000,1.000000,0.000000,,0,0,0,1,1,0,0.016733,-0.221596,0.7292,0.6166,0.2670,2,ok
0,374,42.420000,3.645143,1.061144,2.419845,0.010727,0.012299,9.010229,0.219337,0.304369,0.522181,0.217812,1.000000,1.000000,0.000000,C-06,0,0,0,1,1,0,0.018416,-0.305881,0.7500,0.5549,0.2657,2,ok
0,375,42.520000,3.628535,1.075534,2.437082,0.011181,0.029537,9.032199,0.219939,-0.019074,0.372181,0.391256,1.000000,1.000000,0.000000,C-06,0,0,0,1,1,0,0.018305,-0.307727,0.8125,0.5514,0.2647,2,ok
0,376,42.640000,3.608311,1.092512,2.449528,0.011107,-0.014528,9.059271,0.220103,-0.271446,0.222181,0.493627,1.000000,1.000000,0.000000,C-06,0,0,0,1,1,0,0.014797,-0.317383,0.7917,0.5835,0.2657,2,ok
0,377,42.740000,3.591337,1.106517,2.454269,0.010799,-0.009787,9.081275,0.220065,0.094682,0.094682,0.000000,1.000000,1.000000,0.000000,,0,0,0,1,1,0,0.014797,-0.317383,0.7917,0.5835,0.2657,2,ok
0,378,42.840000,3.575724,1.119228,2.464829,0.010462,-0.054835,9.101990,0.199638,0.466599,0.244682,-0.221918,0.906188,0.906188,0.000000,C-06,0,0,0,1,1,0,0.011987,-0.310171,0.8333,0.5242,0.2637,2,ok
0,379,42.960000,3.555393,1.135203,2.486080,0.009290,-0.033584,9.127820,0.220754,0.983822,0.394682,-0.589141,1.000000,1.000000,0.000000,C-06,0,0,0,1,1,0,0.010290,-0.320000,0.7500,0.5072,0.2651,2,ok
0,380,43.060000,3.538674,1.147934,2.511085,0.008656,-0.008579,9.148825,0.209764,0.684751,0.544682,-0.140069,0.946093,0.946093,0.000000,C-06,0,0,0,1,1,0,0.009370,-0.320000,0.7708,0.4638,0.2635,2,ok
0,381,43.180000,3.517312,1.163068,2.535680,0.007654,-0.035876,9.175462,0.220479,0.426359,0.426359,0.000000,1.000000,1.000000,0.000000,,0,0,0,1,1,0,0.008758,-0.275841,0.7917,0.4421,0.2626,2,ok
0,382,43.280000,3.499073,1.175655,2.561577,0.006789,-0.009979,9.197605,0.222585,0.545186,0.545186,0.000000,1.000000,1.000000,0.000000,,0,0,0,1,1,0,0.008940,-0.224994,0.7708,0.4314,0.2616,2,ok
0,383,43.380000,3.480550,1.187904,2.581528,0.005941,-0.035789,9.220123,0.222111,0.151479,0.395186,0.243707,1.000000,1.000000,0.000000,C-06,0,0,0,1,1,0,0.006406,-0.154326,0.7292,0.4436,0.2678,2,ok
0,384,43.500000,3.458076,1.202076,2.596691,0.004639,-0.020626,9.246661,0.221409,-0.304631,0.245186,0.549817,1.000000,1.000000,0.000000,C-06,0,0,0,1,1,0,0.005580,-0.179675,0.7708,0.4527,0.2666,2,ok
0,385,43.600000,3.439228,1.213545,2.602061,0.003909,-0.015256,9.267390,0.220558,-0.302001,0.095186,0.397187,1.000000,1.000000,0.000000,C-06,0,0,0,1,1,0,0.004231,-0.176693,0.7708,0.4617,0.2682,2,ok
0,386,43.700000,3.420320,1.224928,2.608247,0.002384,-0.050500,9.290883,0.220755,0.125301,0.125301,0.000000,1.000000,1.000000,0.000000,,0,0,0,1,1,0,0.004492,-0.202158,0.7917,0.3884,0.2642,2,ok
0,387,43.820000,3.397816,1.238288,2.619221,0.000800,-0.039526,9.317005,0.218062,0.184847,0.184847,0.000000,0.985893,0.985893,0.000000,,0,0,0,1,1,0,0.002787,-0.233631,0.7917,0.3900,0.2658,2,ok
0,388,43.920000,3.380641,1.248194,2.635394,-0.000578,-0.058772,9.336799,0.196486,0.537991,0.334847,-0.203144,0.828705,0.885893,0.057188,C-06,0,0,0,1,1,0,-0.002172,-0.218430,0.8333,0.4210,0.2644,2,ok
0,389,44.020000,3.362670,1.257897,2.659768,-0.001559,-0.034398,9.357199,0.206682,0.523405,0.484847,-0.038558,0.936978,0.936978,0.000000,C-06,0,0,0,1,1,0,-0.003977,-0.201441,0.7917,0.4268,0.2652,2,ok
0,390,44.140000,3.339396,1.269510,2.681486,-0.002227,-0.042580,9.383136,0.219494,0.319582,0.334847,0.015265,1.000000,1.000000,0.000000,C-06,0,0,0,1,1,0,-0.004687,-0.139483,0.7500,0.4348,0.2661,2,ok
0,391,44.240000,3.319631,1.279184,2.691848,-0.003144,-0.032218,9.405121,0.220433,0.027939,0.184847,0.156908,1.000000,1.000000,0.000000,C-06,0,0,0,1,1,0,-0.002448,-0.139005,0.7292,0.4027,0.2698,2,ok
0,392,44.340000,3.299805,1.288784,2.694262,-0.003969,-0.029804,9.427134,0.220265,-0.232465,0.034847,0.267312,1.000000,1.000000,0.000000,C-06,0,0,0,1,1,0,-0.005517,-0.103328,0.7500,0.4404,0.2688,2,ok
0,393,44.460000,3.276031,1.300205,2.688893,-0.005501,-0.062878,9.453361,0.219549,-0.091974,-0.091974,0.000000,1.000000,1.000000,0.000000,,0,0,0,1,1,0,-0.002772,-0.142517,0.7083,0.3806,0.2656,2,ok
0,394,44.560000,3.256549,1.309674,2.691390,-0.006899,-0.060381,9.474977,0.216474,0.212461,0.058026,-0.154434,0.982944,0.982944,0.000000,C-06,0,0,0,1,1,0,-0.008288,-0.220326,0.8125,0.3942,0.2689,2,ok
0,395,44.680000,3.232907,1.320988,2.704050,-0.008881,-0.073736,9.500936,0.219067,0.898939,0.208026,-0.690912,0.992626,0.992626,0.000000,C-06,0,0,0,1,1,0,-0.011587,-0.202434,0.7708,0.4007,0.2703,2,ok
0,396,44.780000,3.214421,1.329752,2.722249,-0.010488,-0.055537,9.521330,0.203279,0.899611,0.358026,-0.541585,0.914779,0.914779,0.000000,C-06,0,0,0,1,1,0,-0.013642,-0.194813,0.7500,0.4092,0.2706,2,ok
0,397,44.880000,3.194635,1.338415,2.749258,-0.011743,-0.053005,9.542586,0.220822,0.637057,0.508026,-0.129031,1.000000,1.000000,0.000000,C-06,0,0,0,1,1,0,-0.014251,-0.211176,0.7292,0.3955,0.2660,2,ok
0,398,45.000000,3.170530,1.348808,2.785975,-0.013590,-0.016288,9.568771,0.219691,0.552830,0.552830,0.000000,0.979582,0.979582,0.000000,,0,0,0,1,1,0,-0.012174,-0.170140,0.7500,0.3397,0.2635,2,ok
0,399,45.100000,3.150084,1.357120,2.809598,-0.014681,0.007334,9.588202,0.220814,0.218543,0.402830,0.184287,0.987940,0.987940,0.000000,C-06,0,0,0,1,1,0,-0.012174,-0.170140,0.7500,0.3397,0.2635,2,ok
0,400,45.200000,3.129990,1.364541,2.824709,-0.015518,-0.000508,9.611932,0.213719,0.138922,0.252830,0.113908,0.961808,0.961808,0.000000,C-06,0,0,0,1,1,0,-0.010637,-0.112203,0.7708,0.3511,0.2640,2,ok
0,401,45.320000,3.105001,1.372819,2.832655,-0.015595,0.007438,9.638256,0.220534,0.019303,0.102830,0.083527,1.000000,1.000000,0.000000,C-06,0,0,0,1,1,0,-0.009807,-0.084572,0.7292,0.3323,0.2661,2,ok
0,402,45.420000,3.084043,1.379512,2.832173,-0.015912,-0.015749,9.659850,0.219956,-0.014245,-0.014245,0.000000,1.000000,1.000000,0.000000,,0,0,0,1,1,0,-0.010393,-0.081704,0.7292,0.3363,0.2655,2,ok
0,403,45.520000,3.063067,1.386211,2.839289,-0.016309,-0.008634,9.681867,0.220426,0.230011,0.135755,-0.094257,1.000000,1.000000,0.000000,C-06,0,0,0,1,1,0,-0.010832,-0.100536,0.7708,0.3251,0.2680,2,ok
0,404,45.640000,3.037794,1.394252,2.858529,-0.017018,-0.009768,9.708080,0.221563,0.480710,0.285755,-0.194955,1.000000,1.000000,0.000000,C-06,0,0,0,1,1,0,-0.012583,-0.116493,0.8542,0.3293,0.2659,2,ok
0,405,45.740000,3.016598,1.400952,2.883554,-0.017754,0.015256,9.730298,0.222943,0.685424,0.435755,-0.249669,1.000000,1.000000,0.000000,C-06,0,0,0,1,1,0,-0.012383,-0.130069,0.8333,0.3247,0.2670,2,ok
0,406,45.840000,2.995236,1.407653,2.918218,-0.018582,0.028692,9.752257,0.224662,0.603482,0.585755,-0.017727,1.000000,1.000000,0.000000,C-06,0,0,0,1,1,0,-0.011337,-0.098599,0.8125,0.3232,0.2673,2,ok
0,407,45.960000,2.969399,1.414795,2.951340,-0.019096,0.061815,9.779058,0.223189,-0.172082,0.435755,0.607837,1.000000,1.000000,0.000000,C-06,0,0,0,1,1,0,-0.009622,-0.051144,0.8125,0.3269,0.2663,2,ok
0,408,46.060000,2.947758,1.419749,2.970047,-0.018530,0.080522,9.798841,0.221878,-0.127644,0.285755,0.413398,1.000000,1.000000,0.000000,C-06,0,0,0,1,1,0,-0.005618,-0.002675,0.8125,0.3067,0.2663,2,ok
0,409,46.180000,2.921719,1.424707,2.981176,-0.017329,0.071862,9.827438,0.220803,-0.379493,0.135755,0.515248,1.000000,1.000000,0.000000,C-06,0,0,0,1,1,0,-0.003679,0.011392,0.7708,0.3053,0.2639,2,ok
0,410,46.280000,2.900002,1.428248,2.980755,-0.015721,0.071442,9.849384,0.219994,-0.121842,-0.014245,0.107597,1.000000,1.000000,0.000000,C-06,0,0,0,1,1,0,-0.003679,0.011392,0.7708,0.3053,0.2639,2,ok
0,411,46.380000,2.878301,1.431767,2.971175,-0.014571,0.042223,9.870963,0.219671,-0.371474,-0.164245,0.207229,1.000000,1.000000,0.000000,C-06,0,0,0,1,1,0,-0.002028,0.022763,0.6667,0.3143,0.2660,2,ok
0,412,46.500000,2.852293,1.436143,2.967837,-0.013406,0.038885,9.897312,0.219796,-0.035329,-0.035329,0.000000,1.000000,1.000000,0.000000,,0,0,0,1,1,0,-0.001900,-0.007330,0.7708,0.3019,0.2640,2,ok
0,413,46.600000,2.830616,1.439940,2.972929,-0.012870,0.025391,9.919066,0.220183,0.091812,0.091812,0.000000,1.000000,1.000000,0.000000,,0,0,0,1,1,0,-0.002604,-0.017742,0.7500,0.3077,0.2638,2,ok
0,414,46.700000,2.808904,1.443747,2.987281,-0.012461,0.039742,9.941105,0.220666,0.347404,0.241812,-0.105592,1.000000,1.000000,0.000000,C-06,0,0,0,1,1,0,-0.003295,-0.036281,0.8125,0.3090,0.2641,2,ok
0,415,46.820000,2.782764,1.448316,3.016668,-0.012149,0.049792,9.967428,0.221543,0.515321,0.391812,-0.123509,1.000000,1.000000,0.000000,C-06,0,0,0,1,1,0,-0.003416,-0.033943,0.8125,0.3307,0.2678,2,ok
0,416,46.920000,2.760913,1.451783,3.033335,-0.011760,0.066459,9.989549,0.221166,0.024291,0.241812,0.217522,1.000000,1.000000,0.000000,C-06,0,0,0,1,1,0,-0.002345,0.045275,0.7708,0.3807,0.2691,2,ok
0,417,47.020000,2.739033,1.454465,3.040105,-0.010594,0.073229,10.008505,0.220379,-0.268758,0.091812,0.360570,1.000000,1.000000,0.000000,C-06,0,0,0,1,1,0,0.000672,0.035272,0.7708,0.3495,0.2660,2,ok
0,418,47.140000,2.712761,1.457360,3.044370,-0.009382,0.059108,10.037780,0.219981,-0.358182,-0.058188,0.299994,1.000000,1.000000,0.000000,C-06,0,0,0,1,1,0,0.002484,0.027172,0.7708,0.3251,0.2650,2,ok
0,419,47.240000,2.690878,1.459471,3.031307,-0.008032,0.046044,10.059722,0.219698,-0.408413,-0.208188,0.200225,1.000000,1.000000,0.000000,C-06,0,0,0,1,1,0,0.003145,0.025464,0.6875,0.3297,0.2663,2,ok
0,420,47.340000,2.669018,1.461725,3.026686,-0.007234,0.023688,10.081528,0.219764,0.646902,-0.058188,-0.705089,1.000000,1.000000,0.000000,C-06,0,0,0,1,1,0,-0.001456,0.056959,0.7083,0.4126,0.2721,2,ok
0,421,47.460000,2.642784,1.464741,3.033046,-0.006609,0.030048,10.107927,0.220153,0.755511,0.091812,-0.663699,1.000000,1.000000,0.000000,C-06,0,0,0,1,1,0,-0.000916,0.015542,0.7917,0.3806,0.2704,2,ok
0,422,47.560000,2.620898,1.467269,3.048160,-0.006424,0.026684,10.129833,0.220476,0.625092,0.241812,-0.383279,1.000000,1.000000,0.000000,C-06,0,0,0,1,1,0,-0.000916,0.015542,0.7917,0.3806,0.2704,2,ok
0,423,47.680000,2.594603,1.470051,3.056223,-0.006067,0.034747,10.156273,0.220331,-0.234726,0.091812,0.326538,1.000000,1.000000,0.000000,C-06,0,0,0,1,1,0,-0.000609,0.000459,0.8125,0.4249,0.2703,2,ok
0,424,47.780000,2.572811,1.471932,3.053093,-0.005547,0.013922,10.178050,0.218543,-0.129852,-0.058188,0.071664,0.993663,0.993663,0.000000,C-06,0,0,0,1,1,0,0.001414,0.015024,0.7708,0.3825,0.2710,2,ok
0,425,47.880000,2.550910,1.473808,3.051378,-0.005150,0.012207,10.200028,0.219922,-0.023279,-0.023279,0.000000,1.000000,1.000000,0.000000,,0,0,0,1,1,0,0.000528,0.003958,0.7708,0.3795,0.2706,2,ok
0,426,48.000000,2.524607,1.476166,3.060677,-0.004963,0.003837,10.226331,0.220155,0.161936,0.126721,-0.035215,1.000000,1.000000,0.000000,C-06,0,0,0,1,1,0,-0.005225,0.032050,0.7917,0.5132,0.2707,2,ok
0,427,48.100000,2.502678,1.477997,3.062287,-0.004981,0.005447,10.248337,0.220055,0.017392,0.017392,0.000000,1.000000,1.000000,0.000000,,0,0,0,1,1,0,-0.005100,0.026200,0.7708,0.5001,0.2695,2,ok
0,428,48.200000,2.480739,1.479806,3.072552,-0.004976,0.015712,10.269777,0.220210,0.273979,0.167392,-0.106587,1.000000,1.000000,0.000000,C-06,0,0,0,1,1,0,-0.002176,-0.022796,0.7083,0.4304,0.2675,2,ok
0,429,48.320000,2.454383,1.481977,3.097482,-0.005328,0.023386,10.296726,0.220517,0.342917,0.317392,-0.025524,1.000000,1.000000,0.000000,C-06,0,0,0,1,1,0,-0.011225,0.076453,0.7083,0.6144,0.2772,2,ok
0,430,48.420000,2.432933,1.483793,3.122298,-0.005659,0.048202,10.318250,0.214810,0.363118,0.363118,0.000000,0.973117,0.973117,0.000000,,0,0,0,1,1,0,-0.003319,0.071733,0.7917,0.5239,0.2693,2,ok
0,431,48.520000,2.411006,1.484973,3.138054,-0.005674,0.046334,10.340100,0.220224,-0.150727,0.213118,0.363845,1.000000,1.000000,0.000000,C-06,0,0,0,1,1,0,-0.003450,0.081690,0.8125,0.5704,0.2653,2,ok
0,432,48.640000,2.384606,1.485343,-3.139018,-0.004731,0.052447,10.366486,0.220010,-0.168457,0.063118,0.231575,1.000000,1.000000,0.000000,C-06,0,0,0,1,1,0,-0.001791,0.086782,0.8125,0.5562,0.2643,2,ok
0,433,48.740000,2.362606,1.485307,3.138882,-0.003845,0.030279,10.388393,0.220000,-0.180564,-0.086882,0.093682,1.000000,1.000000,0.000000,C-06,0,0,0,1,1,0,-0.000097,0.103775,0.7917,0.5884,0.2674,2,ok
0,434,48.840000,2.340606,1.485367,-3.140759,-0.003188,0.033823,10.410383,0.220001,0.086736,0.063118,-0.023618,1.000000,1.000000,0.000000,C-06,0,0,0,1,1,0,0.000539,0.064620,0.7708,0.5742,0.2658,2,ok
0,435,48.960000,2.314206,1.485451,-3.135151,-0.002592,0.021769,10.436728,0.219997,0.066366,0.066366,0.000000,1.000000,1.000000,0.000000,,0,0,0,1,1,0,0.000539,0.064620,0.7708,0.5742,0.2658,2,ok
0,436,49.060000,2.292208,1.485522,-3.120930,-0.002324,0.035989,10.458725,0.219958,0.428537,0.216366,-0.212172,1.000000,1.000000,0.000000,C-06,0,0,0,1,1,0,0.002913,0.047081,0.7292,0.5725,0.2653,2,ok
0,437,49.180000,2.265825,1.485606,-3.091483,-0.002119,0.048207,10.485070,0.219740,0.418565,0.366366,-0.052199,1.000000,1.000000,0.000000,C-06,0,0,0,1,1,0,0.006909,0.037167,0.7292,0.5311,0.2599,2,ok
0,438,49.280000,2.243875,1.485677,-3.057353,-0.002232,0.082337,10.507020,0.219256,0.660531,0.516366,-0.144165,1.000000,1.000000,0.000000,C-06,0,0,0,1,1,0,0.008006,0.048324,0.7500,0.5593,0.2667,2,ok
0,439,49.380000,2.221979,1.484979,-3.032251,-0.001575,0.107439,10.528917,0.218947,-0.180691,0.366366,0.547057,1.000000,1.000000,0.000000,C-06,0,0,0,1,1,0,0.013725,0.078625,0.7708,0.5077,0.2641,3,ok
0,440,49.500000,2.195765,1.482855,-3.014609,0.000076,0.107076,10.555141,0.219146,-0.752401,0.216366,0.968767,1.000000,1.000000,0.000000,C-06,0,0,0,1,1,0,0.013725,0.078625,0.7708,0.5077,0.2641,3,ok
0,441,49.600000,2.173950,1.480292,-3.009506,0.002220,0.112179,10.577001,0.219697,-0.697344,0.066366,0.763709,1.000000,1.000000,0.000000,C-06,0,0,0,1,1,0,0.021008,0.082423,0.8125,0.4860,0.2667,2,ok
0,442,49.700000,2.152136,1.477406,-3.014184,0.004410,0.090305,10.598945,0.220131,-0.311311,-0.083634,0.227676,1.000000,1.000000,0.000000,C-06,0,0,0,1,1,0,0.025642,0.044771,0.8333,0.4221,0.2652,3,ok
0,443,49.820000,2.125924,1.473923,-3.031550,0.006938,0.072938,10.625266,0.220567,-0.384607,-0.233634,0.150973,1.000000,1.000000,0.000000,C-06,0,0,0,1,1,0,0.024942,0.061720,0.7708,0.4599,0.2646,3,ok
0,444,49.920000,2.104031,1.471020,-3.056099,0.008783,0.029728,10.647438,0.221084,-0.696108,-0.383634,0.312473,1.000000,1.000000,0.000000,C-06,0,0,0,1,1,0,0.028085,-0.017914,0.7917,0.3710,0.2613,3,ok
0,445,50.020000,2.082092,1.468177,-3.078040,0.010363,0.007788,10.669503,0.221186,-0.321345,-0.321345,0.000000,1.000000,1.000000,0.000000,,0,0,0,1,1,0,0.024345,-0.080548,0.7292,0.3763,0.2627,2,ok
0,446,50.140000,2.055734,1.465837,-3.092813,0.011072,-0.028928,10.696100,0.220448,0.463169,-0.171345,-0.634514,1.000000,1.000000,0.000000,C-06,0,0,0,1,1,0,0.019947,-0.139659,0.7500,0.4040,0.2693,2,ok
0,447,50.240000,2.034956,1.464722,-3.095039,0.010718,-0.031154,10.716905,0.207078,0.781105,-0.021345,-0.802450,0.941075,0.941075,0.000000,C-06,0,0,0,1,1,0,0.022602,-0.168352,0.7500,0.3216,0.2644,2,ok
0,448,50.340000,2.013769,1.463715,-3.086969,0.010227,-0.023084,10.738110,0.212709,0.811966,0.128655,-0.683311,0.967196,0.967196,0.000000,C-06,0,0,0,1,1,0,0.016369,-0.232280,0.8333,0.3481,0.2659,2,ok
0,449,50.460000,1.989544,1.462528,-3.065755,0.009143,-0.027863,10.762590,0.200730,0.864088,0.278655,-0.585433,0.913858,0.913858,0.000000,C-06,0,0,0,1,1,0,0.016053,-0.236890,0.7917,0.2927,0.2623,2,ok
0,450,50.560000,1.968335,1.461522,-3.038107,0.008128,-0.000215,10.783798,0.215269,0.924994,0.428655,-0.496339,0.982515,0.982515,0.000000,C-06,0,0,0,1,1,0,0.013685,-0.232920,0.8125,0.2982,0.2643,2,ok
0,451,50.680000,1.943228,1.459876,-3.015645,0.006852,-0.006336,10.809187,0.209323,0.265222,0.278655,0.013432,0.956129,0.956129,0.000000,C-06,0,0,0,1,1,0,0.014142,-0.196932,0.7917,0.2778,0.2628,2,ok
0,452,50.780000,1.921566,1.457533,-3.006582,0.006390,0.002727,10.830971,0.219426,-0.285130,0.128655,0.413785,1.000000,1.000000,0.000000,C-06,0,0,0,1,1,0,0.013180,-0.188902,0.7917,0.2824,0.2670,2,ok
0,453,50.880000,1.899766,1.454609,-3.007271,0.006292,-0.029369,10.853205,0.220011,-0.260980,-0.021345,0.239635,1.000000,1.000000,0.000000,C-06,0,0,0,1,1,0,0.013077,-0.180437,0.7708,0.2463,0.2624,2,ok
0,454,51.000000,1.875164,1.451289,-2.998570,0.005492,-0.020668,10.878017,0.205312,0.247020,0.128655,-0.118366,0.934302,0.934302,0.000000,C-06,0,0,0,1,1,0,0.012372,-0.209461,0.7500,0.2134,0.2641,2,ok
0,455,51.100000,1.856563,1.448594,-2.982946,0.005070,-0.005044,10.896808,0.184621,0.626752,0.278655,-0.348098,0.840654,0.840654,0.000000,C-06,0,0,0,1,1,0,0.009429,-0.192201,0.7500,0.2257,0.2633,2,ok
0,456,51.200000,1.839649,1.445924,-2.960004,0.004501,-0.013072,10.914091,0.169397,0.379087,0.379087,0.000000,0.772900,0.772900,0.000000,,0,0,0,1,1,0,0.011637,-0.206538,0.7500,0.1488,0.2603,2,ok
0,457,51.320000,1.817635,1.442500,-2.942034,0.003476,0.004899,10.936346,0.190703,-0.007813,0.229087,0.236899,0.946355,0.872900,-0.073455,C-06,0,0,0,1,1,0,0.008266,-0.184715,0.7500,0.2141,0.2677,2,ok
0,458,51.420000,1.797256,1.438604,-2.936460,0.003239,0.010473,10.955981,0.213533,-0.109569,0.079087,0.188656,1.000000,0.972900,-0.027100,C-06,0,0,0,1,1,0,0.009742,-0.142267,0.8125,0.1880,0.2642,2,ok
0,459,51.520000,1.775784,1.434255,-2.940152,0.002599,-0.020954,10.979080,0.219921,-0.284115,-0.070913,0.213202,1.000000,1.000000,0.000000,C-06,0,0,0,1,1,0,0.009742,-0.142267,0.8125,0.1880,0.2642,2,ok
0,460,51.640000,1.749929,1.428984,-2.935066,0.001899,-0.015868,11.005457,0.219775,0.260282,0.079087,-0.181195,1.000000,1.000000,0.000000,C-06,0,0,0,1,1,0,0.007421,-0.158078,0.8125,0.1492,0.2660,2,ok
0,461,51.740000,1.728426,1.424590,-2.921770,0.000918,-0.027223,11.027423,0.219193,0.764238,0.229087,-0.535151,1.000000,1.000000,0.000000,C-06,0,0,0,1,1,0,0.004054,-0.145443,0.7917,0.1829,0.2658,2,ok
0,462,51.840000,1.707008,1.420196,-2.899390,-0.000125,-0.004843,11.049261,0.218117,0.958582,0.379087,-0.579496,1.000000,1.000000,0.000000,C-06,0,0,0,1,1,0,0.004972,-0.160032,0.7917,0.1289,0.2676,2,ok
0,463,51.960000,1.681450,1.414621,-2.877963,-0.001288,-0.004022,11.075384,0.217961,0.291017,0.291017,0.000000,1.000000,1.000000,0.000000,,0,0,0,1,1,0,0.005839,-0.160208,0.7708,0.1010,0.2623,2,ok
0,464,52.060000,1.660357,1.409257,-2.868907,-0.001692,0.005033,11.097144,0.217604,-0.007206,0.141017,0.148224,0.993853,0.993853,0.000000,C-06,0,0,0,1,1,0,0.004292,-0.100556,0.7083,0.1306,0.2656,2,ok
0,465,52.180000,1.634946,1.402192,-2.868918,-0.001801,-0.012699,11.123482,0.219964,-0.056529,-0.008983,0.047546,1.000000,1.000000,0.000000,C-06,0,0,0,1,1,0,0.005458,-0.109109,0.7292,0.1038,0.2644,2,ok
0,466,52.280000,1.613758,1.396269,-2.868950,-0.002176,-0.012731,11.145478,0.219999,0.000091,0.000091,0.000000,1.000000,1.000000,0.000000,,0,0,0,1,1,0,0.003510,-0.101921,0.7708,0.1060,0.2659,2,ok
0,467,52.380000,1.592566,1.390345,-2.870769,-0.002551,-0.014550,11.166431,0.220097,-0.033296,-0.033296,0.000000,1.000000,1.000000,0.000000,,0,0,0,1,1,0,0.004626,-0.135709,0.8125,0.0510,0.2642,2,ok
0,468,52.500000,1.567152,1.383283,-2.863250,-0.003417,-0.023216,11.193808,0.219581,0.469460,0.116704,-0.352755,1.000000,1.000000,0.000000,C-06,0,0,0,1,1,0,0.002903,-0.127805,0.8125,0.0464,0.2674,2,ok
0,469,52.600000,1.546042,1.377401,-2.848412,-0.004110,-0.008378,11.215711,0.218725,0.600795,0.266704,-0.334091,1.000000,1.000000,0.000000,C-06,0,0,0,1,1,0,0.000929,-0.114747,0.8125,0.0723,0.2650,2,ok
0,470,52.700000,1.525055,1.371519,-2.824761,-0.005016,0.001215,11.237434,0.217255,0.471004,0.416704,-0.054300,1.000000,1.000000,0.000000,C-06,0,0,0,1,1,0,0.000451,-0.110045,0.7708,0.0625,0.2663,2,ok
0,471,52.820000,1.500062,1.363962,-2.803086,-0.005608,0.022891,11.263538,0.217622,0.307089,0.307089,0.000000,1.000000,1.000000,0.000000,,0,0,0,1,1,0,0.000451,-0.110045,0.7708,0.0625,0.2663,2,ok
0,472,52.920000,1.479347,1.356959,-2.793544,-0.005624,0.021408,11.285322,0.218750,-0.119368,0.157089,0.276457,1.000000,1.000000,0.000000,C-06,0,0,0,1,1,0,0.003382,-0.026613,0.7500,0.0337,0.2656,2,ok
0,473,53.020000,1.458673,1.349484,-2.792461,-0.005273,0.022491,11.307304,0.219942,-0.225326,0.007089,0.232415,1.000000,1.000000,0.000000,C-06,0,0,0,1,1,0,0.005058,-0.032219,0.7500,0.0110,0.2671,3,ok
0,474,53.140000,1.433829,1.340453,-2.801441,-0.004893,0.003990,11.333700,0.220599,-0.430926,-0.142911,0.288014,1.000000,1.000000,0.000000,C-06,0,0,0,1,1,0,0.004571,-0.015314,0.7083,0.0179,0.2662,3,ok
0,475,53.240000,1.413035,1.332930,-2.817359,-0.004688,-0.011928,11.355812,0.221630,-0.433380,-0.292911,0.140469,1.000000,1.000000,0.000000,C-06,0,0,0,1,1,0,0.004571,-0.015314,0.7083,0.0179,0.2662,3,ok
0,476,53.340000,1.392149,1.325640,-2.826220,-0.004774,-0.029015,11.377901,0.221175,0.758110,-0.142911,-0.901021,1.000000,1.000000,0.000000,C-06,0,0,0,1,1,0,0.003351,-0.076726,0.7917,-0.0269,0.2683,2,ok
0,477,53.460000,1.367049,1.317426,-2.826253,-0.005526,-0.029048,11.404301,0.220013,1.000000,0.007089,-0.992911,1.000000,1.000000,0.000000,C-06,0,0,0,1,1,0,0.001505,-0.098029,0.8125,-0.0460,0.2655,3,ok
0,478,53.560000,1.346160,1.310602,-2.817901,-0.006183,-0.027136,11.426228,0.219486,1.000000,0.157089,-0.842911,1.000000,1.000000,0.000000,C-06,0,0,0,1,1,0,-0.000194,-0.112782,0.8125,-0.0683,0.2686,3,ok
0,479,53.680000,1.321214,1.302414,-2.797680,-0.007070,-0.006916,11.452469,0.218136,0.910039,0.307089,-0.602950,1.000000,1.000000,0.000000,C-06,0,0,0,1,1,0,-0.000409,-0.098349,0.7917,-0.0692,0.2648,2,ok
0,480,53.780000,1.300540,1.295285,-2.788087,-0.007483,0.002678,11.473921,0.218748,-0.202909,0.157089,0.359998,1.000000,1.000000,0.000000,C-06,0,0,0,1,1,0,0.000919,-0.079870,0.7917,-0.0873,0.2643,2,ok
0,481,53.880000,1.279907,1.287696,-2.787007,-0.007594,-0.000933,11.496270,0.219942,-0.178214,0.007089,0.185303,1.000000,1.000000,0.000000,C-06,0,0,0,1,1,0,0.000131,-0.043163,0.7292,-0.0671,0.2664,3,ok
0,482,54.000000,1.255112,1.278531,-2.795959,-0.007682,-0.009884,11.522704,0.220605,-0.165473,-0.142911,0.022562,1.000000,1.000000,0.000000,C-06,0,0,0,1,1,0,0.000142,-0.040068,0.7500,-0.0740,0.2675,3,ok
0,483,54.100000,1.234409,1.271074,-2.796325,-0.008055,-0.014593,11.544661,0.219978,0.022054,0.007089,-0.014966,1.000000,1.000000,0.000000,C-06,0,0,0,1,1,0,0.001828,-0.060794,0.7292,-0.1126,0.2657,2,ok
0,484,54.200000,1.213734,1.263628,-2.788285,-0.008440,-0.006553,11.566632,0.219468,0.495726,0.157089,-0.338637,1.000000,1.000000,0.000000,C-06,0,0,0,1,1,0,-0.000621,-0.068995,0.7917,-0.1059,0.2674,2,ok
0,485,54.320000,1.189053,1.254692,-2.768431,-0.008821,0.010286,11.592895,0.218045,0.665846,0.307089,-0.358757,1.000000,1.000000,0.000000,C-06,0,0,0,1,1,0,0.000284,-0.069289,0.8542,-0.1326,0.2652,3,ok
0,486,54.420000,1.168666,1.247197,-2.743678,-0.009018,0.035039,11.614615,0.216501,0.741985,0.457089,-0.284896,1.000000,1.000000,0.000000,C-06,0,0,0,1,1,0,0.001208,-0.071090,0.8542,-0.1603,0.2648,3,ok
0,487,54.520000,1.148462,1.239139,-2.726204,-0.008679,0.050872,11.636319,0.217636,-1.000000,0.307089,1.307089,1.000000,1.000000,0.000000,C-06,0,0,0,1,1,0,0.002559,0.018580,0.7917,-0.1231,0.2686,3,ok
0,488,54.640000,1.124368,1.228734,-2.715418,-0.007599,0.061658,11.662541,0.218787,-0.848257,0.157089,1.005346,1.000000,1.000000,0.000000,C-06,0,0,0,1,1,0,0.004096,0.042599,0.7917,-0.1223,0.2659,3,ok
0,489,54.740000,1.104342,1.219658,-2.714468,-0.006297,0.063020,11.684492,0.219945,-1.000000,0.007089,1.007089,1.000000,1.000000,0.000000,C-06,0,0,0,1,1,0,0.008221,0.060142,0.7500,-0.1564,0.2671,3,ok
0,490,54.840000,1.084290,1.210545,-2.721491,-0.004964,0.055997,11.706477,0.220546,-0.618897,-0.142911,0.475986,1.000000,1.000000,0.000000,C-06,0,0,0,1,1,0,0.009798,0.077031,0.7917,-0.1610,0.2708,3,ok
0,491,54.960000,1.060092,1.199661,-2.739942,-0.003459,0.037304,11.732969,0.221796,-0.770443,-0.292911,0.477532,1.000000,1.000000,0.000000,C-06,0,0,0,1,1,0,0.013282,0.045355,0.7708,-0.2269,0.2680,3,ok
0,492,55.060000,1.039752,1.190607,-2.762297,-0.002274,0.014949,11.755202,0.223426,-0.415495,-0.415495,0.000000,1.000000,1.000000,0.000000,,0,0,0,1,1,0,0.011341,0.037007,0.6875,-0.2183,0.2677,3,ok
0,493,55.180000,1.015098,1.180048,-2.789812,-0.001197,-0.009893,11.782007,0.223515,-0.408991,-0.408991,0.000000,1.000000,1.000000,0.000000,,0,0,0,1,1,0,0.009333,0.012715,0.8125,-0.1972,0.2672,3,ok
0,494,55.280000,0.994386,1.171977,-2.805159,-0.000964,-0.025239,11.804234,0.222184,-0.112606,-0.258991,-0.146385,1.000000,1.000000,0.000000,C-06,0,0,0,1,1,0,0.009170,-0.045183,0.8333,-0.2474,0.2685,3,ok
0,495,55.380000,0.973946,1.164613,-2.812106,-0.001297,-0.032187,11.825108,0.216813,-0.103427,-0.108991,-0.005565,0.981433,0.981433,0.000000,C-06,0,0,0,1,1,0,0.007279,-0.080831,0.8125,-0.2474,0.2713,3,ok
0,496,55.500000,0.950883,1.156599,-2.820201,-0.001985,-0.037315,11.850363,0.202712,-0.119305,-0.119305,0.000000,0.917687,0.917687,0.000000,,0,0,0,1,1,0,0.006471,-0.071929,0.8125,-0.2549,0.2692,3,ok
0,497,55.600000,0.930401,1.149826,-2.818966,-0.002916,-0.036080,11.871915,0.219754,0.181958,0.030695,-0.151263,1.000000,1.000000,0.000000,C-06,0,0,0,1,1,0,0.004638,-0.077254,0.7500,-0.2668,0.2643,2,ok
0,498,55.700000,0.909522,1.142855,-2.823594,-0.003621,-0.036686,11.893945,0.220295,-0.092085,-0.092085,0.000000,1.000000,1.000000,0.000000,,0,0,0,1,1,0,0.004983,-0.096014,0.7708,-0.3063,0.2650,2,ok
0,499,55.820000,0.884438,1.134562,-2.825135,-0.004514,-0.038227,11.920348,0.220149,-0.018537,-0.018537,0.000000,1.000000,1.000000,0.000000,,0,0,0,1,1,0,0.002070,-0.073168,0.6875,-0.2704,0.2672,3,ok
0,500,55.920000,0.863526,1.127674,-2.826375,-0.005248,-0.034944,11.942362,0.220175,-0.021728,-0.021728,0.000000,1.000000,1.000000,0.000000,,0,0,0,1,1,0,0.003088,-0.091869,0.6875,-0.3190,0.2672,2,ok
0,501,56.020000,0.842582,1.120851,-2.835608,-0.006047,-0.044176,11.964375,0.220550,-0.272659,-0.171728,0.100931,1.000000,1.000000,0.000000,C-06,0,0,0,1,1,0,0.004086,-0.110439,0.7708,-0.3787,0.2654,2,ok
0,502,56.140000,0.817398,1.112853,-2.837652,-0.007102,-0.039484,11.990814,0.220173,0.261329,-0.021728,-0.283057,1.000000,1.000000,0.000000,C-06,0,0,0,1,1,0,0.002479,-0.117228,0.8333,-0.3987,0.2664,3,ok
0,503,56.240000,0.796426,1.106266,-2.830971,-0.008006,-0.032804,12.012778,0.219596,0.210644,0.128272,-0.082371,1.000000,1.000000,0.000000,C-06,0,0,0,1,1,0,0.004131,-0.140477,0.8125,-0.4438,0.2658,3,ok
0,504,56.340000,0.775506,1.099684,-2.822800,-0.008815,-0.017845,12.034752,0.219068,0.142308,0.142308,0.000000,1.000000,1.000000,0.000000,,0,0,0,1,1,0,0.001630,-0.123597,0.8333,-0.4185,0.2710,3,ok
0,505,56.460000,0.750439,1.091434,-2.822722,-0.009358,-0.017767,12.061137,0.219987,-0.154542,-0.007692,0.146850,1.000000,1.000000,0.000000,C-06,0,0,0,1,1,0,0.002911,-0.125427,0.8125,-0.4462,0.2708,3,ok
0,506,56.560000,0.729521,1.084538,-2.831309,-0.009691,-0.017868,12.083252,0.220522,-0.404413,-0.157692,0.246722,1.000000,1.000000,0.000000,C-06,0,0,0,1,1,0,0.005628,-0.098077,0.7917,-0.5363,0.2688,3,ok
0,507,56.680000,0.704312,1.076262,-2.849406,-0.010000,-0.035966,12.109783,0.221625,-0.264075,-0.264075,0.000000,1.000000,1.000000,0.000000,,0,0,0,1,1,0,0.005434,-0.101367,0.7292,-0.5571,0.2684,3,ok
0,508,56.780000,0.683209,1.069541,-2.860365,-0.010348,-0.036831,12.132026,0.221442,-0.179263,-0.179263,0.000000,1.000000,1.000000,0.000000,,0,0,0,1,1,0,0.004001,-0.081930,0.7083,-0.5596,0.2630,3,ok
0,509,56.880000,0.662065,1.063357,-2.862634,-0.011110,-0.039100,12.154043,0.220227,0.367077,-0.029263,-0.396340,1.000000,1.000000,0.000000,C-06,0,0,0,1,1,0,0.002909,-0.094737,0.7708,-0.5769,0.2647,3,ok
0,510,57.000000,0.636712,1.056084,-2.854782,-0.012048,-0.020060,12.180523,0.219553,0.458310,0.120737,-0.337573,1.000000,1.000000,0.000000,C-06,0,0,0,1,1,0,0.000362,-0.090992,0.8542,-0.5829,0.2679,3,ok
0,511,57.100000,0.615628,1.050023,-2.849382,-0.012680,-0.014659,12.202452,0.219310,0.089448,0.089448,0.000000,1.000000,1.000000,0.000000,,0,0,0,1,1,0,0.001168,-0.106439,0.7917,-0.6077,0.2684,3,ok
0,512,57.200000,0.594554,1.043700,-2.852206,-0.012976,-0.005545,12.224630,0.220173,-0.305777,-0.060552,0.245226,1.000000,1.000000,0.000000,C-06,0,0,0,1,1,0,0.002957,-0.136613,0.7917,-0.6584,0.2721,3,ok
0,513,57.320000,0.569203,1.036100,-2.866163,-0.013074,-0.019501,12.251095,0.220938,-0.542362,-0.210552,0.331810,1.000000,1.000000,0.000000,C-06,0,0,0,1,1,0,0.001620,-0.024443,0.7708,-0.6384,0.2702,3,ok
0,514,57.420000,0.547982,1.029767,-2.884082,-0.013105,-0.024100,12.273405,0.221917,-0.309665,-0.309665,0.000000,1.000000,1.000000,0.000000,,0,0,0,1,1,0,0.001555,-0.131287,0.7500,-0.6891,0.2747,3,ok
0,515,57.520000,0.526678,1.023784,-2.894338,-0.013299,-0.034356,12.295532,0.221218,0.000043,-0.159665,-0.159708,1.000000,1.000000,0.000000,C-06,0,0,0,1,1,0,0.001551,-0.102571,0.7500,-0.7504,0.2688,3,ok
0,516,57.640000,0.501025,1.016770,-2.912629,-0.013623,-0.038166,12.322306,0.221950,-0.257874,-0.257874,0.000000,1.000000,1.000000,0.000000,,0,0,0,1,1,0,0.000411,-0.083571,0.7500,-0.7411,0.2676,3,ok
0,517,57.740000,0.479580,1.011490,-2.919895,-0.014236,-0.045432,12.344383,0.220769,-0.062611,-0.107874,-0.045263,1.000000,1.000000,0.000000,C-06,0,0,0,1,1,0,-0.001112,-0.003791,0.7708,-0.7577,0.2709,3,ok
0,518,57.840000,0.458122,1.006637,-2.917977,-0.015213,-0.027467,12.366613,0.219898,0.228521,0.042126,-0.186395,1.000000,1.000000,0.000000,C-06,0,0,0,1,1,0,-0.002242,-0.062969,0.7708,-0.7844,0.2649,3,ok
0,519,57.960000,0.432765,1.000847,-2.904774,-0.015944,-0.014264,12.392611,0.216123,0.263071,0.192126,-0.070944,0.984931,0.984931,0.000000,C-06,0,0,0,1,1,0,-0.003960,-0.118100,0.8333,-0.7623,0.2628,3,ok
0,520,58.060000,0.413630,0.996234,-2.901602,-0.016259,-0.011092,12.411459,0.195082,-0.112624,0.042126,0.154750,0.887173,0.887173,0.000000,C-06,0,0,0,1,1,0,-0.004852,0.062832,0.7708,-0.7256,0.2646,3,ok
0,521,58.180000,0.388882,0.990556,-2.908734,-0.016518,-0.000365,12.437946,0.216644,-0.188729,-0.107874,0.080856,1.000000,0.987173,-0.012827,C-06,0,0,0,1,1,0,-0.001818,0.003112,0.7917,-0.7924,0.2673,3,ok
0,522,58.280000,0.367473,0.985777,-2.923663,-0.016885,-0.015294,12.459288,0.220007,-0.348483,-0.257874,0.090610,1.000000,1.000000,0.000000,C-06,0,0,0,1,1,0,-0.002457,0.070227,0.7917,-0.7806,0.2635,3,ok
0,523,58.380000,0.345939,0.980999,-2.948003,-0.016789,-0.019947,12.482300,0.221058,-0.403112,-0.403112,0.000000,1.000000,1.000000,0.000000,,0,0,0,1,1,0,-0.006528,0.118579,0.7500,-0.7137,0.2643,3,ok
0,524,58.500000,0.319982,0.975279,-2.968199,-0.016733,-0.040144,12.506677,0.221695,-0.259115,-0.259115,0.000000,1.000000,1.000000,0.000000,,0,0,0,1,1,0,-0.009734,0.046983,0.7083,-0.6805,0.2609,3,ok
0,525,58.600000,0.298279,0.970699,-2.986516,-0.016356,-0.037537,12.531418,0.221807,-0.290816,-0.290816,0.000000,1.000000,1.000000,0.000000,,0,0,0,1,1,0,-0.009143,0.142377,0.7500,-0.7126,0.2619,3,ok
0,526,58.700000,0.276526,0.966878,-2.996245,-0.016783,-0.047266,12.553500,0.220781,-0.132578,-0.140816,-0.008239,1.000000,1.000000,0.000000,C-06,0,0,0,1,1,0,-0.013255,0.156067,0.7917,-0.6256,0.2649,3,ok
0,527,58.820000,0.250367,0.962472,-3.017783,-0.016894,-0.044378,12.580405,0.221353,-0.327294,-0.290816,0.036478,1.000000,1.000000,0.000000,C-06,0,0,0,1,1,0,-0.014080,0.071267,0.8125,-0.6005,0.2620,3,ok
0,528,58.920000,0.228502,0.958801,-3.045905,-0.016991,-0.072500,12.601144,0.222015,-0.673512,-0.440816,0.232696,1.000000,1.000000,0.000000,C-06,0,0,0,1,1,0,-0.013237,0.094035,0.8125,-0.6316,0.2607,3,ok
0,529,59.020000,0.206582,0.955767,-3.066120,-0.017184,-0.067537,12.625090,0.221155,-0.188519,-0.290816,-0.102297,1.000000,1.000000,0.000000,C-06,0,0,0,1,1,0,-0.017807,0.142628,0.7708,-0.5380,0.2633,3,ok
0,530,59.140000,0.180245,0.953236,-3.078281,-0.018432,-0.051954,12.652136,0.220426,0.123149,-0.140816,-0.263965,1.000000,1.000000,0.000000,C-06,0,0,0,1,1,0,-0.020670,0.121768,0.7708,-0.4877,0.2597,3,ok
0,531,59.240000,0.158282,0.951328,-3.089556,-0.019040,-0.063228,12.674174,0.220456,-0.167453,-0.167453,0.000000,1.000000,1.000000,0.000000,,0,0,0,1,1,0,-0.018439,0.085530,0.7083,-0.5283,0.2633,3,ok
0,532,59.340000,0.136302,0.949525,-3.110472,-0.019755,-0.084145,12.694458,0.220622,-0.456952,-0.317453,0.139499,1.000000,1.000000,0.000000,C-06,0,0,0,1,1,0,-0.018676,0.126725,0.7500,-0.5168,0.2608,3,ok
0,533,59.460000,0.109906,0.947363,3.134420,-0.019894,-0.092221,12.723200,0.220733,-0.575523,-0.467453,0.108070,1.000000,1.000000,0.000000,C-06,0,0,0,1,1,0,-0.020081,0.185924,0.7708,-0.4634,0.2672,3,ok
0,534,59.560000,0.087910,0.946418,3.111636,-0.020736,-0.082361,12.745908,0.220013,-0.040558,-0.317453,-0.276895,1.000000,1.000000,0.000000,C-06,0,0,0,1,1,0,-0.022321,0.115755,0.8125,-0.4233,0.2665,3,ok
0,535,59.680000,0.061529,0.946548,3.097104,-0.022304,-0.096893,12.772243,0.219807,0.061561,-0.167453,-0.229015,1.000000,1.000000,0.000000,C-06,0,0,0,1,1,0,-0.022321,0.115755,0.8125,-0.4233,0.2665,3,ok
0,536,59.780000,0.039552,0.947446,3.095283,-0.024117,-0.065832,12.794985,0.219969,0.968829,-0.017453,-0.986282,1.000000,1.000000,0.000000,C-06,0,0,0,1,1,0,-0.024275,0.079313,0.7917,-0.3948,0.2653,2,ok
0,537,59.880000,0.017572,0.948427,3.103796,-0.025530,-0.057320,12.816941,0.220058,0.740290,0.132547,-0.607743,1.000000,1.000000,0.000000,C-06,0,0,0,1,1,0,-0.025608,0.113005,0.7917,-0.3472,0.2658,3,ok
0,538,60.000000,-0.008818,0.949605,3.126426,-0.026826,0.000006,12.844247,0.220190,0.441842,0.282547,-0.159295,1.000000,1.000000,0.000000,C-06,0,0,0,1,1,0,-0.025608,0.113005,0.7917,-0.3472,0.2658,3,ok
0,539,60.100000,-0.030817,0.950389,3.136407,-0.027273,0.009986,12.866255,0.220103,-0.170848,0.132547,0.303395,1.000000,1.000000,0.000000,C-06,0,0,0,1,1,0,-0.021110,0.193821,0.7292,-0.3196,0.2654,3,ok
0,540,60.200000,-0.052816,0.950536,3.136896,-0.026714,0.044275,12.889193,0.220000,-0.005563,-0.005563,0.000000,1.000000,1.000000,0.000000,,0,0,0,1,1,0,-0.021110,0.193821,0.7292,-0.3196,0.2654,3,ok
0,541,60.320000,-0.079215,0.950651,3.124946,-0.025505,0.032326,12.915564,0.219974,-0.283630,-0.155563,0.128067,1.000000,1.000000,0.000000,C-06,0,0,0,1,1,0,-0.015064,0.305437,0.7500,-0.3122,0.2675,3,ok
0,542,60.420000,-0.101209,0.950746,3.111794,-0.024017,0.051423,12.938370,0.219909,-0.191683,-0.191683,0.000000,1.000000,1.000000,0.000000,,0,0,0,1,1,0,-0.010956,0.263624,0.8125,-0.2893,0.2647,3,ok
0,543,60.520000,-0.123194,0.950842,3.097202,-0.022255,0.036831,12.960284,0.219793,-0.212840,-0.212840,0.000000,1.000000,1.000000,0.000000,,0,0,0,1,1,0,-0.008561,0.264736,0.8125,-0.3034,0.2634,3,ok
0,544,60.640000,-0.149548,0.951009,3.068595,-0.019695,0.038896,12.987155,0.219441,-0.490244,-0.362840,0.127404,1.000000,1.000000,0.000000,C-06,0,0,0,1,1,0,-0.006833,0.241761,0.8125,-0.3081,0.2653,3,ok
0,545,60.740000,-0.171473,0.951755,3.050192,-0.017932,0.020492,13.009022,0.219311,-0.268700,-0.268700,0.000000,1.000000,1.000000,0.000000,,0,0,0,1,1,0,-0.005438,0.225808,0.7917,-0.2660,0.2644,3,ok
0,546,60.840000,-0.193367,0.953138,3.036626,-0.016409,0.035128,13.031380,0.219346,-0.199479,-0.199479,0.000000,1.000000,1.000000,0.000000,,0,0,0,1,1,0,-0.003216,0.203993,0.7708,-0.2806,0.2671,3,ok
0,547,60.960000,-0.219608,0.955490,3.027046,-0.015034,0.025547,13.057690,0.219550,-0.116326,-0.116326,0.000000,1.000000,1.000000,0.000000,,0,0,0,1,1,0,-0.003694,0.221369,0.7292,-0.2197,0.2689,3,ok
0,548,61.060000,-0.241461,0.957949,3.025731,-0.013937,0.050182,13.080055,0.219946,-0.012767,-0.012767,0.000000,1.000000,1.000000,0.000000,,0,0,0,1,1,0,-0.001051,0.215716,0.7292,-0.2256,0.2712,3,ok
0,549,61.180000,-0.267674,0.960945,3.019014,-0.012491,0.043466,13.106399,0.219781,-0.089273,-0.089273,0.000000,1.000000,1.000000,0.000000,,0,0,0,1,1,0,0.002520,0.201567,0.7917,-0.2348,0.2641,3,ok
0,550,61.280000,-0.289490,0.963442,3.004343,-0.010884,0.052263,13.128575,0.219382,-0.372949,-0.239273,0.133676,1.000000,1.000000,0.000000,C-06,0,0,0,1,1,0,0.003627,0.219642,0.8333,-0.2090,0.2685,3,ok
0,551,61.380000,-0.310878,0.966080,2.996696,-0.009410,0.044616,13.150075,0.215245,-0.110727,-0.110727,0.000000,0.980802,0.980802,0.000000,,0,0,0,1,1,0,0.004288,0.208458,0.8333,-0.1895,0.2659,3,ok
0,552,61.500000,-0.336929,0.969402,2.984329,-0.007290,0.053736,13.176456,0.219177,-0.164678,-0.164678,0.000000,1.000000,1.000000,0.000000,,0,0,0,1,1,0,0.005362,0.218952,0.7708,-0.1682,0.2651,3,ok
0,553,61.600000,-0.358654,0.972775,2.982490,-0.005965,0.051897,13.198400,0.219908,-0.016935,-0.016935,0.000000,1.000000,1.000000,0.000000,,0,0,0,1,1,0,0.007904,0.196009,0.8125,-0.1791,0.2632,3,ok
0,554,61.700000,-0.380363,0.976203,2.974406,-0.004432,0.063517,13.220422,0.219642,-0.137280,-0.137280,0.000000,1.000000,1.000000,0.000000,,0,0,0,1,1,0,0.007878,0.203698,0.7917,-0.1552,0.2619,3,ok
0,555,61.820000,-0.406349,0.980316,2.953619,-0.002466,0.042730,13.246658,0.218867,-0.321227,-0.287280,0.033947,1.000000,1.000000,0.000000,C-06,0,0,0,1,1,0,0.008399,0.239060,0.7708,-0.1082,0.2644,3,ok
0,556,61.920000,-0.427915,0.983744,2.931353,-0.000584,0.038456,13.268447,0.217925,-0.364168,-0.364168,0.000000,1.000000,1.000000,0.000000,,0,0,0,1,1,0,0.009923,0.227283,0.6875,-0.0875,0.2665,3,ok
0,557,62.020000,-0.449398,0.987779,2.917590,0.000801,0.024692,13.290261,0.218615,-0.168760,-0.214168,-0.045408,1.000000,1.000000,0.000000,C-06,0,0,0,1,1,0,0.013561,0.155941,0.7917,-0.1293,0.2630,3,ok
0,558,62.140000,-0.475120,0.993447,2.912230,0.001930,0.035743,13.316555,0.219558,0.147939,-0.064168,-0.212108,1.000000,1.000000,0.000000,C-06,0,0,0,1,1,0,0.012578,0.166903,0.8125,-0.0897,0.2690,3,ok
0,559,62.240000,-0.496547,0.998441,2.913842,0.002770,0.037356,13.338540,0.220086,0.033500,0.033500,0.000000,1.000000,1.000000,0.000000,,0,0,0,1,1,0,0.014761,0.137060,0.7917,-0.1091,0.2673,3,ok
0,560,62.340000,-0.517965,1.003408,2.907472,0.003793,0.046109,13.360458,0.219700,-0.170323,-0.116500,0.053823,1.000000,1.000000,0.000000,C-06,0,0,0,1,1,0,0.014358,0.150967,0.8542,-0.0854,0.2659,3,ok
0,561,62.460000,-0.543599,1.009365,2.892129,0.005181,0.030766,13.386738,0.218931,-0.218127,-0.218127,0.000000,1.000000,1.000000,0.000000,,0,0,0,1,1,0,0.017069,0.154598,0.7708,-0.0812,0.2675,3,ok
0,562,62.560000,-0.564861,1.014329,2.870895,0.006481,0.023429,13.408445,0.217792,-0.771092,-0.368127,0.402965,1.000000,1.000000,0.000000,C-06,0,0,0,1,1,0,0.017047,0.147862,0.7292,-0.0484,0.2677,3,ok
0,563,62.680000,-0.590170,1.020350,2.834952,0.008114,-0.012514,13.434409,0.216274,-0.842069,-0.518127,0.323941,1.000000,1.000000,0.000000,C-06,0,0,0,1,1,0,0.016925,0.121202,0.7292,-0.0519,0.2691,3,ok
0,564,62.780000,-0.611067,1.026242,2.812919,0.008694,-0.022726,13.456020,0.217200,-0.098106,-0.368127,-0.270022,1.000000,1.000000,0.000000,C-06,0,0,0,1,1,0,0.015490,0.078373,0.7292,-0.0445,0.2674,3,ok
0,565,62.880000,-0.631788,1.032550,2.784274,0.008951,-0.051371,13.477679,0.216077,-0.589152,-0.518127,0.071024,1.000000,1.000000,0.000000,C-06,0,0,0,1,1,0,0.013908,0.065773,0.7292,-0.0243,0.2645,3,ok
0,566,63.000000,-0.656400,1.041079,2.759013,0.008370,-0.065410,13.503626,0.217142,-0.016273,-0.368127,-0.351854,1.000000,1.000000,0.000000,C-06,0,0,0,1,1,0,0.011796,0.008416,0.8333,-0.0392,0.2640,3,ok
0,567,63.100000,-0.676756,1.048937,2.746440,0.007282,-0.077983,13.525418,0.218284,-0.167425,-0.218127,-0.050702,1.000000,1.000000,0.000000,C-06,0,0,0,1,1,0,0.007744,-0.012921,0.8125,0.0053,0.2662,2,ok
0,568,63.200000,-0.695313,1.056622,2.741561,0.005796,-0.082862,13.543450,0.197672,0.547729,-0.068127,-0.615856,0.846049,0.900000,0.053951,C-06,0,0,0,1,1,0,0.006675,-0.052489,0.7917,-0.0174,0.2654,3,ok
0,569,63.320000,-0.718991,1.066419,2.745935,0.004119,-0.068913,13.570972,0.219566,1.000000,0.081873,-0.918127,1.000000,1.000000,0.000000,C-06,0,0,0,1,1,0,0.003825,-0.052940,0.7917,0.0130,0.2674,2,ok
0,570,63.420000,-0.739339,1.074850,2.758040,0.002655,-0.056808,13.592434,0.220711,0.874229,0.231873,-0.642357,1.000000,1.000000,0.000000,C-06,0,0,0,1,1,0,0.004030,-0.060987,0.7917,-0.0037,0.2659,2,ok
0,571,63.520000,-0.759764,1.083205,2.763258,0.001535,-0.042977,13.614959,0.220671,-0.104457,0.081873,0.186329,1.000000,1.000000,0.000000,C-06,0,0,0,1,1,0,0.001629,-0.008398,0.7917,0.0602,0.2669,2,ok
0,572,63.640000,-0.784279,1.092968,2.759157,0.000434,-0.047078,13.641324,0.219713,-0.098110,-0.068127,0.029982,1.000000,1.000000,0.000000,C-06,0,0,0,1,1,0,0.002690,-0.006392,0.7292,0.0458,0.2672,3,ok
0,573,63.740000,-0.804649,1.101139,2.748681,-0.000383,-0.050259,13.663253,0.219106,-0.201966,-0.201966,0.000000,1.000000,1.000000,0.000000,,0,0,0,1,1,0,0.001191,0.002694,0.7500,0.0671,0.2672,3,ok
0,574,63.840000,-0.824956,1.109483,2.745239,-0.001384,-0.053701,13.685185,0.219584,0.098524,-0.051966,-0.150490,1.000000,1.000000,0.000000,C-06,0,0,0,1,1,0,0.000530,-0.015607,0.7708,0.0542,0.2662,2,ok
0,575,63.960000,-0.849336,1.119672,2.751105,-0.002616,-0.041335,13.711590,0.220449,0.921160,0.098034,-0.823125,1.000000,1.000000,0.000000,C-06,0,0,0,1,1,0,-0.000449,-0.031000,0.8333,0.0618,0.2648,2,ok
0,576,64.060000,-0.869731,1.128115,2.764146,-0.003543,-0.028295,13.733644,0.221184,1.000000,0.248034,-0.751966,1.000000,1.000000,0.000000,C-06,0,0,0,1,1,0,-0.000679,-0.020321,0.7917,0.0742,0.2655,3,ok
0,577,64.180000,-0.894391,1.138242,2.790099,-0.004496,0.002951,13.760302,0.223037,0.498524,0.398034,-0.100489,1.000000,1.000000,0.000000,C-06,0,0,0,1,1,0,-0.000448,0.008463,0.7917,0.0960,0.2659,2,ok
0,578,64.300000,-0.919257,1.147852,2.807652,-0.004865,0.020503,13.786959,0.222087,-0.735201,0.248034,0.983236,1.000000,1.000000,0.000000,C-06,0,0,0,1,1,0,0.001477,0.054124,0.7917,0.1053,0.2640,3,ok
0,579,64.400000,-0.940071,1.155288,2.814741,-0.004528,0.031340,13.809076,0.220805,-0.672535,0.098034,0.770569,1.000000,1.000000,0.000000,C-06,0,0,0,1,1,0,0.002905,0.078659,0.7708,0.1314,0.2670,3,ok
0,580,64.520000,-0.965064,1.163777,2.811871,-0.003701,0.028471,13.835459,0.219801,-0.830638,-0.051966,0.778672,1.000000,1.000000,0.000000,C-06,0,0,0,1,1,0,0.004680,0.096449,0.7500,0.1353,0.2642,3,ok
0,581,64.620000,-0.985843,1.170875,2.801068,-0.002961,0.020773,13.857422,0.219234,-0.932054,-0.201966,0.730089,1.000000,1.000000,0.000000,C-06,0,0,0,1,1,0,0.001745,0.131557,0.7083,0.2236,0.2731,3,ok
0,582,64.740000,-1.010628,1.179397,2.778033,-0.002109,-0.002262,13.883617,0.217618,-0.409275,-0.351966,0.057309,1.000000,1.000000,0.000000,C-06,0,0,0,1,1,0,0.004936,0.091738,0.8125,0.1742,0.2653,3,ok
0,583,64.840000,-1.031140,1.186870,2.766045,-0.001807,-0.012185,13.905445,0.218398,-0.159033,-0.201966,-0.042933,1.000000,1.000000,0.000000,C-06,0,0,0,1,1,0,0.002236,0.076966,0.8542,0.2130,0.2675,3,ok
0,584,64.960000,-1.053412,1.195637,2.761931,-0.002095,-0.016299,13.929378,0.197797,0.585319,-0.051966,-0.637285,0.799300,0.900000,0.100700,C-06,0,0,0,1,1,0,0.001947,0.041934,0.7917,0.2135,0.2684,3,ok
0,585,65.060000,-1.073303,1.203348,2.766756,-0.002204,-0.010591,13.950718,0.219404,0.703539,0.098034,-0.605505,1.000000,1.000000,0.000000,C-06,0,0,0,1,1,0,0.001564,0.022879,0.8125,0.1992,0.2659,2,ok
0,586,65.180000,-1.097942,1.212888,2.782627,-0.002294,0.005280,13.977138,0.220743,1.000000,0.248034,-0.751966,1.000000,1.000000,0.000000,C-06,0,0,0,1,1,0,0.001564,0.022879,0.8125,0.1992,0.2659,2,ok
0,587,65.300000,-1.122695,1.222341,2.789948,-0.002272,0.012265,14.003634,0.220809,-0.324580,0.098034,0.422614,1.000000,1.000000,0.000000,C-06,0,0,0,1,1,0,0.001274,0.086208,0.7708,0.2789,0.2726,3,ok
0,588,65.400000,-1.143343,1.229933,2.787708,-0.001986,0.010025,14.025631,0.219836,-0.531902,-0.051966,0.479937,1.000000,1.000000,0.000000,C-06,0,0,0,1,1,0,0.003678,0.051781,0.7708,0.2543,0.2691,2,ok
0,589,65.520000,-1.168050,1.239077,2.774714,-0.001728,-0.003722,14.051971,0.219095,-0.913123,-0.201966,0.711157,1.000000,1.000000,0.000000,C-06,0,0,0,1,1,0,0.001784,0.085835,0.7708,0.3097,0.2669,2,ok
0,590,65.620000,-1.188571,1.246880,2.771383,-0.001733,-0.007053,14.073926,0.219580,0.082721,-0.051966,-0.134687,1.000000,1.000000,0.000000,C-06,0,0,0,1,1,0,0.000674,0.085059,0.7708,0.3279,0.2741,3,ok
0,591,65.740000,-1.213208,1.256429,2.777342,-0.001919,-0.003604,14.100346,0.220432,0.735995,0.098034,-0.637960,1.000000,1.000000,0.000000,C-06,0,0,0,1,1,0,-0.000459,0.082044,0.8333,0.3664,0.2748,2,ok
0,592,65.840000,-1.233812,1.264354,2.790504,-0.002033,0.009559,14.122421,0.221192,0.812345,0.248034,-0.564310,1.000000,1.000000,0.000000,C-06,0,0,0,1,1,0,-0.000459,0.082044,0.8333,0.3664,0.2748,2,ok
0,593,65.960000,-1.258714,1.273859,2.816891,-0.002129,0.032068,14.149069,0.222962,0.438982,0.398034,-0.040948,1.000000,1.000000,0.000000,C-06,0,0,0,1,1,0,0.000781,0.059386,0.8333,0.3897,0.2671,2,ok
0,594,66.060000,-1.279617,1.281379,2.831776,-0.001820,0.046953,14.171282,0.222069,-0.399707,0.248034,0.647742,1.000000,1.000000,0.000000,C-06,0,0,0,1,1,0,0.002943,0.114744,0.7917,0.4453,0.2665,2,ok
0,595,66.180000,-1.304791,1.289663,2.839069,-0.000770,0.049055,14.197757,0.220792,-0.727293,0.098034,0.825328,1.000000,1.000000,0.000000,C-06,0,0,0,1,1,0,0.006386,0.127756,0.7708,0.4285,0.2654,2,ok
0,596,66.300000,-1.329983,1.297543,2.836157,0.000558,0.046143,14.224119,0.219809,-1.000000,-0.051966,0.948034,1.000000,1.000000,0.000000,C-06,0,0,0,1,1,0,0.007833,0.129590,0.7292,0.4290,0.2632,2,ok
0,597,66.400000,-1.350931,1.304120,2.825284,0.001601,0.028818,14.246061,0.219236,-0.582220,-0.201966,0.380255,1.000000,1.000000,0.000000,C-06,0,0,0,1,1,0,0.007833,0.129590,0.7292,0.4290,0.2632,2,ok
0,598,66.520000,-1.375930,1.312016,2.802425,0.002649,0.005959,14.272256,0.217726,-0.344782,-0.344782,0.000000,1.000000,1.000000,0.000000,,0,0,0,1,1,0,0.006745,0.143364,0.7083,0.5029,0.2645,2,ok
0,599,66.620000,-1.396629,1.318957,2.790264,0.003138,-0.006202,14.291993,0.218398,-0.202376,-0.202376,0.000000,1.000000,1.000000,0.000000,,0,0,0,1,1,0,0.006643,0.085183,0.7917,0.4992,0.2665,2,ok
0,600,66.740000,-1.421395,1.327925,2.786027,0.002850,-0.018304,14.320448,0.219576,0.598046,-0.052376,-0.650422,1.000000,1.000000,0.000000,C-06,0,0,0,1,1,0,0.005853,0.035521,0.7917,0.4989,0.2662,2,ok
0,601,66.840000,-1.442035,1.335579,2.790907,0.002457,-0.013424,14.342458,0.220341,1.000000,0.097624,-0.902376,1.000000,1.000000,0.000000,C-06,0,0,0,1,1,0,0.003439,0.034892,0.7708,0.5525,0.2646,2,ok
0,602,66.960000,-1.466896,1.344749,2.807058,0.001836,-0.007275,14.368967,0.221351,1.000000,0.247624,-0.752376,1.000000,1.000000,0.000000,C-06,0,0,0,1,1,0,0.002778,0.024730,0.7708,0.5721,0.2653,2,ok
0,603,67.060000,-1.487701,1.352159,2.813258,0.001562,-0.001076,14.391051,0.220802,0.005492,0.097624,0.092132,1.000000,1.000000,0.000000,C-06,0,0,0,1,1,0,0.006915,-0.027439,0.7917,0.5035,0.2650,2,ok
0,604,67.180000,-1.512681,1.360686,2.810363,0.001356,-0.015012,14.417461,0.219799,-0.152995,-0.052376,0.100619,1.000000,1.000000,0.000000,C-06,0,0,0,1,1,0,0.007546,-0.037935,0.7708,0.4933,0.2650,2,ok
0,605,67.300000,-1.537669,1.369272,2.816349,0.001064,-0.009026,14.443880,0.220397,0.453943,0.097624,-0.356318,1.000000,1.000000,0.000000,C-06,0,0,0,1,1,0,0.007378,-0.043842,0.7500,0.4953,0.2619,2,ok
0,606,67.400000,-1.558558,1.376415,2.829710,0.000522,-0.008553,14.465967,0.221179,0.523652,0.247624,-0.276028,1.000000,1.000000,0.000000,C-06,0,0,0,1,1,0,0.010950,-0.069093,0.7500,0.4438,0.2567,2,ok
0,607,67.520000,-1.583771,1.384984,2.852188,-0.000122,0.013925,14.492589,0.222553,0.326204,0.326204,0.000000,1.000000,1.000000,0.000000,,0,0,0,1,1,0,0.010466,-0.107176,0.7500,0.4353,0.2592,2,ok
0,608,67.620000,-1.604892,1.391663,2.863312,-0.000400,0.009653,14.514737,0.221412,-0.066262,0.176204,0.242465,1.000000,1.000000,0.000000,C-06,0,0,0,1,1,0,0.011035,-0.123425,0.7917,0.4278,0.2617,2,ok
0,609,67.740000,-1.630288,1.398997,2.865891,-0.000147,0.012232,14.541170,0.220203,-0.144613,0.026204,0.170817,1.000000,1.000000,0.000000,C-06,0,0,0,1,1,0,0.011942,-0.101601,0.8333,0.4306,0.2622,2,ok
0,610,67.840000,-1.651443,1.404988,2.860536,-0.000065,-0.011490,14.563156,0.219701,-0.100320,-0.100320,0.000000,1.000000,1.000000,0.000000,,0,0,0,1,1,0,0.012271,-0.123444,0.8125,0.4043,0.2616,2,ok
0,611,67.960000,-1.675517,1.411940,2.863281,-0.000274,-0.008745,14.588212,0.208032,0.795185,0.049680,-0.745505,0.944796,0.944796,0.000000,C-06,0,0,0,1,1,0,0.012473,-0.166105,0.7917,0.3633,0.2611,2,ok
0,612,68.060000,-1.693630,1.417067,2.873979,-0.000431,-0.017797,14.607029,0.186243,1.000000,0.199680,-0.800320,0.833094,0.844796,0.011701,C-06,0,0,0,1,1,0,0.008488,-0.155609,0.7708,0.3935,0.2677,2,ok
0,613,68.180000,-1.713479,1.422812,2.897711,-0.001029,0.005935,14.627685,0.171008,1.000000,0.349680,-0.650320,0.769473,0.769473,0.000000,C-06,0,0,0,1,1,0,0.008791,-0.165369,0.7500,0.3664,0.2681,2,ok
0,614,68.300000,-1.735003,1.428507,2.933509,-0.001160,0.041733,14.649948,0.189738,0.963626,0.499680,-0.463946,0.853821,0.853821,0.000000,C-06,0,0,0,1,1,0,0.008791,-0.165369,0.7500,0.3664,0.2681,2,ok
0,615,68.400000,-1.754870,1.433225,2.955997,-0.001143,0.040200,14.670341,0.209277,-0.124407,0.349680,0.474087,0.943262,0.943262,0.000000,C-06,0,0,0,1,1,0,0.008505,-0.123494,0.7083,0.3579,0.2704,2,ok
0,616,68.520000,-1.780583,1.438604,2.972180,-0.000569,0.056383,14.696604,0.221258,-0.465296,0.199680,0.664976,1.000000,1.000000,0.000000,C-06,0,0,0,1,1,0,0.011273,-0.094389,0.7917,0.3465,0.2671,2,ok
0,617,68.620000,-1.802276,1.442476,2.976099,0.000313,0.032983,14.718621,0.220288,-0.346638,0.049680,0.396318,1.000000,1.000000,0.000000,C-06,0,0,0,1,1,0,0.010455,-0.078940,0.8125,0.3674,0.2680,2,ok
0,618,68.740000,-1.828302,1.446831,2.969225,0.001339,0.026109,14.744989,0.219754,-0.285929,-0.100320,0.185609,1.000000,1.000000,0.000000,C-06,0,0,0,1,1,0,0.010184,-0.082596,0.8125,0.3665,0.2699,2,ok
0,619,68.840000,-1.849980,1.450602,2.971675,0.001867,-0.002655,14.767047,0.220098,0.315516,0.049680,-0.265836,1.000000,1.000000,0.000000,C-06,0,0,0,1,1,0,0.008089,-0.093990,0.7917,0.3594,0.2674,2,ok
0,620,68.960000,-1.876029,1.455140,2.986067,0.001817,0.011736,14.793488,0.220586,0.399845,0.199680,-0.200165,1.000000,1.000000,0.000000,C-06,0,0,0,1,1,0,0.008998,-0.126726,0.8125,0.3201,0.2660,2,ok
0,621,69.060000,-1.897797,1.458921,3.007704,0.001786,0.033373,14.815582,0.221250,0.500038,0.349680,-0.150358,1.000000,1.000000,0.000000,C-06,0,0,0,1,1,0,0.006093,-0.106944,0.7708,0.3468,0.2649,2,ok
0,622,69.180000,-1.924019,1.463459,3.046053,0.000853,0.040933,14.842240,0.222200,0.515856,0.499680,-0.016176,1.000000,1.000000,0.000000,C-06,0,0,0,1,1,0,0.005504,-0.089172,0.7500,0.3702,0.2667,2,ok
0,623,69.300000,-1.950332,1.467249,3.074949,0.000671,0.069829,14.868823,0.221362,0.232613,0.349680,0.117067,1.000000,1.000000,0.000000,C-06,0,0,0,1,1,0,0.008510,-0.059129,0.7292,0.3304,0.2660,2,ok
0,624,69.400000,-1.972293,1.469394,3.089396,0.000710,0.054857,14.890917,0.220569,0.022148,0.199680,0.177532,1.000000,1.000000,0.000000,C-06,0,0,0,1,1,0,0.004862,0.038441,0.6667,0.4286,0.2694,2,ok
0,625,69.520000,-1.998661,1.470982,3.094209,0.001676,0.059670,14.917315,0.220104,-0.106950,0.049680,0.156631,1.000000,1.000000,0.000000,C-06,0,0,0,1,1,0,0.008727,0.031427,0.7917,0.3801,0.2666,2,ok
0,626,69.620000,-2.020634,1.472043,3.088191,0.002397,0.027176,14.939345,0.219940,-0.337198,-0.100320,0.236878,1.000000,1.000000,0.000000,C-06,0,0,0,1,1,0,0.010941,0.009928,0.8125,0.3460,0.2644,3,ok
0,627,69.740000,-2.046981,1.473299,3.068728,0.003096,0.007713,14.965713,0.219681,-0.462249,-0.250320,0.211929,1.000000,1.000000,0.000000,C-06,0,0,0,1,1,0,0.009724,-0.023060,0.8333,0.3803,0.2696,2,ok
0,628,69.840000,-2.068916,1.474585,3.061257,0.003256,-0.022780,14.987739,0.219723,0.406818,-0.100320,-0.507138,1.000000,1.000000,0.000000,C-06,0,0,0,1,1,0,0.007739,-0.027602,0.7708,0.3703,0.2693,2,ok
0,629,69.960000,-2.095234,1.476659,3.064408,0.002702,-0.019629,15.014132,0.220041,1.000000,0.049680,-0.950320,1.000000,1.000000,0.000000,C-06,0,0,0,1,1,0,0.007782,-0.063292,0.7708,0.3378,0.2680,2,ok
0,630,70.060000,-2.117177,1.478411,3.076874,0.002073,-0.025737,15.036181,0.220227,1.000000,0.199680,-0.800320,1.000000,1.000000,0.000000,C-06,0,0,0,1,1,0,0.002851,-0.077452,0.7917,0.3966,0.2696,2,ok
0,631,70.180000,-2.143537,1.480515,3.096593,0.000979,-0.006018,15.062602,0.220466,0.243571,0.243571,0.000000,1.000000,1.000000,0.000000,,0,0,0,1,1,0,0.004000,-0.067144,0.7292,0.3620,0.2689,2,ok
0,632,70.300000,-2.169924,1.482618,3.128326,-0.000251,0.008581,15.089047,0.220673,0.510073,0.393571,-0.116502,1.000000,1.000000,0.000000,C-06,0,0,0,1,1,0,0.004479,-0.074791,0.7292,0.3751,0.2671,2,ok
0,633,70.400000,-2.191923,1.483793,-3.136489,-0.000962,0.026952,15.111067,0.220213,0.251293,0.251293,0.000000,1.000000,1.000000,0.000000,,0,0,0,1,1,0,0.002775,-0.014256,0.7500,0.4177,0.2718,2,ok
0,634,70.520000,-2.218322,1.484087,-3.127074,-0.000771,0.018725,15.137453,0.219981,-0.369954,0.101293,0.471247,1.000000,1.000000,0.000000,C-06,0,0,0,1,1,0,0.005919,0.005175,0.7917,0.3829,0.2698,2,ok
0,635,70.620000,-2.240320,1.483794,-3.129601,-0.000393,0.016198,15.159449,0.220008,-0.238584,-0.048707,0.189877,1.000000,1.000000,0.000000,C-06,0,0,0,1,1,0,0.007045,-0.012148,0.8333,0.3679,0.2642,2,ok
0,636,70.740000,-2.266717,1.483478,-3.121665,0.000023,0.024134,15.185428,0.219973,0.173839,0.101293,-0.072546,1.000000,1.000000,0.000000,C-06,0,0,0,1,1,0,0.004432,0.000951,0.8333,0.4244,0.2683,2,ok
0,637,70.840000,-2.288712,1.483043,-3.121965,0.000199,0.006618,15.207844,0.220004,-0.013616,-0.013616,0.000000,1.000000,1.000000,0.000000,,0,0,0,1,1,0,0.006113,-0.023286,0.7917,0.3822,0.2671,2,ok
0,638,70.960000,-2.315104,1.482502,-3.111625,0.000436,0.016959,15.234241,0.219951,0.398023,0.136384,-0.261639,1.000000,1.000000,0.000000,C-06,0,0,0,1,1,0,0.004449,-0.010758,0.8125,0.4216,0.2676,2,ok
0,639,71.060000,-2.337094,1.481846,-3.111831,0.000482,-0.000495,15.256249,0.220005,-0.063263,-0.013616,0.049647,1.000000,1.000000,0.000000,C-06,0,0,0,1,1,0,0.005995,-0.047987,0.7708,0.3895,0.2654,2,ok
0,640,71.180000,-2.363486,1.481040,-3.124459,0.000480,-0.013123,15.282654,0.220068,-0.168007,-0.163616,0.004391,1.000000,1.000000,0.000000,C-06,0,0,0,1,1,0,0.003823,-0.023700,0.7500,0.4201,0.2687,2,ok
0,641,71.300000,-2.389883,1.480536,-3.126446,-0.000155,-0.032760,15.309054,0.220009,0.254223,-0.013616,-0.267839,1.000000,1.000000,0.000000,C-06,0,0,0,1,1,0,-0.001090,-0.028189,0.7083,0.4633,0.2758,2,ok
0,642,71.400000,-2.411879,1.480150,-3.117973,-0.000821,-0.024288,15.331043,0.219975,0.696555,0.136384,-0.560171,1.000000,1.000000,0.000000,C-06,0,0,0,1,1,0,-0.000952,-0.058019,0.7708,0.4391,0.2696,2,ok
0,643,71.520000,-2.435923,1.479724,-3.096518,-0.001770,-0.020540,15.355051,0.197840,0.680016,0.286384,-0.393632,0.864555,0.900000,0.035445,C-06,0,0,0,1,1,0,-0.003296,-0.061039,0.8125,0.4768,0.2705,2,ok
0,644,71.620000,-2.457277,1.479346,-3.067793,-0.002784,0.008185,15.376384,0.219461,0.605634,0.436384,-0.169250,1.000000,1.000000,0.000000,C-06,0,0,0,1,1,0,-0.001441,-0.078700,0.8333,0.4348,0.2684,2,ok
0,645,71.740000,-2.483579,1.478414,-3.043987,-0.003727,0.014328,15.402621,0.219219,-0.211193,0.286384,0.497577,1.000000,1.000000,0.000000,C-06,0,0,0,1,1,0,0.001878,-0.046015,0.7917,0.4002,0.2665,2,ok
0,646,71.840000,-2.505462,1.476717,-3.034145,-0.003881,0.024171,15.424570,0.219513,-0.172505,0.136384,0.308889,1.000000,1.000000,0.000000,C-06,0,0,0,1,1,0,0.000939,-0.017582,0.7917,0.4476,0.2691,2,ok
0,647,71.960000,-2.531710,1.473913,-3.034619,-0.003369,0.006024,15.450908,0.220013,-0.148354,-0.013616,0.134738,1.000000,1.000000,0.000000,C-06,0,0,0,1,1,0,0.002183,0.011374,0.7708,0.4290,0.2643,2,ok
0,648,72.060000,-2.553592,1.471551,-3.041661,-0.003204,-0.001018,15.472916,0.220164,-0.116002,-0.116002,0.000000,1.000000,1.000000,0.000000,,0,0,0,1,1,0,0.000453,0.023557,0.7500,0.4561,0.2677,2,ok
0,649,72.180000,-2.579858,1.468918,-3.039577,-0.003208,0.001067,15.498573,0.219947,0.223364,0.033998,-0.189366,1.000000,1.000000,0.000000,C-06,0,0,0,1,1,0,-0.002275,-0.002484,0.7708,0.4901,0.2687,2,ok
0,650,72.300000,-2.606103,1.466296,-3.026021,-0.003731,-0.003107,15.525624,0.219639,0.436247,0.183998,-0.252249,1.000000,1.000000,0.000000,C-06,0,0,0,1,1,0,-0.001205,-0.007993,0.7083,0.4424,0.2693,2,ok
0,651,72.400000,-2.626059,1.464142,-3.006500,-0.003959,0.016415,15.545694,0.197468,0.473307,0.333998,-0.139309,0.900297,0.900297,0.000000,C-06,0,0,0,1,1,0,-0.003605,-0.005415,0.7917,0.5049,0.2697,2,ok
0,652,72.520000,-2.651576,1.461236,-2.991475,-0.004456,0.014227,15.571303,0.219127,0.145800,0.183998,0.038198,1.000000,1.000000,0.000000,C-06,0,0,0,1,1,0,-0.000730,-0.008855,0.7917,0.4479,0.2683,2,ok
0,653,72.620000,-2.673323,1.458068,-2.988520,-0.004271,0.017181,15.593278,0.219821,0.027584,0.033998,0.006414,1.000000,1.000000,0.000000,C-06,0,0,0,1,1,0,-0.001970,-0.014592,0.8125,0.5125,0.2705,2,ok
0,654,72.740000,-2.699389,1.454181,-2.975395,-0.004249,0.011512,15.619558,0.219396,0.247597,0.183998,-0.063599,1.000000,1.000000,0.000000,C-06,0,0,0,1,1,0,0.000222,-0.014064,0.8125,0.4654,0.2674,2,ok
0,655,72.840000,-2.721050,1.450942,-2.955268,-0.004367,0.031640,15.641460,0.218652,0.420025,0.333998,-0.086027,1.000000,1.000000,0.000000,C-06,0,0,0,1,1,0,-0.000780,-0.006058,0.7917,0.5105,0.2663,2,ok
0,656,72.960000,-2.746955,1.446603,-2.940801,-0.004253,0.028308,15.667655,0.218888,0.104041,0.183998,0.079957,1.000000,1.000000,0.000000,C-06,0,0,0,1,1,0,0.001919,-0.017452,0.7500,0.4623,0.2642,2,ok
0,657,73.060000,-2.768506,1.442324,-2.938033,-0.003692,0.031075,15.689619,0.219780,-0.143556,0.033998,0.177555,1.000000,1.000000,0.000000,C-06,0,0,0,1,1,0,0.003259,0.004698,0.7083,0.4679,0.2632,2,ok
0,658,73.180000,-2.794380,1.436991,-2.945934,-0.003019,0.004200,15.715954,0.220327,-0.249390,-0.116002,0.133388,1.000000,1.000000,0.000000,C-06,0,0,0,1,1,0,-0.002540,0.082680,0.7500,0.6029,0.2688,2,ok
0,659,73.300000,-2.820273,1.431857,-2.944157,-0.002974,0.005976,15.742351,0.219908,0.061765,0.033998,-0.027767,1.000000,1.000000,0.000000,C-06,0,0,0,1,1,0,-0.006383,0.081789,0.7708,0.6475,0.2744,2,ok
0,660,73.400000,-2.841825,1.427592,-2.933849,-0.003001,-0.002502,15.764280,0.219483,0.295436,0.183998,-0.111438,1.000000,1.000000,0.000000,C-06,0,0,0,1,1,0,-0.006499,0.027640,0.7917,0.6612,0.2695,2,ok
0,661,73.520000,-2.867594,1.422473,-2.910252,-0.003311,0.021095,15.790551,0.218402,0.556837,0.333998,-0.222839,1.000000,1.000000,0.000000,C-06,0,0,0,1,1,0,-0.002523,0.036237,0.7917,0.5574,0.2694,2,ok
0,662,73.620000,-2.888976,1.417876,-2.898322,-0.003226,0.033025,15.812421,0.218733,0.128279,0.183998,0.055719,1.000000,1.000000,0.000000,C-06,0,0,0,1,1,0,-0.006126,0.049328,0.8125,0.7135,0.2674,2,ok
0,663,73.740000,-2.914587,1.411624,-2.895216,-0.003004,0.015977,15.838708,0.219754,-0.047249,0.033998,0.081247,1.000000,1.000000,0.000000,C-06,0,0,0,1,1,0,-0.006728,0.155032,0.8125,0.7553,0.2720,2,ok
0,664,73.840000,-2.935901,1.406345,-2.886653,-0.002747,0.024539,15.860664,0.219365,0.149475,0.149475,0.000000,1.000000,1.000000,0.000000,,0,0,0,1,1,0,-0.005425,0.187534,0.7292,0.7382,0.2756,2,ok
0,665,73.960000,-2.961418,1.399976,-2.877830,-0.002758,0.014313,15.886919,0.219111,0.121449,0.121449,0.000000,1.000000,1.000000,0.000000,,0,0,0,1,1,0,-0.007203,0.167786,0.7500,0.8043,0.2749,2,ok
0,666,74.060000,-2.982615,1.394546,-2.862780,-0.002692,0.029362,15.908800,0.218418,0.262354,0.262354,0.000000,1.000000,1.000000,0.000000,,0,0,0,1,1,0,-0.004573,0.049745,0.7292,0.7582,0.2628,2,ok
0,667,74.180000,-3.007893,1.388005,-2.834630,-0.002957,0.036416,15.934846,0.216966,0.573936,0.412354,-0.161582,1.000000,1.000000,0.000000,C-06,0,0,0,1,1,0,-0.008390,0.147095,0.7292,0.8556,0.2740,2,ok
0,668,74.300000,-3.032980,1.380628,-2.815786,-0.002573,0.055259,15.960993,0.217972,0.072994,0.262354,0.189360,1.000000,1.000000,0.000000,C-06,0,0,0,1,1,0,-0.009114,0.320000,0.7500,0.9189,0.2841,2,ok
0,669,74.400000,-3.053796,1.373819,-2.808645,-0.001819,0.041640,15.982841,0.219105,-0.384976,0.112354,0.497330,1.000000,1.000000,0.000000,C-06,0,0,0,1,1,0,-0.006501,0.148597,0.7917,0.9624,0.2695,2,ok
0,670,74.520000,-3.078751,1.365204,-2.810530,-0.000680,0.039755,16.009217,0.220145,-0.115529,-0.037646,0.077883,1.000000,1.000000,0.000000,C-06,0,0,0,1,1,0,-0.006342,0.154981,0.8125,1.0051,0.2700,2,ok
0,671,74.620000,-3.099538,1.358053,-2.804763,0.000040,0.023097,16.031183,0.219621,0.137293,0.112354,-0.024939,1.000000,1.000000,0.000000,C-06,0,0,0,1,1,0,-0.007519,0.299746,0.8125,1.0819,0.2749,2,ok
0,672,74.740000,-3.124461,1.349329,-2.806729,0.000656,0.021131,16.057581,0.220147,-0.088133,-0.037646,0.050487,1.000000,1.000000,0.000000,C-06,0,0,0,1,1,0,-0.008187,0.295865,0.7917,1.1317,0.2721,2,ok
0,673,74.840000,-3.145220,1.342099,-2.800975,0.001049,0.004057,16.079582,0.219618,0.433916,0.112354,-0.321562,1.000000,1.000000,0.000000,C-06,0,0,0,1,1,0,-0.005346,0.074473,0.7708,1.0874,0.2676,2,ok
0,674,74.960000,-3.170031,1.333417,-2.783896,0.001094,0.021136,16.105868,0.218465,0.614640,0.262354,-0.352286,1.000000,1.000000,0.000000,C-06,0,0,0,1,1,0,-0.005388,0.057657,0.7500,1.1125,0.2676,2,ok
0,675,75.060000,-3.190566,1.326173,-2.765036,0.001187,0.039995,16.127644,0.217319,0.344156,0.344156,0.000000,1.000000,1.000000,0.000000,,0,0,0,1,1,0,-0.006009,0.294502,0.7292,1.1631,0.2729,2,ok
0,676,75.180000,-3.215034,1.316901,-2.748625,0.001270,0.031907,16.153839,0.218117,0.239680,0.239680,0.000000,1.000000,1.000000,0.000000,,0,0,0,1,1,0,-0.009474,0.263169,0.7292,1.3080,0.2762,2,ok
0,677,75.300000,-3.239386,1.306954,-2.742042,0.002004,0.038491,16.180133,0.219287,-0.495144,0.089680,0.584823,1.000000,1.000000,0.000000,C-06,0,0,0,1,1,0,-0.005859,0.216768,0.7500,1.2877,0.2740,2,ok
0,678,75.400000,-3.259657,1.298407,-2.743538,0.002342,0.011761,16.202182,0.220124,-0.037648,-0.037648,0.000000,1.000000,1.000000,0.000000,,0,0,0,1,1,0,-0.000339,-0.015798,0.7917,1.1912,0.2653,2,ok
0,679,75.520000,-3.283962,1.288175,-2.736850,0.002686,0.018449,16.228551,0.219484,0.157320,0.112352,-0.044968,1.000000,1.000000,0.000000,C-06,0,0,0,1,1,0,-0.005423,0.063782,0.8333,1.3492,0.2713,2,ok
0,680,75.620000,-3.302358,1.280302,-2.723803,0.002704,0.004092,16.248634,0.197161,0.889338,0.262352,-0.626986,0.895808,0.900000,0.004192,C-06,0,0,0,1,1,0,-0.008137,0.158394,0.7917,1.4604,0.2723,2,ok
0,681,75.740000,-3.324543,1.270874,-2.697926,0.002464,0.029970,16.272737,0.201060,0.816823,0.412352,-0.404471,0.927748,0.927748,0.000000,C-06,0,0,0,1,1,0,0.000278,0.041821,0.7500,1.2693,0.2689,2,ok
0,682,75.840000,-3.343951,1.262209,-2.668937,0.002479,0.029479,16.294063,0.216067,0.914977,0.562352,-0.352625,1.000000,1.000000,0.000000,C-06,0,0,0,1,1,0,-0.003658,0.106917,0.7917,1.4149,0.2700,2,ok
0,683,75.960000,-3.367293,1.250641,-2.642579,0.003015,0.055837,16.320108,0.217263,0.094246,0.412352,0.318106,1.000000,1.000000,0.000000,C-06,0,0,0,1,1,0,-0.001942,0.013228,0.7500,1.4062,0.2679,2,ok
0,684,76.060000,-3.386533,1.240349,-2.628567,0.004141,0.069849,16.341899,0.218319,-1.000000,0.262352,1.262352,1.000000,1.000000,0.000000,C-06,0,0,0,1,1,0,0.005938,-0.034626,0.7292,1.2693,0.2603,2,ok
0,685,76.180000,-3.409484,1.227490,-2.621164,0.005166,0.042019,16.368321,0.219294,-0.601987,0.112352,0.714340,1.000000,1.000000,0.000000,C-06,0,0,0,1,1,0,0.005938,-0.034626,0.7292,1.2693,0.2603,2,ok
0,686,76.300000,-3.431985,1.214539,-2.612034,0.006473,0.051149,16.394250,0.215736,0.153853,0.153853,0.000000,0.983615,0.983615,0.000000,,0,0,0,1,1,0,0.008745,-0.091759,0.7292,1.2301,0.2604,2,ok
0,687,76.400000,-3.450869,1.203607,-2.600070,0.006921,0.022402,16.416297,0.218575,0.247125,0.247125,0.000000,1.000000,1.000000,0.000000,,0,0,0,1,1,0,0.004722,0.196600,0.8125,1.3374,0.2735,2,ok
0,688,76.520000,-3.473339,1.190118,-2.577055,0.007796,0.045417,16.442490,0.217954,0.547137,0.397125,-0.150012,1.000000,1.000000,0.000000,C-06,0,0,0,1,1,0,0.004921,-0.168879,0.8125,1.3235,0.2638,2,ok
0,689,76.620000,-3.491411,1.178667,-2.551027,0.008348,0.025446,16.464321,0.212690,0.676146,0.547125,-0.129021,0.977677,0.977677,0.000000,C-06,0,0,0,1,1,0,0.002787,-0.187356,0.7917,1.3803,0.2702,2,ok
0,690,76.740000,-3.513036,1.164111,-2.516772,0.009152,0.059701,16.490376,0.218049,0.600132,0.600132,0.000000,1.000000,1.000000,0.000000,,0,0,0,1,1,0,0.009188,-0.052154,0.7500,1.2272,0.2682,2,ok
0,691,76.840000,-3.530737,1.151267,-2.495128,0.010373,0.030277,16.512762,0.218903,0.396755,0.450132,0.053377,1.000000,1.000000,0.000000,C-06,0,0,0,1,1,0,0.009500,-0.174764,0.7708,1.2470,0.2629,2,ok
0,692,76.960000,-3.551671,1.135308,-2.478085,0.011321,0.047319,16.539069,0.219476,-0.150410,0.300132,0.450541,1.000000,1.000000,0.000000,C-06,0,0,0,1,1,0,0.012501,-0.030786,0.7083,1.2002,0.2703,2,ok
0,693,77.060000,-3.568308,1.122208,-2.470608,0.012415,0.054797,16.560216,0.210844,-0.027634,0.150132,0.177765,0.959350,0.959350,0.000000,C-06,0,0,0,1,1,0,0.010058,-0.070982,0.7083,1.2597,0.2689,2,ok
0,694,77.180000,-3.587910,1.106541,-2.463019,0.012783,0.006763,16.585989,0.208911,0.137785,0.137785,0.000000,0.950280,0.950280,0.000000,,0,0,0,1,1,0,0.013096,-0.164638,0.7083,1.1487,0.2650,2,ok
0,695,77.300000,-3.607344,1.090670,-2.447872,0.013167,0.021909,16.611078,0.209171,0.520443,0.287785,-0.232657,0.951358,0.951358,0.000000,C-06,0,0,0,1,1,0,0.013790,-0.228097,0.7500,1.1086,0.2575,2,ok
0,696,77.400000,-3.623693,1.076829,-2.428696,0.013247,-0.014875,16.633269,0.215081,0.483113,0.437785,-0.045327,0.976508,0.976508,0.000000,C-06,0,0,0,1,1,0,0.009878,-0.109680,0.8125,1.1713,0.2717,2,ok
0,697,77.520000,-3.641748,1.060935,-2.405497,0.013117,0.008324,16.657323,0.199775,0.421700,0.421700,0.000000,0.904233,0.904233,0.000000,,0,0,0,1,1,0,0.006381,-0.088871,0.8125,1.2375,0.2689,2,ok
0,698,77.620000,-3.656102,1.047744,-2.379304,0.013429,0.034517,16.676815,0.194162,0.840720,0.571700,-0.269020,0.878732,0.878732,0.000000,C-06,0,0,0,1,1,0,0.007457,-0.260540,0.7917,1.1576,0.2632,2,ok
0,699,77.740000,-3.673622,1.030472,-2.347492,0.013369,0.010072,16.702202,0.207226,0.550377,0.550377,0.000000,0.942999,0.942999,0.000000,,0,0,0,1,1,0,0.008725,-0.281335,0.7500,1.1295,0.2632,2,ok
0,700,77.840000,-3.688724,1.014854,-2.327907,0.013733,0.029657,16.723924,0.219348,0.241316,0.400377,0.159061,1.000000,1.000000,0.000000,C-06,0,0,0,1,1,0,0.013545,-0.163058,0.7500,0.9985,0.2643,2,ok
0,701,77.960000,-3.705211,0.997174,-2.313234,0.013888,-0.011752,16.748881,0.199570,0.228827,0.250377,0.021550,0.909949,0.909949,0.000000,C-06,0,0,0,1,1,0,0.014326,-0.265432,0.7708,0.9819,0.2573,2,ok
0,702,78.060000,-3.718381,0.982630,-2.295271,0.013762,0.006211,16.768501,0.195795,0.417930,0.400377,-0.017554,0.892557,0.892557,0.000000,C-06,0,0,0,1,1,0,0.011187,-0.192318,0.7500,1.0182,0.2617,2,ok
0,703,78.180000,-3.734448,0.963985,-2.265967,0.014208,0.035514,16.793048,0.206934,0.704293,0.550377,-0.153916,0.939892,0.939892,0.000000,C-06,0,0,0,1,1,0,0.013553,0.015589,0.6667,0.9483,0.2663,2,ok
0,704,78.300000,-3.750917,0.943787,-2.241157,0.013927,0.005093,16.819954,0.219463,0.449022,0.449022,0.000000,0.994731,0.994731,0.000000,,0,0,0,1,1,0,0.010733,0.044267,0.6875,0.9741,0.2734,2,ok
0,705,78.400000,-3.763526,0.927760,-2.226868,0.014081,0.019382,16.840346,0.202720,0.017956,0.299022,0.281066,0.918746,0.918746,0.000000,C-06,0,0,0,1,1,0,0.010939,-0.095316,0.7708,0.9845,0.2693,2,ok
0,706,78.520000,-3.779186,0.907208,-2.218003,0.013781,-0.025578,16.866936,0.218720,0.077481,0.149022,0.071541,0.993103,0.993103,0.000000,C-06,0,0,0,1,1,0,0.009453,-0.198889,0.8125,1.0013,0.2692,2,ok
0,707,78.620000,-3.792044,0.890092,-2.205475,0.013280,-0.013050,16.888337,0.213948,0.277882,0.277882,0.000000,0.968905,0.968905,0.000000,,0,0,0,1,1,0,0.007333,-0.224117,0.7917,0.9765,0.2700,2,ok
0,708,78.740000,-3.807222,0.869232,-2.181623,0.012633,-0.041230,16.914822,0.215724,0.727506,0.427882,-0.299624,0.973352,0.973352,0.000000,C-06,0,0,0,1,1,0,0.007302,-0.274417,0.7708,0.9183,0.2654,2,ok
0,709,78.840000,-3.819610,0.851112,-2.154416,0.011924,-0.014023,16.936760,0.221233,0.898726,0.577882,-0.320844,1.000000,1.000000,0.000000,C-06,0,0,0,1,1,0,0.006042,-0.268752,0.7708,0.9087,0.2705,2,ok
0,710,78.960000,-3.834279,0.829076,-2.118634,0.011397,0.021758,16.962873,0.220879,0.607665,0.607665,0.000000,0.988221,0.988221,0.000000,,0,0,0,1,1,0,0.004183,-0.250494,0.7708,0.9296,0.2709,2,ok
0,711,79.060000,-3.846002,0.810259,-2.095008,0.010458,-0.005260,16.985960,0.221895,0.387492,0.457665,0.070172,0.995484,0.995484,0.000000,C-06,0,0,0,1,1,0,0.007113,-0.212866,0.7083,0.8226,0.2628,2,ok
0,712,79.180000,-3.859488,0.787281,-2.075417,0.010072,0.014331,17.012601,0.222097,0.311406,0.311406,0.000000,1.000000,1.000000,0.000000,,0,0,0,1,1,0,0.002271,-0.061170,0.7500,0.9368,0.2756,2,ok
0,713,79.300000,-3.872415,0.764102,-2.064818,0.009314,-0.023076,17.039601,0.221115,-0.021802,0.161406,0.183208,1.000000,1.000000,0.000000,C-06,0,0,0,1,1,0,-0.000092,0.069259,0.6875,0.9250,0.2831,2,ok
0,714,79.400000,-3.882612,0.745391,-2.049528,0.008681,-0.007785,17.060901,0.212658,0.339672,0.311406,-0.028266,0.957450,0.957450,0.000000,C-06,0,0,0,1,1,0,0.002686,0.050317,0.7083,0.8335,0.2835,2,ok
0,715,79.520000,-3.894450,0.723343,-2.023179,0.007543,-0.027220,17.086296,0.208484,0.427834,0.427834,0.000000,0.932576,0.932576,0.000000,,0,0,0,1,1,0,0.001993,-0.041688,0.7917,0.8250,0.2793,2,ok
0,716,79.620000,-3.904115,0.704169,-2.001215,0.006557,-0.005256,17.107745,0.216409,0.410092,0.410092,0.000000,0.969099,0.969099,0.000000,,0,0,0,1,1,0,0.000809,-0.034785,0.7708,0.8225,0.2724,2,ok
0,717,79.740000,-3.915637,0.680123,-1.974991,0.005697,-0.021994,17.134633,0.223343,0.402551,0.402551,0.000000,1.000000,1.000000,0.000000,,0,0,0,1,1,0,-0.000586,-0.126121,0.7917,0.8453,0.2666,2,ok
0,718,79.840000,-3.924774,0.659821,-1.957538,0.004760,-0.004541,17.156877,0.222589,0.309733,0.309733,0.000000,1.000000,1.000000,0.000000,,0,0,0,1,1,0,0.002919,-0.156394,0.7500,0.7324,0.2612,2,ok
0,719,79.960000,-3.935390,0.635229,-1.927440,0.004046,0.025557,17.183652,0.223970,0.513932,0.459733,-0.054199,1.000000,1.000000,0.000000,C-06,0,0,0,1,1,0,-0.000659,-0.154983,0.7708,0.8376,0.2690,2,ok
0,720,80.060000,-3.943735,0.614535,-1.906638,0.003117,0.005339,17.206117,0.223073,0.359387,0.359387,0.000000,1.000000,1.000000,0.000000,,0,0,0,1,1,0,0.002173,-0.143305,0.7292,0.7633,0.2680,2,ok
0,721,80.180000,-3.952902,0.589543,-1.891595,0.002769,0.020382,17.232734,0.221745,-0.187860,0.209387,0.397247,1.000000,1.000000,0.000000,C-06,0,0,0,1,1,0,0.002675,-0.092267,0.7292,0.7530,0.2622,2,ok
0,722,80.300000,-3.961370,0.564469,-1.886952,0.002403,-0.012781,17.259299,0.220482,-0.278645,0.059387,0.338031,1.000000,1.000000,0.000000,C-06,0,0,0,1,1,0,-0.003862,0.028679,0.7083,0.8509,0.2760,2,ok
0,723,80.400000,-3.968295,0.543524,-1.875714,0.002009,-0.001544,17.281356,0.220923,0.580222,0.209387,-0.370836,1.000000,1.000000,0.000000,C-06,0,0,0,1,1,0,-0.000844,-0.045588,0.7292,0.7764,0.2719,2,ok
0,724,80.520000,-3.976599,0.518253,-1.851383,0.001091,-0.013028,17.308003,0.222365,0.900252,0.359387,-0.540866,1.000000,1.000000,0.000000,C-06,0,0,0,1,1,0,-0.000168,-0.148071,0.8333,0.7271,0.2661,2,ok
0,725,80.620000,-3.983518,0.497030,-1.821898,-0.000047,0.016457,17.330296,0.223965,1.000000,0.509387,-0.490613,1.000000,1.000000,0.000000,C-06,0,0,0,1,1,0,0.002080,-0.172102,0.7708,0.6655,0.2656,2,ok
0,726,80.740000,-3.991723,0.471316,-1.774381,-0.001513,0.030526,17.357216,0.225307,1.000000,0.659387,-0.340613,1.000000,1.000000,0.000000,C-06,0,0,0,1,1,0,0.002332,-0.154763,0.7292,0.6580,0.2645,2,ok
0,727,80.840000,-3.997553,0.449701,-1.741686,-0.002219,0.063221,17.379592,0.223633,-0.632853,0.509387,1.142240,1.000000,1.000000,0.000000,C-06,0,0,0,1,1,0,0.002902,-0.141852,0.7292,0.6569,0.2648,2,ok
0,728,80.960000,-4.003219,0.423624,-1.713357,-0.001739,0.091550,17.403113,0.222193,-0.812130,0.359387,1.171517,1.000000,1.000000,0.000000,C-06,0,0,0,1,1,0,0.004702,-0.051980,0.7500,0.6569,0.2655,2,ok
0,729,81.060000,-4.006982,0.401825,-1.698975,-0.001152,0.072829,17.428330,0.221107,-0.703293,0.209387,0.912679,1.000000,1.000000,0.000000,C-06,0,0,0,1,1,0,0.010426,-0.051106,0.7292,0.5481,0.2641,2,ok
0,730,81.180000,-4.010579,0.375632,-1.693639,0.000574,0.078165,17.454713,0.220278,-0.605506,0.059387,0.664893,1.000000,1.000000,0.000000,C-06,0,0,0,1,1,0,0.012205,-0.058618,0.6875,0.5139,0.2648,2,ok
0,731,81.300000,-4.013824,0.349439,-1.699851,0.001908,0.038219,17.481094,0.219832,-0.207031,-0.090613,0.116417,1.000000,1.000000,0.000000,C-06,0,0,0,1,1,0,0.012365,-0.020874,0.6667,0.5170,0.2645,2,ok
0,732,81.400000,-4.016653,0.327619,-1.696715,0.002839,0.041355,17.503077,0.220092,0.347491,0.059387,-0.288105,1.000000,1.000000,0.000000,C-06,0,0,0,1,1,0,0.005666,-0.032353,0.7500,0.6294,0.2704,2,ok
0,733,81.520000,-4.020061,0.301405,-1.681247,0.003293,0.022964,17.529616,0.220477,0.389977,0.209387,-0.180590,1.000000,1.000000,0.000000,C-06,0,0,0,1,1,0,0.009827,-0.081086,0.7500,0.5078,0.2681,2,ok
0,734,81.620000,-4.022900,0.279514,-1.658323,0.003447,0.045887,17.551690,0.220964,0.411360,0.359387,-0.051973,1.000000,1.000000,0.000000,C-06,0,0,0,1,1,0,0.006685,-0.086512,0.7708,0.5646,0.2640,2,ok
0,735,81.740000,-4.025957,0.253196,-1.640720,0.003472,0.028710,17.578330,0.220733,0.203144,0.209387,0.006243,1.000000,1.000000,0.000000,C-06,0,0,0,1,1,0,0.006616,-0.034358,0.7708,0.5962,0.2663,2,ok
0,736,81.840000,-4.027712,0.231246,-1.635975,0.003818,0.033455,17.600348,0.220166,-0.123952,0.059387,0.183338,1.000000,1.000000,0.000000,C-06,0,0,0,1,1,0,0.009172,-0.064018,0.7292,0.5170,0.2670,2,ok
0,737,81.960000,-4.029706,0.204890,-1.619780,0.004125,0.015401,17.626913,0.220355,0.223701,0.209387,-0.014314,1.000000,1.000000,0.000000,C-06,0,0,0,1,1,0,0.015855,-0.066818,0.7292,0.2778,0.2472,2,ok
0,738,82.060000,-4.031322,0.182910,-1.607948,0.003889,0.027233,17.648951,0.220369,0.169276,0.169276,0.000000,1.000000,1.000000,0.000000,,0,0,0,1,1,0,0.007445,-0.071499,0.7083,0.5627,0.2676,2,ok
0,739,82.180000,-4.033111,0.156519,-1.582321,0.003756,0.052860,17.674454,0.220487,0.491381,0.319276,-0.172105,1.000000,1.000000,0.000000,C-06,0,0,0,1,1,0,0.008639,-0.065576,0.6875,0.5089,0.2640,2,ok
0,740,82.300000,-4.034665,0.130120,-1.555350,0.002903,0.047382,17.701964,0.220215,0.318920,0.318920,0.000000,1.000000,1.000000,0.000000,,0,0,0,1,1,0,0.007058,-0.023622,0.6667,0.5603,0.2664,2,ok
0,741,82.400000,-4.034932,0.108126,-1.542691,0.003249,0.060040,17.723957,0.219919,-0.169490,0.168920,0.338410,1.000000,1.000000,0.000000,C-06,0,0,0,1,1,0,0.008240,-0.009716,0.7292,0.5317,0.2642,2,ok
0,742,82.520000,-4.034291,0.081737,-1.540278,0.004009,0.032862,17.750438,0.219978,-0.186119,0.018920,0.205040,1.000000,1.000000,0.000000,C-06,0,0,0,1,1,0,0.006091,0.045902,0.7917,0.6309,0.2715,2,ok
0,743,82.620000,-4.033696,0.059750,-1.533882,0.004604,0.039258,17.772426,0.219933,0.097029,0.097029,0.000000,1.000000,1.000000,0.000000,,0,0,0,1,1,0,0.011099,-0.052653,0.7708,0.4801,0.2653,2,ok
0,744,82.740000,-4.032993,0.034024,-1.523698,0.004872,0.021068,17.798285,0.214000,0.126174,0.126174,0.000000,0.973421,0.973421,0.000000,,0,0,0,1,1,0,0.005535,-0.001791,0.8333,0.6254,0.2679,2,ok
0,745,82.840000,-4.032007,0.012523,-1.524591,0.005292,0.020175,17.819805,0.215364,-0.024935,-0.023826,0.001110,0.978887,0.978887,0.000000,C-06,0,0,0,1,1,0,0.011353,-0.059179,0.7292,0.4613,0.2593,2,ok
0,746,82.960000,-4.030799,-0.013792,-1.516443,0.005511,0.002249,17.846290,0.219910,0.107987,0.107987,0.000000,1.000000,1.000000,0.000000,,0,0,0,1,1,0,0.006501,-0.024784,0.7708,0.5901,0.2617,2,ok
0,747,83.060000,-4.029792,-0.035751,-1.503062,0.005364,0.015629,17.868272,0.219737,0.205913,0.205913,0.000000,1.000000,1.000000,0.000000,,0,0,0,1,1,0,0.004239,-0.020740,0.7083,0.6430,0.2630,2,ok
0,748,83.180000,-4.028585,-0.062064,-1.475439,0.005018,0.018382,17.894749,0.219259,0.551789,0.355913,-0.195876,1.000000,1.000000,0.000000,C-06,0,0,0,1,1,0,0.007104,-0.020645,0.6458,0.5747,0.2649,2,ok
0,749,83.300000,-4.026999,-0.088314,-1.453664,0.004521,0.040157,17.921042,0.219070,0.268947,0.268947,0.000000,1.000000,1.000000,0.000000,,0,0,0,1,1,0,0.004182,0.026671,0.7083,0.6707,0.2695,2,ok
0,750,83.400000,-4.024806,-0.110151,-1.445185,0.004979,0.048636,17.941334,0.219500,-0.177162,0.118947,0.296109,1.000000,1.000000,0.000000,C-06,0,0,0,1,1,0,0.009054,-0.002802,0.7083,0.5774,0.2672,2,ok
0,751,83.520000,-4.021644,-0.136337,-1.441715,0.005405,0.027125,17.969471,0.219816,0.040466,0.040466,0.000000,1.000000,1.000000,0.000000,,0,0,0,1,1,0,0.008675,-0.011166,0.7917,0.6050,0.2647,2,ok
0,752,83.620000,-4.018962,-0.157798,-1.430310,0.005878,0.038529,17.991095,0.215670,0.249458,0.190466,-0.058992,0.982290,0.982290,0.000000,C-06,0,0,0,1,1,0,0.010024,-0.037034,0.7292,0.5787,0.2651,2,ok
0,753,83.740000,-4.015401,-0.183891,-1.426498,0.006239,0.017882,18.017556,0.219798,-0.004717,0.040466,0.045183,1.000000,1.000000,0.000000,C-06,0,0,0,1,1,0,0.011012,-0.051865,0.7292,0.5749,0.2658,2,ok
0,754,83.840000,-4.012511,-0.203648,-1.420602,0.006656,0.023778,18.037519,0.197889,0.099256,0.099256,0.000000,0.898769,0.900000,0.001231,C-06,0,0,0,1,1,0,0.008804,0.005274,0.7292,0.6549,0.2683,2,ok
0,755,83.960000,-4.009038,-0.228174,-1.407085,0.006656,0.013662,18.062471,0.207607,0.181988,0.181988,0.000000,0.947003,0.947003,0.000000,,0,0,0,1,1,0,0.010020,-0.054815,0.7083,0.6263,0.2678,2,ok
0,756,84.060000,-4.005884,-0.249649,-1.397671,0.006539,0.023076,18.084176,0.219203,0.145646,0.145646,0.000000,1.000000,1.000000,0.000000,,0,0,0,1,1,0,0.010599,-0.047005,0.6667,0.6237,0.2669,2,ok
0,757,84.180000,-4.001902,-0.275607,-1.376330,0.006327,0.019839,18.110589,0.218433,0.672273,0.295646,-0.376627,1.000000,1.000000,0.000000,C-06,0,0,0,1,1,0,0.004208,0.039644,0.6250,0.7918,0.2680,2,ok
0,758,84.300000,-3.997815,-0.301437,-1.348691,0.005860,0.047477,18.136737,0.217704,0.378807,0.378807,0.000000,1.000000,1.000000,0.000000,,0,0,0,1,1,0,0.008065,0.009111,0.6875,0.7191,0.2705,2,ok
0,759,84.400000,-3.993677,-0.322319,-1.334054,0.006197,0.037168,18.158161,0.212470,0.076323,0.228807,0.152484,0.972706,0.972706,0.000000,C-06,0,0,0,1,1,0,0.010011,0.054399,0.7083,0.7069,0.2700,2,ok
0,760,84.520000,-3.987737,-0.347883,-1.327576,0.007008,0.043646,18.184394,0.219441,-0.143053,0.078807,0.221859,1.000000,1.000000,0.000000,C-06,0,0,0,1,1,0,0.010558,0.004126,0.7708,0.7457,0.2691,2,ok
0,761,84.620000,-3.982453,-0.369243,-1.331120,0.008000,0.040102,18.206363,0.220180,-0.157339,-0.071193,0.086145,1.000000,1.000000,0.000000,C-06,0,0,0,1,1,0,0.007621,0.028356,0.7500,0.8654,0.2669,2,ok
0,762,84.740000,-3.976089,-0.394927,-1.344558,0.008459,0.001402,18.233056,0.220824,-0.193634,-0.193634,0.000000,1.000000,1.000000,0.000000,,0,0,0,1,1,0,0.010676,-0.048544,0.7292,0.7789,0.2663,2,ok
0,763,84.840000,-3.971042,-0.416377,-1.347970,0.008585,-0.002011,18.255091,0.220306,0.245885,-0.043634,-0.289520,1.000000,1.000000,0.000000,C-06,0,0,0,1,1,0,0.021827,-0.083476,0.6875,0.3862,0.2386,2,ok
0,764,84.960000,-3.965203,-0.442105,-1.340890,0.008006,-0.021150,18.281670,0.219668,1.000000,0.106366,-0.893634,1.000000,1.000000,0.000000,C-06,0,0,0,1,1,0,0.007745,-0.126203,0.7083,0.8233,0.2686,2,ok
0,765,85.060000,-3.960352,-0.463059,-1.326328,0.007541,-0.006588,18.303173,0.214114,1.000000,0.256366,-0.743634,0.976793,0.976793,0.000000,C-06,0,0,0,1,1,0,0.005550,-0.011706,0.6875,0.8601,0.2674,2,ok
0,766,85.180000,-3.954569,-0.485798,-1.299448,0.007142,-0.007860,18.326845,0.192065,0.648466,0.406366,-0.242100,0.876897,0.876897,0.000000,C-06,0,0,0,1,1,0,0.008415,-0.046171,0.6458,0.7970,0.2604,2,ok
0,767,85.300000,-3.948702,-0.509917,-1.263679,0.006177,0.027909,18.351648,0.211212,0.515951,0.515951,0.000000,1.000000,0.976897,-0.023103,C-06,0,0,0,1,1,0,0.009179,-0.080297,0.6875,0.8027,0.2627,2,ok
0,768,85.400000,-3.942818,-0.530744,-1.241687,0.005932,0.021357,18.373461,0.217215,-0.387957,0.365951,0.753908,1.000000,1.000000,0.000000,C-06,0,0,0,1,1,0,0.010626,-0.115082,0.7708,0.7911,0.2628,2,ok
0,769,85.520000,-3.934750,-0.555659,-1.226441,0.006123,0.036603,18.399650,0.218298,-0.748404,0.215951,0.964355,1.000000,1.000000,0.000000,C-06,0,0,0,1,1,0,0.010794,-0.114198,0.7917,0.8065,0.2587,2,ok
0,770,85.620000,-3.927457,-0.576350,-1.222092,0.006847,0.040952,18.420200,0.219468,-0.430889,0.065951,0.496839,1.000000,1.000000,0.000000,C-06,0,0,0,1,1,0,0.014088,-0.110524,0.7708,0.7456,0.2605,2,ok
0,771,85.740000,-3.918588,-0.601137,-1.216816,0.006942,0.015211,18.448122,0.219366,0.078643,0.078643,0.000000,1.000000,1.000000,0.000000,,0,0,0,1,1,0,0.013811,-0.095401,0.7500,0.7224,0.2630,2,ok
0,772,85.840000,-3.911065,-0.621730,-1.204744,0.007208,0.027283,18.470044,0.218844,0.928713,0.228643,-0.700069,1.000000,1.000000,0.000000,C-06,0,0,0,1,1,0,0.012381,-0.166187,0.7083,0.7340,0.2634,2,ok
0,773,85.960000,-3.902033,-0.645993,-1.180332,0.007023,0.017713,18.496149,0.214620,1.000000,0.378643,-0.621357,0.987488,0.987488,0.000000,C-06,0,0,0,1,1,0,0.012200,-0.174329,0.7500,0.7064,0.2615,2,ok
0,774,86.060000,-3.894523,-0.665003,-1.153520,0.007189,0.044525,18.516588,0.201970,0.512566,0.512566,0.000000,0.931618,0.931618,0.000000,,0,0,0,1,1,0,0.013959,-0.160856,0.6875,0.6509,0.2614,2,ok
0,775,86.180000,-3.884959,-0.687679,-1.129409,0.007474,0.032245,18.541465,0.205459,-0.124433,0.362566,0.486999,0.946169,0.946169,0.000000,C-06,0,0,0,1,1,0,0.012388,-0.005839,0.6667,0.6946,0.2646,2,ok
0,776,86.300000,-3.874058,-0.711288,-1.115339,0.008213,0.046315,18.567459,0.218431,-0.705882,0.212566,0.918449,1.000000,1.000000,0.000000,C-06,0,0,0,1,1,0,0.014217,-0.086275,0.7083,0.6588,0.2644,2,ok
0,777,86.400000,-3.864464,-0.731023,-1.111311,0.008988,0.011006,18.589772,0.219537,-0.469591,0.062566,0.532157,1.000000,1.000000,0.000000,C-06,0,0,0,1,1,0,0.016320,-0.119006,0.7292,0.5994,0.2622,2,ok
0,778,86.520000,-3.852777,-0.754677,-1.110160,0.009290,0.012157,18.616154,0.219889,0.015018,0.015018,0.000000,1.000000,1.000000,0.000000,,0,0,0,1,1,0,0.016320,-0.119006,0.7292,0.5994,0.2622,2,ok
0,779,86.620000,-3.843597,-0.773162,-1.102233,0.009568,0.020085,18.636791,0.204783,0.787426,0.165018,-0.622408,0.933566,0.933566,0.000000,C-06,0,0,0,1,1,0,0.013271,-0.157460,0.7500,0.6120,0.2704,2,ok
0,780,86.740000,-3.832112,-0.796361,-1.083016,0.008890,-0.001942,18.663055,0.217838,0.952348,0.315018,-0.637330,1.000000,1.000000,0.000000,C-06,0,0,0,1,1,0,0.011161,-0.163582,0.7500,0.6237,0.2728,2,ok
0,781,86.840000,-3.822108,-0.815678,-1.059778,0.008673,0.021296,18.684808,0.217025,1.000000,0.465018,-0.534982,1.000000,1.000000,0.000000,C-06,0,0,0,1,1,0,0.011838,-0.221747,0.7083,0.5643,0.2670,2,ok
0,782,86.960000,-3.809587,-0.838470,-1.023210,0.008236,0.016491,18.711215,0.216576,1.000000,0.615018,-0.384982,1.000000,1.000000,0.000000,C-06,0,0,0,1,1,0,0.009203,-0.184110,0.7083,0.6197,0.2685,2,ok
0,783,87.060000,-3.798390,-0.857113,-0.999581,0.008367,0.040120,18.732963,0.217693,-1.000000,0.465018,1.465018,1.000000,1.000000,0.000000,C-06,0,0,0,1,1,0,0.010295,-0.073234,0.7083,0.6116,0.2697,2,ok
0,784,87.180000,-3.784237,-0.879182,-0.980537,0.008888,0.020174,18.759522,0.218614,-0.429019,0.315018,0.744037,1.000000,1.000000,0.000000,C-06,0,0,0,1,1,0,0.008618,0.024601,0.6458,0.6709,0.2709,2,ok
0,785,87.300000,-3.769588,-0.901037,-0.970459,0.009314,0.030252,18.785830,0.219328,-0.278879,0.165018,0.443897,1.000000,1.000000,0.000000,C-06,0,0,0,1,1,0,0.010438,0.021929,0.6250,0.6482,0.2698,2,ok
0,786,87.400000,-3.757163,-0.919181,-0.969303,0.009732,-0.006086,18.808173,0.219940,-0.329010,0.015018,0.344028,1.000000,1.000000,0.000000,C-06,0,0,0,1,1,0,0.011626,-0.076499,0.7292,0.6282,0.2659,2,ok
0,787,87.520000,-3.742214,-0.940885,-0.960446,0.009524,0.002772,18.834526,0.219396,0.161619,0.161619,0.000000,1.000000,1.000000,0.000000,,0,0,0,1,1,0,0.011337,-0.114859,0.7708,0.6315,0.2662,2,ok
0,788,87.620000,-3.729594,-0.958827,-0.946234,0.009567,0.016983,18.856461,0.218989,0.500848,0.311619,-0.189229,1.000000,1.000000,0.000000,C-06,0,0,0,1,1,0,0.011132,-0.140860,0.7708,0.6086,0.2629,2,ok
0,789,87.740000,-3.714075,-0.980050,-0.920871,0.009318,0.007511,18.883052,0.218937,0.470411,0.461619,-0.008792,1.000000,1.000000,0.000000,C-06,0,0,0,1,1,0,0.011132,-0.140860,0.7708,0.6086,0.2629,2,ok
0,790,87.840000,-3.701546,-0.996264,-0.893413,0.009636,0.034968,18.903541,0.203455,0.740993,0.611619,-0.129374,0.928116,0.928116,0.000000,C-06,0,0,0,1,1,0,0.021761,-0.195411,0.6875,0.2617,0.2461,2,ok
0,791,87.960000,-3.685000,-1.016355,-0.867920,0.010262,0.028261,18.929887,0.219978,-0.085106,0.461619,0.546725,1.000000,1.000000,0.000000,C-06,0,0,0,1,1,0,0.013883,-0.116437,0.7083,0.5797,0.2647,2,ok
0,792,88.060000,-3.670656,-1.033055,-0.853392,0.011019,0.042788,18.951889,0.220272,-0.779357,0.311619,1.090976,1.000000,1.000000,0.000000,C-06,0,0,0,1,1,0,0.016587,-0.043776,0.6250,0.5821,0.2656,2,ok
0,793,88.180000,-3.653202,-1.052893,-0.843994,0.011821,0.020996,18.978689,0.220238,-0.441463,0.161619,0.603082,1.000000,1.000000,0.000000,C-06,0,0,0,1,1,0,0.016894,-0.019415,0.6875,0.5837,0.2672,2,ok
0,794,88.300000,-3.635644,-1.072612,-0.842874,0.012308,0.022116,19.005088,0.220018,-0.047890,0.011619,0.059509,1.000000,1.000000,0.000000,C-06,0,0,0,1,1,0,0.018684,-0.015507,0.6875,0.5543,0.2665,2,ok
0,795,88.400000,-3.621004,-1.089035,-0.842512,0.012531,-0.008234,19.027417,0.220011,0.007560,0.007560,0.000000,1.000000,1.000000,0.000000,,0,0,0,1,1,0,0.018123,-0.099941,0.7708,0.5607,0.2639,2,ok
0,796,88.520000,-3.603377,-1.108716,-0.836461,0.012402,-0.002183,19.053837,0.220226,0.116934,0.116934,0.000000,1.000000,1.000000,0.000000,,0,0,0,1,1,0,0.017414,-0.091171,0.7500,0.5421,0.2676,2,ok
0,797,88.620000,-3.588543,-1.125025,-0.824563,0.012462,0.009716,19.073476,0.220645,0.314895,0.266934,-0.047962,1.000000,1.000000,0.000000,C-06,0,0,0,1,1,0,0.013464,-0.135007,0.7083,0.5991,0.2682,2,ok
0,798,88.740000,-3.570403,-1.144292,-0.801300,0.012070,0.002777,19.102737,0.220420,0.510337,0.416934,-0.093403,1.000000,1.000000,0.000000,C-06,0,0,0,1,1,0,0.010129,-0.057034,0.7917,0.6768,0.2701,2,ok
0,799,88.840000,-3.554988,-1.160007,-0.787887,0.012264,0.016191,19.124750,0.220050,0.181627,0.266934,0.085306,1.000000,1.000000,0.000000,C-06,0,0,0,1,1,0,0.012937,-0.087545,0.7083,0.6260,0.2684,2,ok
0,800,88.960000,-3.536296,-1.178649,-0.780585,0.012087,-0.005272,19.151504,0.219970,0.055296,0.116934,0.061638,1.000000,1.000000,0.000000,C-06,0,0,0,1,1,0,0.012940,-0.115800,0.7708,0.6363,0.2666,2,ok
0,801,89.060000,-3.520597,-1.194037,-0.768221,0.012075,0.007093,19.173488,0.219740,0.275458,0.266934,-0.008524,1.000000,1.000000,0.000000,C-06,0,0,0,1,1,0,0.011628,-0.104091,0.7292,0.6661,0.2675,2,ok
0,802,89.180000,-3.501514,-1.212168,-0.745199,0.011888,0.001056,19.200177,0.219014,0.488034,0.416934,-0.071101,1.000000,1.000000,0.000000,C-06,0,0,0,1,1,0,0.012919,-0.013143,0.6667,0.6291,0.2699,2,ok
0,803,89.300000,-3.482056,-1.229917,-0.729873,0.012019,0.016382,19.226514,0.219539,-0.127753,0.266934,0.394687,1.000000,1.000000,0.000000,C-06,0,0,0,1,1,0,0.013586,-0.109886,0.7292,0.6364,0.2660,2,ok
0,804,89.400000,-3.465637,-1.244536,-0.724098,0.012015,-0.006626,19.248818,0.219842,-0.282168,0.116934,0.399102,1.000000,1.000000,0.000000,C-06,0,0,0,1,1,0,0.015308,-0.119577,0.7708,0.6037,0.2659,2,ok
0,805,89.520000,-3.445852,-1.262011,-0.723043,0.011869,-0.005571,19.275215,0.219985,0.012271,0.012271,0.000000,1.000000,1.000000,0.000000,,0,0,0,1,1,0,0.014483,-0.121980,0.7500,0.6287,0.2664,2,ok
0,806,89.620000,-3.429329,-1.276516,-0.716212,0.011551,-0.027921,19.297526,0.219859,0.380627,0.162271,-0.218356,1.000000,1.000000,0.000000,C-06,0,0,0,1,1,0,0.014406,-0.163948,0.7500,0.5841,0.2621,2,ok
0,807,89.740000,-3.410510,-1.292710,-0.704300,0.011046,-0.016009,19.322348,0.206254,0.223134,0.223134,0.000000,0.937644,0.937644,0.000000,,0,0,0,1,1,0,0.021874,-0.184051,0.7083,0.3027,0.2444,2,ok
0,808,89.840000,-3.396183,-1.304701,-0.688059,0.010920,0.000232,19.341031,0.185080,0.770164,0.373134,-0.397029,0.840214,0.840214,0.000000,C-06,0,0,0,1,1,0,0.019980,-0.153292,0.7083,0.3259,0.2435,2,ok
0,809,89.960000,-3.377753,-1.319472,-0.659891,0.010557,0.000097,19.364978,0.199906,0.778929,0.523134,-0.255795,0.904339,0.904339,0.000000,C-06,0,0,0,1,1,0,0.019367,-0.161235,0.6458,0.3159,0.2463,2,ok
0,810,90.060000,-3.360658,-1.332433,-0.642199,0.010798,0.017788,19.386429,0.220116,-0.151681,0.373134,0.524816,1.000000,1.000000,0.000000,C-06,0,0,0,1,1,0,0.012043,-0.057050,0.6250,0.6500,0.2673,2,ok
0,811,90.180000,-3.339492,-1.348168,-0.629124,0.010789,0.001474,19.413141,0.219805,-0.404707,0.223134,0.627842,0.996021,0.996021,0.000000,C-06,0,0,0,1,1,0,0.009047,0.042794,0.6458,0.7474,0.2746,2,ok
0,812,90.300000,-3.318112,-1.363699,-0.624549,0.010807,0.006048,19.439566,0.220236,-0.309856,0.073134,0.382990,1.000000,1.000000,0.000000,C-06,0,0,0,1,1,0,0.012000,-0.059302,0.6875,0.6907,0.2683,2,ok
0,813,90.400000,-3.300283,-1.376565,-0.627750,0.010554,-0.027043,19.461831,0.219761,-0.143126,-0.076866,0.066261,1.000000,1.000000,0.000000,C-06,0,0,0,1,1,0,0.012000,-0.059302,0.6875,0.6907,0.2683,2,ok
0,814,90.520000,-3.278892,-1.392066,-0.624105,0.009917,-0.023397,19.488240,0.220237,0.414400,0.073134,-0.341266,1.000000,1.000000,0.000000,C-06,0,0,0,1,1,0,0.008667,-0.147680,0.7500,0.7503,0.2669,2,ok
0,815,90.620000,-3.261679,-1.404409,-0.614161,0.009284,-0.042572,19.509717,0.211324,0.771398,0.223134,-0.548264,0.956917,0.956917,0.000000,C-06,0,0,0,1,1,0,0.006944,-0.197569,0.6875,0.7461,0.2667,2,ok
0,816,90.740000,-3.241394,-1.418649,-0.593181,0.008267,-0.021592,19.534481,0.206653,1.000000,0.373134,-0.626866,0.932015,0.932015,0.000000,C-06,0,0,0,1,1,0,0.018813,-0.173282,0.6667,0.3541,0.2400,2,ok
0,817,90.840000,-3.223265,-1.430330,-0.568264,0.008237,0.003325,19.556047,0.219178,1.000000,0.523134,-0.476866,1.000000,1.000000,0.000000,C-06,0,0,0,1,1,0,0.002685,-0.162556,0.6458,0.8573,0.2713,2,ok
0,818,90.960000,-3.200747,-1.444385,-0.528681,0.007783,0.012829,19.582837,0.222994,0.680055,0.673134,-0.006920,1.000000,1.000000,0.000000,C-06,0,0,0,1,1,0,0.000484,-0.118799,0.6042,0.9468,0.2722,2,ok
0,819,91.060000,-3.181600,-1.455903,-0.501398,0.007765,0.040112,19.605181,0.223588,-1.000000,0.523134,1.523134,1.000000,1.000000,0.000000,C-06,0,0,0,1,1,0,0.005871,-0.036581,0.6042,0.8798,0.2699,2,ok
0,820,91.180000,-3.158299,-1.468992,-0.477546,0.007949,0.033278,19.632114,0.222721,-0.479438,0.373134,0.852573,1.000000,1.000000,0.000000,C-06,0,0,0,1,1,0,0.039257,0.073589,0.5625,0.3863,0.2070,2,ok
0,821,91.300000,-3.134761,-1.481399,-0.462851,0.008727,0.047973,19.658710,0.221669,-0.181292,0.223134,0.404426,1.000000,1.000000,0.000000,C-06,0,0,0,1,1,0,0.038616,0.060418,0.5833,0.3783,0.2129,2,ok
0,822,91.400000,-3.115052,-1.491313,-0.458432,0.009170,0.021687,19.681086,0.220547,-0.237659,0.073134,0.310793,1.000000,1.000000,0.000000,C-06,0,0,0,1,1,0,0.012161,0.051507,0.6250,0.8817,0.2647,2,ok
0,823,91.520000,-3.091308,-1.503023,-0.445708,0.009710,0.034411,19.707555,0.221111,0.210075,0.210075,0.000000,1.000000,1.000000,0.000000,,0,0,0,1,1,0,0.033549,-0.002079,0.6250,0.3835,0.2266,2,ok
0,824,91.620000,-3.071386,-1.512773,-0.430000,0.009874,0.017867,19.730020,0.222385,0.300604,0.300604,0.000000,1.000000,1.000000,0.000000,,0,0,0,1,1,0,0.019032,-0.033700,0.7917,0.7184,0.2592,2,ok
0,825,91.740000,-3.047384,-1.524126,-0.413586,0.010079,0.034280,19.756571,0.221200,0.249503,0.249503,0.000000,0.996258,0.996258,0.000000,,0,0,0,1,1,0,0.018887,-0.038154,0.7708,0.7220,0.2606,2,ok
0,826,91.840000,-3.027886,-1.532883,-0.405537,0.010454,0.009419,19.778275,0.213131,0.139477,0.139477,0.000000,0.963640,0.963640,0.000000,,0,0,0,1,1,0,0.020651,-0.108497,0.7292,0.6904,0.2607,2,ok
0,827,91.960000,-3.003711,-1.543127,-0.400505,0.010891,0.014451,19.804528,0.219793,0.072078,0.072078,0.000000,1.000000,1.000000,0.000000,,0,0,0,1,1,0,0.022108,-0.175886,0.7083,0.6395,0.2621,2,ok
0,828,92.060000,-2.983406,-1.551697,-0.388898,0.011290,0.026058,19.825780,0.220834,0.380048,0.222078,-0.157969,1.000000,1.000000,0.000000,C-06,0,0,0,1,1,0,0.022413,-0.181691,0.6875,0.5975,0.2624,2,ok
0,829,92.180000,-2.958947,-1.561827,-0.383444,0.010904,-0.001317,19.853463,0.220589,0.063639,0.072078,0.008439,1.000000,1.000000,0.000000,C-06,0,0,0,1,1,0,0.021067,-0.219562,0.7083,0.5995,0.2649,2,ok
0,830,92.300000,-2.935879,-1.571136,-0.369646,0.010802,0.012480,19.878339,0.206417,0.368959,0.222078,-0.146881,0.933642,0.933642,0.000000,C-06,0,0,0,1,1,0,0.019730,-0.270403,0.7500,0.5825,0.2663,2,ok
0,831,92.400000,-2.915587,-1.578829,-0.349580,0.010574,-0.004336,19.900360,0.220447,0.598371,0.372078,-0.226293,1.000000,1.000000,0.000000,C-06,0,0,0,1,1,0,0.018665,-0.269591,0.7708,0.5615,0.2648,2,ok
0,832,92.520000,-2.890636,-1.588055,-0.314498,0.010457,0.030746,19.926962,0.222782,1.000000,0.522078,-0.477922,1.000000,1.000000,0.000000,C-06,0,0,0,1,1,0,0.017063,-0.284075,0.7500,0.5743,0.2647,2,ok
0,833,92.620000,-2.869631,-1.595672,-0.289574,0.009880,0.015601,19.949665,0.223556,0.419077,0.419077,0.000000,1.000000,1.000000,0.000000,,0,0,0,1,1,0,0.018636,-0.262420,0.7292,0.5077,0.2641,2,ok
0,834,92.740000,-2.844256,-1.603892,-0.269816,0.009909,0.035359,19.976339,0.222176,-1.000000,0.269077,1.269077,1.000000,1.000000,0.000000,C-06,0,0,0,1,1,0,0.018924,-0.245701,0.7292,0.4953,0.2633,2,ok
0,835,92.840000,-2.823028,-1.610046,-0.261976,0.010298,0.002421,0.006812,0.220921,-0.906012,0.119077,1.025089,1.000000,1.000000,0.000000,C-06,0,0,0,1,1,0,0.018924,-0.245701,0.7292,0.4953,0.2633,2,ok
0,836,92.960000,-2.797513,-1.617037,-0.257655,0.010237,0.006742,0.033267,0.220427,0.056422,0.056422,0.000000,1.000000,1.000000,0.000000,,0,0,0,1,1,0,0.024349,-0.238881,0.6667,0.2087,0.2522,2,ok
0,837,93.060000,-2.776434,-1.622731,-0.246114,0.010264,0.018283,0.053053,0.218325,0.227453,0.206422,-0.021031,0.988056,0.988056,0.000000,C-06,0,0,0,1,1,0,0.018091,-0.241570,0.6458,0.3493,0.2632,2,ok
0,838,93.180000,-2.752237,-1.629337,-0.221351,0.008915,0.000325,0.080643,0.208402,0.581612,0.356422,-0.225190,0.936907,0.936907,0.000000,C-06,0,0,0,1,1,0,0.021769,-0.256467,0.6875,0.1673,0.2520,2,ok
0,839,93.300000,-2.727197,-1.635915,-0.184437,0.007886,0.037239,0.106512,0.217306,0.527554,0.506422,-0.021132,0.972645,0.972645,0.000000,C-06,0,0,0,1,1,0,0.013816,-0.184116,0.7083,0.3587,0.2618,2,ok
0,840,93.400000,-2.705605,-1.640926,-0.161038,0.006811,0.018098,0.128977,0.222326,0.183643,0.356422,0.172779,1.000000,1.000000,0.000000,C-06,0,0,0,1,1,0,0.015778,-0.200112,0.7500,0.3011,0.2660,2,ok
0,841,93.520000,-2.679511,-1.645850,-0.144365,0.006522,0.034771,0.155529,0.221179,-0.363820,0.206422,0.570241,1.000000,1.000000,0.000000,C-06,0,0,0,1,1,0,0.016957,-0.191146,0.7500,0.2448,0.2663,2,ok
0,842,93.620000,-2.657732,-1.649204,-0.139946,0.006473,0.000407,0.177826,0.220291,-0.347187,0.056422,0.403609,1.000000,1.000000,0.000000,C-06,0,0,0,1,1,0,0.015713,-0.174606,0.7292,0.2223,0.2653,2,ok
0,843,93.740000,-2.631565,-1.653124,-0.124653,0.006142,0.015700,0.204283,0.220704,0.264699,0.206422,-0.058277,1.000000,1.000000,0.000000,C-06,0,0,0,1,1,0,0.014006,-0.176932,0.7500,0.2166,0.2647,2,ok
0,844,93.840000,-2.609708,-1.656391,-0.102136,0.005588,0.004240,0.226579,0.221249,0.525328,0.356422,-0.168906,1.000000,1.000000,0.000000,C-06,0,0,0,1,1,0,0.014459,-0.187123,0.7083,0.1723,0.2648,2,ok
0,845,93.960000,-2.583423,-1.659815,-0.084926,0.004849,0.021450,0.253076,0.220823,0.166276,0.206422,0.040145,1.000000,1.000000,0.000000,C-06,0,0,0,1,1,0,0.013425,-0.163729,0.7083,0.2017,0.2661,2,ok
0,846,94.060000,-2.562167,-1.662442,-0.062051,0.004394,0.044324,0.272391,0.213405,0.370597,0.356422,-0.014176,0.964598,0.964598,0.000000,C-06,0,0,0,1,1,0,0.014496,-0.144686,0.6458,0.1516,0.2662,2,ok
0,847,94.180000,-2.535912,-1.664863,-0.044366,0.003780,0.031440,0.300982,0.220535,-0.169825,0.206422,0.376247,1.000000,1.000000,0.000000,C-06,0,0,0,1,1,0,0.014659,-0.127890,0.6667,0.1391,0.2697,2,ok
0,848,94.300000,-2.509535,-1.666265,-0.039176,0.004257,0.036631,0.325826,0.220102,-0.178536,0.056422,0.234957,1.000000,1.000000,0.000000,C-06,0,0,0,1,1,0,0.014359,-0.103182,0.6667,0.1493,0.2681,2,ok
0,849,94.400000,-2.488604,-1.667179,-0.031149,0.004294,0.018185,0.348445,0.208090,0.128018,0.128018,0.000000,0.945460,0.945460,0.000000,,0,0,0,1,1,0,0.012215,-0.076053,0.7500,0.1855,0.2681,2,ok
0,850,94.520000,-2.463576,-1.668253,-0.008697,0.004403,0.040638,0.373496,0.208857,0.447229,0.278018,-0.169211,0.948524,0.948524,0.000000,C-06,0,0,0,1,1,0,0.012749,-0.091864,0.7500,0.1458,0.2707,2,ok
0,851,94.620000,-2.441771,-1.669111,0.006687,0.004169,0.032991,0.395424,0.220132,0.213303,0.213303,0.000000,1.000000,1.000000,0.000000,,0,0,0,1,1,0,0.015244,-0.098347,0.7500,0.1012,0.2686,2,ok
0,852,94.740000,-2.415372,-1.669203,0.012571,0.004678,0.038876,0.421818,0.219983,-0.395763,0.063303,0.459066,1.000000,1.000000,0.000000,C-06,0,0,0,1,1,0,0.016032,-0.067766,0.7500,0.0837,0.2680,2,ok
0,853,94.840000,-2.393373,-1.668944,0.007328,0.005204,0.013608,0.443906,0.220011,-0.802888,-0.086697,0.716191,1.000000,1.000000,0.000000,C-06,0,0,0,1,1,0,0.016054,-0.064144,0.6875,0.0922,0.2618,2,ok
0,854,94.960000,-2.366974,-1.668611,-0.011644,0.005637,-0.005364,0.470304,0.220005,-0.487371,-0.236697,0.250673,1.000000,1.000000,0.000000,C-06,0,0,0,1,1,0,0.017094,-0.072599,0.7292,0.0534,0.2618,2,ok
0,855,95.060000,-2.344976,-1.668573,-0.018368,0.005611,-0.029683,0.492399,0.219965,0.542955,-0.086697,-0.629652,1.000000,1.000000,0.000000,C-06,0,0,0,1,1,0,0.012758,-0.117799,0.6458,0.0343,0.2670,2,ok
0,856,95.180000,-2.318580,-1.669044,-0.013853,0.004786,-0.025168,0.518787,0.220017,1.000000,0.063303,-0.936697,1.000000,1.000000,0.000000,C-06,0,0,0,1,1,0,0.012151,-0.155662,0.6875,-0.0078,0.2672,2,ok
0,857,95.300000,-2.292181,-1.669540,0.003234,0.003789,-0.023212,0.545237,0.220038,0.989516,0.213303,-0.776213,1.000000,1.000000,0.000000,C-06,0,0,0,1,1,0,0.009170,-0.135253,0.7500,0.0407,0.2699,2,ok
0,858,95.400000,-2.270181,-1.669688,0.008452,0.003004,-0.017995,0.567223,0.219994,0.019811,0.063303,0.043492,1.000000,1.000000,0.000000,C-06,0,0,0,1,1,0,0.009323,-0.126193,0.7292,0.0199,0.2687,2,ok
0,859,95.520000,-2.243782,-1.669481,0.001758,0.002376,-0.037228,0.593646,0.220007,-0.098250,-0.086697,0.011553,1.000000,1.000000,0.000000,C-06,0,0,0,1,1,0,0.010597,-0.130509,0.7500,-0.0176,0.2672,2,ok
0,860,95.620000,-2.221782,-1.669441,0.004941,0.001520,-0.034044,0.615629,0.219998,0.055879,0.055879,0.000000,1.000000,1.000000,0.000000,,0,0,0,1,1,0,0.007279,-0.150509,0.7292,-0.0205,0.2678,2,ok
0,861,95.740000,-2.195384,-1.669405,0.021319,0.000479,-0.017667,0.639168,0.219954,0.298669,0.205879,-0.092790,1.000000,1.000000,0.000000,C-06,0,0,0,1,1,0,0.006387,-0.150463,0.6875,-0.0227,0.2679,2,ok
0,862,95.840000,-2.173390,-1.669126,0.025955,-0.000439,-0.023757,0.663989,0.219953,-0.299578,0.055879,0.355457,1.000000,1.000000,0.000000,C-06,0,0,0,1,1,0,0.006699,-0.134894,0.7083,-0.0828,0.2670,2,ok
0,863,95.960000,-2.146997,-1.668462,0.018935,-0.001171,-0.030777,0.690240,0.220032,-0.320319,-0.094121,0.226198,1.000000,1.000000,0.000000,C-06,0,0,0,1,1,0,0.007977,-0.160982,0.7083,-0.1313,0.2692,2,ok
0,864,96.060000,-2.125001,-1.668007,0.017671,-0.002012,-0.040484,0.712359,0.220009,-0.011466,-0.011466,0.000000,1.000000,1.000000,0.000000,,0,0,0,1,1,0,0.005354,-0.143670,0.7292,-0.1436,0.2644,2,ok
0,865,96.180000,-2.098608,-1.667484,0.028413,-0.003043,-0.029743,0.738737,0.219958,0.451542,0.138534,-0.313008,1.000000,1.000000,0.000000,C-06,0,0,0,1,1,0,0.002579,-0.158471,0.7500,-0.1226,0.2675,2,ok
0,866,96.300000,-2.072229,-1.666962,0.051336,-0.004269,-0.014114,0.765067,0.219765,0.525842,0.288534,-0.237309,1.000000,1.000000,0.000000,C-06,0,0,0,1,1,0,0.002468,-0.155113,0.7917,-0.1330,0.2684,2,ok
0,867,96.400000,-2.050265,-1.666279,0.061628,-0.005061,-0.003822,0.787027,0.219733,-0.030663,0.138534,0.169196,1.000000,1.000000,0.000000,C-06,0,0,0,1,1,0,0.003475,-0.124331,0.7917,-0.1643,0.2689,2,ok
0,868,96.520000,-2.023915,-1.664683,0.061516,-0.005322,-0.008924,0.813403,0.220008,-0.089591,-0.011466,0.078125,1.000000,1.000000,0.000000,C-06,0,0,0,1,1,0,0.004362,-0.108665,0.7708,-0.1675,0.2702,2,ok
0,869,96.620000,-2.001951,-1.663316,0.051434,-0.005521,-0.019006,0.835409,0.220127,-0.310882,-0.161466,0.149416,1.000000,1.000000,0.000000,C-06,0,0,0,1,1,0,0.004986,-0.097567,0.7292,-0.2307,0.2675,2,ok
0,870,96.740000,-1.975584,-1.661920,0.049772,-0.006120,-0.024493,0.861771,0.220023,0.017471,-0.011466,-0.028937,1.000000,1.000000,0.000000,C-06,0,0,0,1,1,0,0.004564,-0.119005,0.7500,-0.2615,0.2672,2,ok
0,871,96.840000,-1.953616,-1.660786,0.058205,-0.006684,-0.016060,0.883762,0.219926,0.217779,0.138534,-0.079245,1.000000,1.000000,0.000000,C-06,0,0,0,1,1,0,0.002616,-0.110226,0.6875,-0.2478,0.2658,2,ok
0,872,96.960000,-1.927279,-1.659425,0.080586,-0.007370,0.004077,0.910120,0.219598,0.699073,0.288534,-0.410540,1.000000,1.000000,0.000000,C-06,0,0,0,1,1,0,0.005200,-0.108742,0.6875,-0.3057,0.2605,2,ok
0,873,97.060000,-1.905360,-1.658081,0.090575,-0.007734,0.014066,0.932077,0.219586,-0.314933,0.138534,0.453466,1.000000,1.000000,0.000000,C-06,0,0,0,1,1,0,0.004570,-0.034442,0.7292,-0.2760,0.2603,2,ok
0,874,97.180000,-1.879069,-1.655724,0.090466,-0.007431,0.013670,0.958471,0.220010,-0.848177,-0.011466,0.836711,1.000000,1.000000,0.000000,C-06,0,0,0,1,1,0,0.004529,-0.016557,0.7917,-0.2691,0.2612,2,ok
0,875,97.300000,-1.852765,-1.653325,0.078505,-0.007089,0.001709,0.984882,0.220222,-0.878050,-0.161466,0.716583,1.000000,1.000000,0.000000,C-06,0,0,0,1,1,0,0.003183,0.016800,0.7708,-0.2373,0.2610,2,ok
0,876,97.400000,-1.830819,-1.651325,0.061069,-0.006809,-0.014860,1.006915,0.220485,-0.266875,-0.266875,0.000000,1.000000,1.000000,0.000000,,0,0,0,1,1,0,0.002600,0.018140,0.7500,-0.2409,0.2609,2,ok
0,877,97.520000,-1.804460,-1.649281,0.050766,-0.006834,-0.025163,1.033353,0.220290,0.160542,-0.116875,-0.277417,1.000000,1.000000,0.000000,C-06,0,0,0,1,1,0,-0.000334,0.020856,0.7708,-0.1755,0.2639,2,ok
0,878,97.620000,-1.782489,-1.648137,0.052390,-0.007342,-0.020555,1.055389,0.219983,0.387753,0.033125,-0.354628,1.000000,1.000000,0.000000,C-06,0,0,0,1,1,0,-0.005339,0.020093,0.7500,-0.1134,0.2660,2,ok
0,879,97.740000,-1.756128,-1.646798,0.056625,-0.007919,-0.016320,1.081777,0.219933,0.053051,0.053051,0.000000,1.000000,1.000000,0.000000,,0,0,0,1,1,0,-0.007145,0.043316,0.7083,-0.0808,0.2660,2,ok
0,880,97.840000,-1.734163,-1.645557,0.056438,-0.008277,-0.012706,1.103772,0.220005,-0.007016,-0.007016,0.000000,1.000000,1.000000,0.000000,,0,0,0,1,1,0,-0.006320,0.051610,0.6667,-0.0729,0.2673,2,ok
0,881,97.960000,-1.707798,-1.644056,0.044575,-0.008700,-0.024570,1.130176,0.220131,-0.594001,-0.157016,0.436985,1.000000,1.000000,0.000000,C-06,0,0,0,1,1,0,-0.007303,0.075756,0.7500,-0.0340,0.2681,2,ok
0,882,98.060000,-1.685819,-1.643050,0.043370,-0.009199,-0.019941,1.152262,0.220013,0.096700,-0.007016,-0.103716,1.000000,1.000000,0.000000,C-06,0,0,0,1,1,0,-0.006912,0.060345,0.7917,-0.0329,0.2670,2,ok
0,883,98.180000,-1.659450,-1.641872,0.054195,-0.009681,-0.009116,1.178653,0.219903,0.202145,0.142984,-0.059161,1.000000,1.000000,0.000000,C-06,0,0,0,1,1,0,-0.005917,0.051302,0.7917,-0.0483,0.2669,2,ok
0,884,98.300000,-1.633089,-1.640443,0.054342,-0.009859,-0.002296,1.205091,0.220005,-0.378236,-0.007016,0.371219,1.000000,1.000000,0.000000,C-06,0,0,0,1,1,0,-0.003767,0.071538,0.7500,-0.0447,0.2660,2,ok
0,885,98.400000,-1.611118,-1.639238,0.045754,-0.009952,-0.010884,1.227095,0.220093,-0.552149,-0.157016,0.395133,1.000000,1.000000,0.000000,C-06,0,0,0,1,1,0,-0.001939,0.072010,0.7708,-0.0494,0.2665,2,ok
0,886,98.520000,-1.584734,-1.637793,0.021197,-0.009938,-0.025407,1.253617,0.220274,-0.460167,-0.307016,0.153150,1.000000,1.000000,0.000000,C-06,0,0,0,1,1,0,-0.001139,0.063476,0.7292,-0.0487,0.2662,2,ok
0,887,98.620000,-1.562736,-1.636798,0.009431,-0.010025,-0.037174,1.275636,0.220165,-0.065255,-0.157016,-0.091761,1.000000,1.000000,0.000000,C-06,0,0,0,1,1,0,-0.002573,0.020248,0.6875,-0.0463,0.2671,2,ok
0,888,98.740000,-1.536337,-1.636496,0.008098,-0.010896,-0.028390,1.302127,0.220003,0.706917,-0.007016,-0.713933,1.000000,1.000000,0.000000,C-06,0,0,0,1,1,0,-0.003396,0.001235,0.6875,-0.0426,0.2669,2,ok
0,889,98.840000,-1.514339,-1.636288,0.017176,-0.011552,-0.019312,1.324116,0.219979,1.000000,0.142984,-0.857016,1.000000,1.000000,0.000000,C-06,0,0,0,1,1,0,-0.003029,-0.004991,0.7500,-0.0501,0.2660,2,ok
0,890,98.960000,-1.487948,-1.636040,0.033292,-0.012131,0.008603,1.350699,0.219893,0.196281,0.196281,0.000000,1.000000,1.000000,0.000000,,0,0,0,1,1,0,-0.002546,0.004268,0.7708,-0.0491,0.2668,2,ok
0,891,99.060000,-1.465962,-1.635471,0.037226,-0.012062,0.012537,1.372693,0.219938,-0.685433,0.046281,0.731714,1.000000,1.000000,0.000000,C-06,0,0,0,1,1,0,0.000910,0.027769,0.7917,-0.0649,0.2664,2,ok
0,892,99.180000,-1.439577,-1.634514,0.029478,-0.011573,0.014617,1.399213,0.220050,-1.000000,-0.103719,0.896281,1.000000,1.000000,0.000000,C-06,0,0,0,1,1,0,0.000985,0.047610,0.7500,-0.0370,0.2664,2,ok
0,893,99.300000,-1.413182,-1.633545,0.009155,-0.010930,-0.005705,1.425617,0.220137,-0.711358,-0.253719,0.457640,1.000000,1.000000,0.000000,C-06,0,0,0,1,1,0,0.001295,0.030758,0.7708,-0.0375,0.2682,2,ok
0,894,99.400000,-1.391183,-1.632931,-0.000454,-0.010431,-0.007467,1.447753,0.220060,-0.121302,-0.121302,0.000000,1.000000,1.000000,0.000000,,0,0,0,1,1,0,0.001195,0.026620,0.7292,-0.0466,0.2664,2,ok
0,895,99.520000,-1.364783,-1.632916,0.001008,-0.010416,-0.006006,1.474153,0.220000,0.056958,0.028698,-0.028260,1.000000,1.000000,0.000000,C-06,0,0,0,1,1,0,-0.000974,-0.008725,0.7292,-0.0316,0.2672,2,ok
0,896,99.620000,-1.342783,-1.632943,0.012532,-0.010443,0.010063,1.496152,0.219985,1.000000,0.178698,-0.821302,1.000000,1.000000,0.000000,C-06,0,0,0,1,1,0,-0.000766,-0.015351,0.6875,-0.0384,0.2670,2,ok
0,897,99.740000,-1.316386,-1.632719,0.015794,-0.010219,0.013325,1.522549,0.219984,0.008342,0.028698,0.020357,1.000000,1.000000,0.000000,C-06,0,0,0,1,1,0,0.000738,-0.003904,0.7500,-0.0493,0.2668,2,ok
0,898,99.840000,-1.294388,-1.632414,0.008304,-0.009914,0.008304,1.544548,0.220014,-0.394805,-0.121302,0.273503,1.000000,1.000000,0.000000,C-06,0,0,0,1,1,0,0.001172,0.006628,0.7708,-0.0402,0.2670,2,ok
0,899,99.960000,-1.267989,-1.632040,-0.013797,-0.009540,-0.013797,1.570947,0.220004,-0.567544,-0.271302,0.296243,1.000000,1.000000,0.000000,C-06,0,0,0,1,1,0,0.001120,0.014498,0.7917,-0.0342,0.2669,2,ok
0,900,100.060000,-1.245992,-1.631936,-0.022830,-0.009436,-0.022830,1.592943,0.219945,0.505002,-0.121302,-0.626304,1.000000,1.000000,0.000000,C-06,0,0,0,1,1,0,-0.001630,-0.034049,0.7708,-0.0364,0.2672,2,ok
0,901,100.180000,-1.219599,-1.632513,-0.021181,-0.010013,-0.021181,1.619337,0.220010,1.000000,0.028698,-0.971302,1.000000,1.000000,0.000000,C-06,0,0,0,1,1,0,-0.002279,-0.053894,0.7708,-0.0481,0.2664,2,ok
0,902,100.300000,-1.193202,-1.633127,-0.007100,-0.010627,-0.007100,1.645733,0.220053,1.000000,0.178698,-0.821302,1.000000,1.000000,0.000000,C-06,0,0,0,1,1,0,-0.002658,-0.053199,0.7292,-0.0518,0.2661,2,ok
0,903,100.400000,-1.171202,-1.633492,-0.002059,-0.010992,-0.002059,1.667733,0.220022,0.061952,0.061952,0.000000,1.000000,1.000000,0.000000,,0,0,0,1,1,0,-0.003328,-0.049583,0.7500,-0.0349,0.2684,2,ok
0,904,100.520000,-1.144803,-1.633567,-0.008757,-0.011067,-0.008757,1.694133,0.219993,-0.096063,-0.088048,0.008015,1.000000,1.000000,0.000000,C-06,0,0,0,1,1,0,-0.002270,-0.018559,0.7083,-0.0320,0.2672,2,ok
0,905,100.620000,-1.122803,-1.633758,-0.005305,-0.011258,-0.005305,1.716132,0.220006,0.137027,0.061952,-0.075075,1.000000,1.000000,0.000000,C-06,0,0,0,1,1,0,-0.001554,-0.032797,0.7500,-0.0608,0.2653,2,ok
0,906,100.740000,-1.096404,-1.633897,-0.011879,-0.011397,-0.011879,1.742531,0.219988,-0.188336,-0.088048,0.100288,1.000000,1.000000,0.000000,C-06,0,0,0,1,1,0,-0.002532,-0.024051,0.7708,-0.0397,0.2674,2,ok
0,907,100.840000,-1.074405,-1.634156,-0.008434,-0.011656,-0.008434,1.764530,0.220009,0.809176,0.061952,-0.747224,1.000000,1.000000,0.000000,C-06,0,0,0,1,1,0,-0.002849,-0.034117,0.7917,-0.0450,0.2673,2,ok
0,908,100.960000,-1.048006,-1.634483,0.008557,-0.011983,0.008557,1.790930,0.220010,0.828121,0.211952,-0.616169,1.000000,1.000000,0.000000,C-06,0,0,0,1,1,0,-0.003794,-0.034604,0.7917,-0.0299,0.2682,2,ok
0,909,101.060000,-1.026007,-1.634507,0.013766,-0.012007,0.013766,1.812928,0.219980,-0.021361,0.061952,0.083313,1.000000,1.000000,0.000000,C-06,0,0,0,1,1,0,-0.001015,-0.011264,0.7708,-0.0533,0.2673,2,ok
0,910,101.180000,-0.999609,-1.634163,0.007300,-0.011663,0.007300,1.839327,0.220014,-0.490462,-0.088048,0.402414,1.000000,1.000000,0.000000,C-06,0,0,0,1,1,0,-0.001098,0.008384,0.7292,-0.0311,0.2666,2,ok
0,911,101.300000,-0.973209,-1.633800,-0.008685,-0.011300,-0.008685,1.865726,0.220014,-0.197223,-0.197223,0.000000,1.000000,1.000000,0.000000,,0,0,0,1,1,0,-0.001018,-0.001593,0.7292,-0.0446,0.2669,2,ok
0,912,101.400000,-0.951211,-1.633821,-0.012857,-0.011321,-0.012857,1.884835,0.219984,0.071934,-0.047223,-0.119157,1.000000,1.000000,0.000000,C-06,0,0,0,1,1,0,-0.001859,-0.020339,0.7083,-0.0490,0.2663,2,ok
0,913,101.520000,-0.924812,-1.634130,-0.004852,-0.011630,-0.004852,1.914124,0.220013,0.888110,0.102777,-0.785333,1.000000,1.000000,0.000000,C-06,0,0,0,1,1,0,-0.002644,-0.040652,0.6875,-0.0534,0.2669,2,ok
0,914,101.620000,-0.902812,-1.634394,0.011914,-0.011894,0.011914,1.934935,0.220003,0.632205,0.252777,-0.379428,1.000000,1.000000,0.000000,C-06,0,0,0,1,1,0,-0.002594,-0.029435,0.7708,-0.0442,0.2670,2,ok
0,915,101.740000,-0.876422,-1.634711,0.041774,-0.012211,0.041774,1.962513,0.219836,0.364860,0.364860,0.000000,1.000000,1.000000,0.000000,,0,0,0,1,1,0,-0.001496,-0.004185,0.7917,-0.0309,0.2679,2,ok
0,916,101.840000,-0.854450,-1.634507,0.057352,-0.012007,0.057352,1.984485,0.219682,-1.000000,0.214860,1.214860,1.000000,1.000000,0.000000,C-06,0,0,0,1,1,0,0.001404,0.033844,0.7917,-0.0373,0.2677,2,ok
0,917,101.960000,-0.828099,-1.633258,0.063374,-0.010758,0.063374,2.010837,0.219853,-0.855908,0.064860,0.920768,1.000000,1.000000,0.000000,C-06,0,0,0,1,1,0,0.003950,0.066593,0.7708,-0.0398,0.2674,2,ok
0,918,102.060000,-0.806140,-1.631879,0.058502,-0.009379,0.058502,2.032795,0.220066,-1.000000,-0.085140,0.914860,1.000000,1.000000,0.000000,C-06,0,0,0,1,1,0,0.007387,0.078042,0.7292,-0.0582,0.2671,2,ok
0,919,102.180000,-0.779773,-1.630198,0.040108,-0.007698,0.040108,2.059162,0.220261,-0.519180,-0.235140,0.284039,1.000000,1.000000,0.000000,C-06,0,0,0,1,1,0,0.007753,0.076433,0.7292,-0.0559,0.2677,2,ok
0,920,102.300000,-0.753385,-1.628517,0.019082,-0.006017,0.019082,2.085135,0.220401,-0.253284,-0.253284,0.000000,1.000000,1.000000,0.000000,,0,0,0,1,1,0,0.006578,0.061903,0.6875,-0.0267,0.2673,2,ok
0,921,102.400000,-0.731388,-1.627712,0.010875,-0.005212,0.010875,2.107548,0.220092,0.104565,-0.103284,-0.207848,1.000000,1.000000,0.000000,C-06,0,0,0,1,1,0,0.006007,0.034788,0.6875,-0.0255,0.2672,2,ok
0,922,102.520000,-0.704988,-1.626922,-0.001745,-0.004422,-0.001745,2.133947,0.220088,-0.152479,-0.152479,0.000000,1.000000,1.000000,0.000000,,0,0,0,1,1,0,0.006641,0.004645,0.7292,-0.0512,0.2658,2,ok
0,923,102.620000,-0.685029,-1.626929,-0.002595,-0.004429,-0.002595,2.153906,0.198000,0.250260,-0.002479,-0.252739,0.702827,0.900000,0.197173,C-06,0,0,0,1,1,0,0.004973,-0.015785,0.7917,-0.0335,0.2677,2,ok
0,924,102.740000,-0.659818,-1.626965,-0.002060,-0.004465,-0.002060,2.179118,0.212548,0.006855,0.006855,0.000000,0.966129,0.966129,0.000000,,0,0,0,1,1,0,0.004973,-0.015785,0.7917,-0.0335,0.2677,2,ok
0,925,102.840000,-0.637935,-1.626981,0.007912,-0.004481,0.007912,2.201000,0.219994,0.533146,0.156855,-0.376291,1.000000,1.000000,0.000000,C-06,0,0,0,1,1,0,0.004946,-0.017352,0.7917,-0.0424,0.2660,2,ok
0,926,102.960000,-0.611536,-1.626793,0.009231,-0.004293,0.009231,2.227399,0.219998,-0.055873,0.006855,0.062728,1.000000,1.000000,0.000000,C-06,0,0,0,1,1,0,0.005863,-0.014204,0.7708,-0.0454,0.2677,2,ok
0,927,103.060000,-0.589537,-1.626618,0.000092,-0.004118,0.000092,2.249399,0.220007,-0.337093,-0.143145,0.193947,1.000000,1.000000,0.000000,C-06,0,0,0,1,1,0,0.006416,0.002763,0.7292,-0.0381,0.2665,2,ok
0,928,103.180000,-0.563139,-1.626408,-0.023550,-0.003908,-0.023550,2.275797,0.219952,-0.426401,-0.293145,0.133256,1.000000,1.000000,0.000000,C-06,0,0,0,1,1,0,0.005084,-0.007897,0.6875,-0.0261,0.2669,2,ok
0,929,103.300000,-0.536751,-1.626489,-0.036226,-0.003989,-0.036226,2.302184,0.219869,0.348532,-0.143145,-0.491677,1.000000,1.000000,0.000000,C-06,0,0,0,1,1,0,0.004327,-0.050748,0.6875,-0.0543,0.2664,2,ok
0,930,103.400000,-0.514766,-1.627262,-0.036379,-0.004762,-0.036379,2.324170,0.220003,1.000000,0.006855,-0.993145,1.000000,1.000000,0.000000,C-06,0,0,0,1,1,0,0.002107,-0.063811,0.7500,-0.0494,0.2658,2,ok
0,931,103.520000,-0.488379,-1.628232,-0.024476,-0.005732,-0.024476,2.350557,0.220079,1.000000,0.156855,-0.843145,1.000000,1.000000,0.000000,C-06,0,0,0,1,1,0,-0.000043,-0.067563,0.7917,-0.0214,0.2671,2,ok
0,932,103.620000,-0.466382,-1.629040,-0.004022,-0.006540,-0.004022,2.372554,0.220145,1.000000,0.306855,-0.693145,1.000000,1.000000,0.000000,C-06,0,0,0,1,1,0,0.000411,-0.054056,0.7917,-0.0319,0.2669,2,ok
0,933,103.740000,-0.439982,-1.629754,0.010037,-0.007254,0.010037,2.398954,0.220037,0.051194,0.156855,0.105661,1.000000,1.000000,0.000000,C-06,0,0,0,1,1,0,0.002051,-0.024037,0.7708,-0.0379,0.2663,2,ok
0,934,103.840000,-0.417983,-1.629586,0.011258,-0.007086,0.011258,2.420952,0.219997,-0.615437,0.006855,0.622291,1.000000,1.000000,0.000000,C-06,0,0,0,1,1,0,0.003375,-0.009428,0.7708,-0.0394,0.2676,2,ok
0,935,103.960000,-0.391584,-1.629322,0.000106,-0.006822,0.000106,2.447352,0.220011,-0.630310,-0.143145,0.487165,1.000000,1.000000,0.000000,C-06,0,0,0,1,1,0,0.002906,0.006501,0.7083,-0.0079,0.2682,2,ok
0,936,104.060000,-0.369585,-1.629103,-0.016585,-0.006603,-0.016585,2.469351,0.219984,-0.246726,-0.246726,0.000000,1.000000,1.000000,0.000000,,0,0,0,1,1,0,0.003087,-0.013741,0.7083,-0.0442,0.2663,2,ok
0,937,104.180000,-0.343191,-1.629169,-0.025544,-0.006669,-0.025544,2.495745,0.219936,0.561996,-0.096726,-0.658722,1.000000,1.000000,0.000000,C-06,0,0,0,1,1,0,0.001086,-0.034530,0.6667,-0.0364,0.2662,2,ok
0,938,104.300000,-0.316799,-1.629816,-0.021981,-0.007316,-0.021981,2.522137,0.220018,1.000000,0.053274,-0.946726,1.000000,1.000000,0.000000,C-06,0,0,0,1,1,0,0.000425,-0.056821,0.7500,-0.0489,0.2663,2,ok
0,939,104.400000,-0.294802,-1.630381,-0.008800,-0.007881,-0.008800,2.544134,0.220062,1.000000,0.203274,-0.796726,1.000000,1.000000,0.000000,C-06,0,0,0,1,1,0,-0.000556,-0.052333,0.7708,-0.0362,0.2670,2,ok
0,940,104.520000,-0.268403,-1.631059,0.020084,-0.008559,0.020084,2.570533,0.220034,0.684399,0.353274,-0.331125,1.000000,1.000000,0.000000,C-06,0,0,0,1,1,0,-0.000050,-0.040861,0.7917,-0.0371,0.2673,2,ok
0,941,104.620000,-0.246412,-1.631300,0.035076,-0.008800,0.035076,2.592524,0.219872,-0.563274,0.203274,0.766548,1.000000,1.000000,0.000000,C-06,0,0,0,1,1,0,0.002580,0.014199,0.7500,-0.0292,0.2669,2,ok
0,942,104.740000,-0.220031,-1.630606,0.040330,-0.008106,0.040330,2.618905,0.219924,-0.893551,0.053274,0.946825,1.000000,1.000000,0.000000,C-06,0,0,0,1,1,0,0.002580,0.014199,0.7500,-0.0292,0.2669,2,ok
0,943,104.840000,-0.198047,-1.629738,0.034606,-0.007238,0.034606,2.640889,0.220043,-0.933621,-0.096726,0.836895,1.000000,1.000000,0.000000,C-06,0,0,0,1,1,0,0.006582,0.042183,0.7292,-0.0518,0.2670,2,ok
0,944,104.960000,-0.171656,-1.628677,0.014942,-0.006177,0.014942,2.667280,0.220150,-0.639669,-0.246726,0.392943,1.000000,1.000000,0.000000,C-06,0,0,0,1,1,0,0.006954,0.042541,0.7500,-0.0486,0.2665,2,ok
0,945,105.060000,-0.149656,-1.627792,-0.012055,-0.005292,-0.012055,2.689279,0.220165,-0.504038,-0.396726,0.107312,1.000000,1.000000,0.000000,C-06,0,0,0,1,1,0,0.005594,0.007782,0.7083,-0.0394,0.2677,2,ok
0,946,105.180000,-0.123264,-1.627161,-0.033354,-0.004661,-0.033354,2.715672,0.219905,0.725939,-0.246726,-0.972665,1.000000,1.000000,0.000000,C-06,0,0,0,1,1,0,0.003137,-0.028126,0.6875,-0.0441,0.2668,2,ok
0,947,105.300000,-0.096883,-1.627644,-0.042216,-0.005144,-0.042216,2.742052,0.219871,1.000000,-0.096726,-1.096726,1.000000,1.000000,0.000000,C-06,0,0,0,1,1,0,0.001611,-0.060978,0.7708,-0.0449,0.2663,2,ok
0,948,105.400000,-0.074903,-1.628517,-0.040358,-0.006017,-0.040358,2.764033,0.220020,1.000000,0.053274,-0.946726,1.000000,1.000000,0.000000,C-06,0,0,0,1,1,0,-0.000231,-0.075617,0.7917,-0.0404,0.2662,2,ok
0,949,105.520000,-0.048517,-1.629643,-0.024404,-0.007143,-0.024404,2.790418,0.220131,1.000000,0.203274,-0.796726,1.000000,1.000000,0.000000,C-06,0,0,0,1,1,0,-0.001333,-0.082840,0.7500,-0.0338,0.2672,2,ok
0,950,105.620000,-0.026520,-1.630583,-0.000669,-0.008083,-0.000669,2.812416,0.220200,0.594249,0.353274,-0.240976,1.000000,1.000000,0.000000,C-06,0,0,0,1,1,0,-0.001166,-0.056522,0.7500,-0.0283,0.2676,2,ok
0,951,105.740000,-0.000121,-1.631387,0.017377,-0.008887,0.017377,2.836035,0.220023,-0.354186,0.203274,0.557460,1.000000,1.000000,0.000000,C-06,0,0,0,1,1,0,0.000852,-0.025356,0.7500,-0.0370,0.2666,2,ok
0,952,105.840000,0.021875,-1.631215,0.021845,-0.008715,0.021845,2.860810,0.219963,-0.439204,0.053274,0.492478,1.000000,1.000000,0.000000,C-06,0,0,0,1,1,0,0.001895,-0.011136,0.7500,-0.0428,0.2677,2,ok
0,953,105.960000,0.048270,-1.630664,0.014698,-0.008164,0.014698,2.886035,0.220026,-0.639381,-0.096726,0.542655,1.000000,1.000000,0.000000,C-06,0,0,0,1,1,0,0.003467,0.015200,0.7083,-0.0386,0.2668,2,ok
0,954,106.060000,0.070269,-1.630191,-0.001729,-0.007691,-0.001729,2.909205,0.220051,-0.628834,-0.246726,0.382108,1.000000,1.000000,0.000000,C-06,0,0,0,1,1,0,0.004063,0.010426,0.6875,-0.0558,0.2653,2,ok
0,955,106.180000,0.096668,-1.629799,-0.012057,-0.007299,-0.012057,2.935604,0.219997,-0.114222,-0.114222,0.000000,1.000000,1.000000,0.000000,,0,0,0,1,1,0,0.001981,-0.016637,0.7500,-0.0440,0.2674,2,ok
0,956,106.300000,0.123067,-1.630095,-0.009808,-0.007595,-0.009808,2.962002,0.220006,0.832718,0.035778,-0.796940,1.000000,1.000000,0.000000,C-06,0,0,0,1,1,0,0.000936,-0.031184,0.7917,-0.0346,0.2672,2,ok
0,957,106.400000,0.145066,-1.630369,0.002344,-0.007869,0.002344,2.984002,0.220017,0.924876,0.185778,-0.739097,1.000000,1.000000,0.000000,C-06,0,0,0,1,1,0,0.000744,-0.030514,0.7917,-0.0398,0.2663,2,ok
0,958,106.520000,0.171465,-1.630699,0.015872,-0.008199,0.015872,3.010400,0.219992,0.158150,0.158150,0.000000,1.000000,1.000000,0.000000,,0,0,0,1,1,0,0.001268,-0.021881,0.7708,-0.0400,0.2667,2,ok
0,959,106.620000,0.193462,-1.630404,0.017180,-0.007904,0.017180,3.032397,0.219994,-0.610092,0.008150,0.618242,1.000000,1.000000,0.000000,C-06,0,0,0,1,1,0,0.003222,-0.008642,0.7708,-0.0551,0.2670,2,ok
0,960,106.740000,0.219860,-1.629991,0.006182,-0.007491,0.006182,3.058795,0.220022,-0.463907,-0.141850,0.322057,1.000000,1.000000,0.000000,C-06,0,0,0,1,1,0,0.003757,0.012464,0.7500,-0.0352,0.2670,2,ok
0,961,106.840000,0.241859,-1.629646,-0.013440,-0.007146,-0.013440,3.080795,0.220010,-0.400338,-0.291850,0.108488,1.000000,1.000000,0.000000,C-06,0,0,0,1,1,0,0.003500,-0.004341,0.6875,-0.0486,0.2674,2,ok
0,962,106.960000,0.268254,-1.629463,-0.026093,-0.006963,-0.026093,3.107189,0.219928,0.034629,-0.141850,-0.176480,1.000000,1.000000,0.000000,C-06,0,0,0,1,1,0,0.001836,-0.025595,0.6875,-0.0468,0.2665,2,ok
0,963,107.060000,0.290246,-1.630009,-0.026262,-0.007509,-0.026262,3.129182,0.220002,1.000000,0.008150,-0.991850,1.000000,1.000000,0.000000,C-06,0,0,0,1,1,0,-0.000865,-0.049903,0.7500,-0.0305,0.2666,2,ok
0,964,107.180000,0.316640,-1.630714,-0.013749,-0.008214,-0.013749,3.155576,0.220056,1.000000,0.158150,-0.841850,1.000000,1.000000,0.000000,C-06,0,0,0,1,1,0,-0.001247,-0.054754,0.7917,-0.0377,0.2667,2,ok
0,965,107.300000,0.343040,-1.631420,0.011673,-0.008920,0.011673,3.181975,0.220066,1.000000,0.308150,-0.691850,1.000000,1.000000,0.000000,C-06,0,0,0,1,1,0,-0.000349,-0.045086,0.8125,-0.0484,0.2674,2,ok
0,966,107.400000,0.365036,-1.631701,0.023399,-0.009201,0.023399,3.203971,0.219948,-0.166597,0.158150,0.324747,1.000000,1.000000,0.000000,C-06,0,0,0,1,1,0,0.001141,-0.012386,0.7708,-0.0425,0.2662,2,ok
0,967,107.520000,0.391428,-1.631136,0.024709,-0.008636,0.024709,3.230364,0.219992,-0.837504,0.008150,0.845654,1.000000,1.000000,0.000000,C-06,0,0,0,1,1,0,0.002938,0.009773,0.7708,-0.0447,0.2674,2,ok
0,968,107.620000,0.413423,-1.630626,0.015754,-0.008126,0.015754,3.252359,0.220030,-0.896494,-0.141850,0.754644,1.000000,1.000000,0.000000,C-06,0,0,0,1,1,0,0.004054,0.021373,0.7292,-0.0520,0.2661,2,ok
0,969,107.740000,0.439822,-1.630013,-0.007969,-0.007513,-0.007969,3.278758,0.220054,-0.394214,-0.291850,0.102364,1.000000,1.000000,0.000000,C-06,0,0,0,1,1,0,0.003732,0.009770,0.6875,-0.0396,0.2675,2,ok
0,970,107.840000,0.461817,-1.629503,-0.035946,-0.007003,-0.035946,3.300752,0.219929,-0.411315,-0.411315,0.000000,1.000000,1.000000,0.000000,,0,0,0,1,1,0,0.003249,-0.002102,0.7083,-0.0495,0.2665,2,ok
0,971,107.960000,0.488186,-1.629467,-0.058214,-0.006967,-0.058214,3.327122,0.219650,1.000000,-0.261315,-1.261315,1.000000,1.000000,0.000000,C-06,0,0,0,1,1,0,0.000893,-0.031803,0.7083,-0.0430,0.2667,2,ok
0,972,108.060000,0.510143,-1.630357,-0.066609,-0.007857,-0.066609,3.349079,0.219753,1.000000,-0.111315,-1.111315,1.000000,1.000000,0.000000,C-06,0,0,0,1,1,0,-0.004829,-0.100575,0.7917,-0.0351,0.2666,2,ok
0,973,108.180000,0.535352,-1.632020,-0.064258,-0.009520,-0.064258,3.374288,0.209914,0.713228,0.038685,-0.674543,0.953983,0.953983,0.000000,C-06,0,0,0,1,1,0,-0.006337,-0.116743,0.7917,-0.0489,0.2661,2,ok
0,974,108.300000,0.561527,-1.633694,-0.049895,-0.011194,-0.049895,3.400463,0.220159,0.359113,0.188685,-0.170427,1.000000,1.000000,0.000000,C-06,0,0,0,1,1,0,-0.007364,-0.124459,0.7708,-0.0538,0.2668,2,ok
0,975,108.400000,0.583447,-1.635088,-0.027686,-0.012588,-0.027686,3.422382,0.219620,0.340626,0.338685,-0.001941,0.996678,0.996678,0.000000,C-06,0,0,0,1,1,0,-0.009059,-0.105478,0.7292,-0.0124,0.2682,2,ok
0,976,108.520000,0.609834,-1.636533,-0.010894,-0.014033,-0.010894,3.448770,0.220234,-0.021982,0.188685,0.210668,1.000000,1.000000,0.000000,C-06,0,0,0,1,1,0,-0.008265,-0.076445,0.7083,-0.0132,0.2687,2,ok
0,977,108.620000,0.631833,-1.636935,-0.007425,-0.014435,-0.007425,3.470769,0.220018,-0.026230,0.038685,0.064916,1.000000,1.000000,0.000000,C-06,0,0,0,1,1,0,-0.006207,-0.036509,0.6875,-0.0369,0.2669,2,ok
0,978,108.740000,0.658176,-1.637310,-0.003379,-0.014810,-0.003379,3.497111,0.219510,0.048357,0.048357,0.000000,0.997698,0.997698,0.000000,,0,0,0,1,1,0,-0.005311,-0.030300,0.6667,-0.0524,0.2655,2,ok
0,979,108.840000,0.680169,-1.637583,0.009555,-0.015083,0.009555,3.519104,0.220008,0.359282,0.198357,-0.160925,1.000000,1.000000,0.000000,C-06,0,0,0,1,1,0,-0.005815,-0.022685,0.7083,-0.0390,0.2670,2,ok
0,980,108.960000,0.706562,-1.637911,0.033593,-0.015411,0.033593,3.545498,0.219901,0.294467,0.294467,0.000000,1.000000,1.000000,0.000000,,0,0,0,1,1,0,-0.005126,-0.002180,0.7500,-0.0368,0.2660,2,ok
0,981,109.060000,0.728545,-1.637671,0.044415,-0.015171,0.044415,3.567481,0.219821,-0.408173,0.144467,0.552640,1.000000,1.000000,0.000000,C-06,0,0,0,1,1,0,-0.002605,0.038998,0.7708,-0.0242,0.2679,2,ok
0,982,109.180000,0.754918,-1.636527,0.044787,-0.014027,0.044787,3.593854,0.220003,-1.000000,-0.005533,0.994467,1.000000,1.000000,0.000000,C-06,0,0,0,1,1,0,-0.000081,0.050768,0.7500,-0.0445,0.2676,2,ok
0,983,109.300000,0.781298,-1.635336,0.032852,-0.012836,0.032852,3.620233,0.220101,-1.000000,-0.155533,0.844467,1.000000,1.000000,0.000000,C-06,0,0,0,1,1,0,0.000997,0.050631,0.7708,-0.0414,0.2682,2,ok
0,984,109.400000,0.803291,-1.634343,0.012396,-0.011843,0.012396,3.642227,0.220204,-0.370176,-0.305533,0.064643,1.000000,1.000000,0.000000,C-06,0,0,0,1,1,0,0.001134,0.050706,0.7500,-0.0372,0.2672,2,ok
0,985,109.520000,0.829691,-1.633413,-0.001643,-0.010913,-0.001643,3.668626,0.220092,0.060189,-0.155533,-0.215722,1.000000,1.000000,0.000000,C-06,0,0,0,1,1,0,-0.000385,0.021709,0.7292,-0.0309,0.2657,2,ok
0,986,109.620000,0.851691,-1.633406,-0.002671,-0.010906,-0.002671,3.690626,0.220000,0.469926,-0.005533,-0.475459,1.000000,1.000000,0.000000,C-06,0,0,0,1,1,0,-0.001662,-0.013561,0.6667,-0.0370,0.2668,2,ok
0,987,109.740000,0.878091,-1.633449,0.008607,-0.010949,0.008607,3.717026,0.219993,1.000000,0.144467,-0.855533,1.000000,1.000000,0.000000,C-06,0,0,0,1,1,0,-0.002098,-0.018873,0.6458,-0.0280,0.2678,2,ok
0,988,109.840000,0.900087,-1.633485,0.028450,-0.010985,0.028450,3.737135,0.219918,0.387102,0.294467,-0.092634,1.000000,1.000000,0.000000,C-06,0,0,0,1,1,0,-0.001627,-0.009681,0.7083,-0.0316,0.2656,2,ok
0,989,109.960000,0.925578,-1.633304,0.041284,-0.010804,0.041284,3.764514,0.211861,0.122771,0.144467,0.021697,0.963723,0.963723,0.000000,C-06,0,0,0,1,1,0,0.000749,-0.011536,0.7708,-0.0650,0.2667,2,ok
0,990,110.060000,0.947439,-1.632452,0.041733,-0.009952,0.041733,3.786374,0.219993,-1.000000,-0.005533,0.994467,1.000000,1.000000,0.000000,C-06,0,0,0,1,1,0,0.003398,0.033233,0.7500,-0.0504,0.2654,2,ok
0,991,110.180000,0.973821,-1.631370,0.029878,-0.008870,0.029878,3.812757,0.220083,-1.000000,-0.155533,0.844467,1.000000,1.000000,0.000000,C-06,0,0,0,1,1,0,0.003398,0.033233,0.7500,-0.0504,0.2654,2,ok
0,992,110.300000,1.000216,-1.630287,0.005182,-0.007787,0.005182,3.837235,0.220180,-0.772702,-0.305533,0.467169,1.000000,1.000000,0.000000,C-06,0,0,0,1,1,0,0.007047,-0.003021,0.7083,-0.1285,0.2699,2,ok
0,993,110.400000,1.022216,-1.629639,-0.006684,-0.007139,-0.006684,3.861152,0.220058,-0.127793,-0.155533,-0.027740,1.000000,1.000000,0.000000,C-06,0,0,0,1,1,0,0.007116,-0.019884,0.7083,-0.1474,0.2704,2,ok
0,994,110.520000,1.048613,-1.629072,-0.024649,-0.006572,-0.024649,3.887235,0.219970,-0.218222,-0.218222,0.000000,1.000000,1.000000,0.000000,,0,0,0,1,1,0,0.006036,-0.072906,0.6875,-0.1774,0.2692,2,ok
0,995,110.620000,1.070604,-1.629352,-0.030240,-0.006852,-0.030240,3.909540,0.219934,1.000000,-0.068222,-1.068222,1.000000,1.000000,0.000000,C-06,0,0,0,1,1,0,0.005933,-0.113507,0.6667,-0.2629,0.2648,2,ok
0,996,110.740000,1.096994,-1.630142,-0.024043,-0.007642,-0.024043,3.935930,0.220037,1.000000,0.081778,-0.918222,1.000000,1.000000,0.000000,C-06,0,0,0,1,1,0,0.003844,-0.132855,0.7083,-0.2650,0.2640,2,ok
0,997,110.840000,1.118991,-1.630812,-0.008453,-0.008312,-0.008453,3.957926,0.220092,1.000000,0.231778,-0.768222,1.000000,1.000000,0.000000,C-06,0,0,0,1,1,0,0.001732,-0.115481,0.7500,-0.2449,0.2638,2,ok
0,998,110.960000,1.145389,-1.631617,0.023023,-0.009117,0.023023,3.984324,0.220051,0.403570,0.381778,-0.021792,1.000000,1.000000,0.000000,C-06,0,0,0,1,1,0,0.001460,-0.104052,0.7500,-0.2461,0.2637,2,ok
0,999,111.060000,1.167378,-1.631890,0.039956,-0.009390,0.039956,4.006313,0.219834,-0.918362,0.231778,1.150140,1.000000,1.000000,0.000000,C-06,0,0,0,1,1,0,0.003112,-0.009307,0.7292,-0.2306,0.2633,2,ok
0,1000,111.180000,1.193752,-1.631166,0.047343,-0.008666,0.047343,4.032688,0.219870,-0.858819,0.081778,0.940597,1.000000,1.000000,0.000000,C-06,0,0,0,1,1,0,0.003112,-0.009307,0.7292,-0.2306,0.2633,2,ok
0,1001,111.300000,1.220125,-1.629930,0.042512,-0.007430,0.042512,4.059060,0.220049,-0.750824,-0.068222,0.682602,1.000000,1.000000,0.000000,C-06,0,0,0,1,1,0,0.003122,0.075723,0.7083,-0.1548,0.2657,2,ok
0,1002,111.400000,1.242110,-1.628880,0.028576,-0.006380,0.028576,4.081046,0.220155,-0.408073,-0.218222,0.189851,1.000000,1.000000,0.000000,C-06,0,0,0,1,1,0,0.004165,0.079332,0.6667,-0.1804,0.2635,2,ok
0,1003,111.520000,1.268506,-1.627621,0.003377,-0.005121,0.003377,4.107442,0.220248,-0.304925,-0.304925,0.000000,1.000000,1.000000,0.000000,,0,0,0,1,1,0,0.002489,0.093640,0.6458,-0.1359,0.2665,2,ok
0,1004,111.620000,1.290506,-1.627001,-0.008341,-0.004501,-0.008341,4.129441,0.220046,-0.082522,-0.154925,-0.072403,1.000000,1.000000,0.000000,C-06,0,0,0,1,1,0,-0.000389,0.073612,0.6875,-0.0918,0.2690,2,ok
0,1005,111.740000,1.316902,-1.626503,-0.024877,-0.004003,-0.022819,4.155838,0.219956,-0.199576,-0.199576,0.000000,1.000000,1.000000,0.000000,,0,0,0,1,1,0,-0.000126,0.045048,0.7500,-0.1059,0.2664,2,ok
0,1006,111.840000,1.336898,-1.626883,-0.029168,-0.004383,-0.027111,4.175834,0.197966,0.019028,-0.049576,-0.068604,0.876643,0.900000,0.023357,C-06,0,0,0,1,1,0,-0.000288,0.030560,0.7708,-0.1108,0.2658,2,ok
0,1007,111.960000,1.362662,-1.627544,-0.021789,-0.005044,-0.015600,4.201598,0.220015,0.100762,0.100424,-0.000338,1.000000,1.000000,0.000000,C-06,0,0,0,1,1,0,-0.002335,0.043875,0.7292,-0.0775,0.2652,2,ok
0,1008,112.060000,1.384660,-1.628096,-0.005178,-0.005596,0.001011,4.223595,0.220065,0.339346,0.250424,-0.088922,1.000000,1.000000,0.000000,C-06,0,0,0,1,1,0,-0.000469,0.046887,0.6875,-0.0847,0.2694,2,ok
0,1009,112.180000,1.411060,-1.628617,0.003998,-0.005984,0.018034,4.250057,0.220026,-0.172782,0.100424,0.273206,1.000000,1.000000,0.000000,C-06,0,0,0,1,1,0,0.000113,0.097950,0.6667,-0.0236,0.2680,2,ok
0,1010,112.300000,1.437459,-1.628532,0.000690,-0.005628,0.014726,4.276455,0.220002,-0.340409,-0.049576,0.290833,1.000000,1.000000,0.000000,C-06,0,0,0,1,1,0,0.000035,0.135761,0.6667,0.0326,0.2666,2,ok
0,1011,112.400000,1.459459,-1.628433,-0.011381,-0.005171,0.012055,4.298507,0.219990,-0.185968,-0.185968,0.000000,1.000000,1.000000,0.000000,,0,0,0,1,1,0,0.002020,0.137413,0.6458,0.0201,0.2655,2,ok
0,1012,112.520000,1.485850,-1.628315,-0.038393,-0.004507,-0.014956,4.324890,0.219851,-0.468278,-0.335968,0.132310,1.000000,1.000000,0.000000,C-06,0,0,0,1,1,0,0.002444,0.135161,0.6458,0.0315,0.2654,2,ok
0,1013,112.620000,1.507828,-1.628546,-0.051714,-0.004047,-0.016885,4.346945,0.219746,-0.164757,-0.185968,-0.021212,1.000000,1.000000,0.000000,C-06,0,0,0,1,1,0,0.000637,0.095561,0.7500,0.0677,0.2657,2,ok
0,1014,112.740000,1.534181,-1.629222,-0.066882,-0.003689,-0.032053,4.373304,0.219637,-0.185813,-0.185813,0.000000,1.000000,1.000000,0.000000,,0,0,0,1,1,0,0.001835,0.050814,0.7500,0.0176,0.2636,2,ok
0,1015,112.840000,1.554118,-1.630346,-0.073973,-0.003947,-0.028539,4.393301,0.197803,-0.100282,-0.100282,0.000000,0.817811,0.900000,0.082189,C-06,0,0,0,1,1,0,0.003104,0.022997,0.7292,-0.0198,0.2625,2,ok
0,1016,112.960000,1.578882,-1.632078,-0.070706,-0.004514,-0.025272,4.418119,0.208317,0.197546,0.049718,-0.147828,0.946945,0.946945,0.000000,C-06,0,0,0,1,1,0,0.003290,-0.002556,0.7083,-0.0433,0.2637,2,ok
0,1017,113.060000,1.600614,-1.633562,-0.076568,-0.004891,-0.020717,4.439946,0.219865,-0.099607,-0.099607,0.000000,1.000000,1.000000,0.000000,,0,0,0,1,1,0,-0.000249,0.026803,0.7083,0.0863,0.2695,2,ok
0,1018,113.180000,1.626920,-1.635347,-0.092150,-0.005175,-0.036299,4.466311,0.219586,-0.200106,-0.200106,0.000000,1.000000,1.000000,0.000000,,0,0,0,1,1,0,-0.000836,0.033472,0.6875,0.0996,0.2690,2,ok
0,1019,113.300000,1.653202,-1.637592,-0.096853,-0.005845,-0.034329,4.492715,0.219825,0.247313,-0.050106,-0.297419,1.000000,1.000000,0.000000,C-06,0,0,0,1,1,0,-0.001057,0.008118,0.6250,0.0690,0.2661,2,ok
0,1020,113.400000,1.675104,-1.639711,-0.091021,-0.006574,-0.028497,4.514707,0.220117,1.000000,0.099894,-0.900106,1.000000,1.000000,0.000000,C-06,0,0,0,1,1,0,-0.004350,0.016102,0.7292,0.1314,0.2672,2,ok
0,1021,113.520000,1.701415,-1.642270,-0.072026,-0.007355,-0.003240,4.541197,0.220449,0.890785,0.249894,-0.640891,1.000000,1.000000,0.000000,C-06,0,0,0,1,1,0,-0.005822,0.035286,0.7708,0.1772,0.2669,2,ok
0,1022,113.620000,1.722753,-1.644412,-0.047644,-0.007941,0.021143,4.562634,0.213968,0.369179,0.369179,0.000000,0.968859,0.968859,0.000000,,0,0,0,1,1,0,-0.003798,0.064036,0.7708,0.1863,0.2673,2,ok
0,1023,113.740000,1.749044,-1.646502,-0.028737,-0.008116,0.044256,4.589007,0.220451,-0.680729,0.219179,0.899908,1.000000,1.000000,0.000000,C-06,0,0,0,1,1,0,-0.001986,0.079442,0.7917,0.1647,0.2640,2,ok
0,1024,113.840000,1.771036,-1.647397,-0.023178,-0.007413,0.049815,4.611006,0.220086,-0.650734,0.069179,0.719913,1.000000,1.000000,0.000000,C-06,0,0,0,1,1,0,0.001240,0.126967,0.7500,0.2112,0.2648,2,ok
0,1025,113.960000,1.797428,-1.648019,-0.029195,-0.006070,0.046705,4.637408,0.219966,-0.966153,-0.080821,0.885331,1.000000,1.000000,0.000000,C-06,0,0,0,1,1,0,0.002517,0.147811,0.7083,0.2375,0.2664,2,ok
0,1026,114.060000,1.819413,-1.648522,-0.044196,-0.004852,0.031703,4.659365,0.219851,-0.789110,-0.230821,0.558288,1.000000,1.000000,0.000000,C-06,0,0,0,1,1,0,0.005281,0.122681,0.7292,0.2243,0.2674,2,ok
0,1027,114.180000,1.845781,-1.649300,-0.053675,-0.003567,0.023151,4.685712,0.219813,-0.106977,-0.106977,0.000000,1.000000,1.000000,0.000000,,0,0,0,1,1,0,0.006337,0.083186,0.7083,0.2041,0.2685,2,ok
0,1028,114.300000,1.871232,-1.650199,-0.071740,-0.002480,0.005086,4.711156,0.211311,-0.234377,-0.234377,0.000000,0.962317,0.962317,0.000000,,0,0,0,1,1,0,0.005184,0.073140,0.6667,0.2463,0.2698,2,ok
0,1029,114.400000,1.890344,-1.651236,-0.085581,-0.002025,-0.008755,4.728784,0.189324,-0.212633,-0.212633,0.000000,0.810471,0.862317,0.051846,C-06,0,0,0,1,1,0,0.004475,0.063098,0.7292,0.2594,0.2659,2,ok
0,1030,114.520000,1.911772,-1.652848,-0.091539,-0.001966,-0.014971,4.751779,0.178187,0.364504,-0.062633,-0.427137,0.810860,0.810860,0.000000,C-06,0,0,0,1,1,0,0.004191,0.018852,0.7708,0.2464,0.2673,2,ok
0,1031,114.620000,1.931130,-1.654447,-0.086521,-0.002055,-0.009953,4.771203,0.200280,0.906373,0.087367,-0.819006,1.000000,0.910860,-0.089140,C-06,0,0,0,1,1,0,0.003615,-0.012715,0.7292,0.2447,0.2653,2,ok
0,1032,114.740000,1.956992,-1.656348,-0.068117,-0.001947,0.006180,4.797133,0.220043,1.000000,0.237367,-0.762633,1.000000,1.000000,0.000000,C-06,0,0,0,1,1,0,0.004283,-0.023206,0.7292,0.2220,0.2655,2,ok
0,1033,114.840000,1.978957,-1.657926,-0.042623,-0.001823,0.031675,4.819154,0.220352,0.471373,0.387367,-0.084006,1.000000,1.000000,0.000000,C-06,0,0,0,1,1,0,0.009057,-0.004071,0.6875,0.1408,0.2588,2,ok
0,1034,114.960000,2.005343,-1.659804,-0.022040,-0.001753,0.048800,4.845596,0.220446,-0.431169,0.237367,0.668536,1.000000,1.000000,0.000000,C-06,0,0,0,1,1,0,0.003061,0.074164,0.7083,0.4026,0.2697,2,ok
0,1035,115.060000,2.027339,-1.660615,-0.015176,-0.000996,0.055664,4.867594,0.220087,-0.689385,0.087367,0.776752,1.000000,1.000000,0.000000,C-06,0,0,0,1,1,0,0.006459,0.129112,0.6667,0.4015,0.2683,2,ok
0,1036,115.180000,2.053735,-1.661031,-0.019632,0.000410,0.046239,4.893955,0.219983,-0.741039,-0.062633,0.678406,1.000000,1.000000,0.000000,C-06,0,0,0,1,1,0,0.007783,0.132460,0.6458,0.4296,0.2683,2,ok
0,1037,115.300000,2.080125,-1.661420,-0.036514,0.001787,0.029357,4.920312,0.219884,-0.638110,-0.212633,0.425477,1.000000,1.000000,0.000000,C-06,0,0,0,1,1,0,0.006873,0.122243,0.6667,0.4845,0.2724,2,ok
0,1038,115.400000,2.102099,-1.661744,-0.060227,0.002861,-0.001294,4.942277,0.219643,-0.379004,-0.362633,0.016370,1.000000,1.000000,0.000000,C-06,0,0,0,1,1,0,0.008588,0.103144,0.7292,0.4536,0.2654,2,ok
0,1039,115.520000,2.126337,-1.662414,-0.078323,0.003664,-0.019390,4.966510,0.200543,0.024708,-0.212633,-0.237341,0.913699,0.913699,0.000000,C-06,0,0,0,1,1,0,0.004881,0.060761,0.7708,0.5440,0.2684,2,ok
0,1040,115.620000,2.147783,-1.663869,-0.083345,0.003464,-0.032861,4.988032,0.219812,0.814638,-0.062633,-0.877272,1.000000,1.000000,0.000000,C-06,0,0,0,1,1,0,0.004529,-0.014350,0.7292,0.5203,0.2673,2,ok
0,1041,115.740000,2.174097,-1.666056,-0.077212,0.002675,-0.026728,5.014425,0.220108,1.000000,0.087367,-0.912633,1.000000,1.000000,0.000000,C-06,0,0,0,1,1,0,0.000872,0.005197,0.7500,0.6055,0.2706,2,ok
0,1042,115.840000,2.196043,-1.667894,-0.062190,0.001964,-0.021630,5.036457,0.220331,1.000000,0.237367,-0.762633,1.000000,1.000000,0.000000,C-06,0,0,0,1,1,0,0.011035,-0.061813,0.6667,0.2750,0.2477,2,ok
0,1043,115.960000,2.222398,-1.669850,-0.054221,0.001135,-0.013661,5.062873,0.220218,-0.055837,0.087367,0.143203,1.000000,1.000000,0.000000,C-06,0,0,0,1,1,0,-0.000261,-0.025051,0.7083,0.6886,0.2716,2,ok
0,1044,116.060000,2.244374,-1.671385,-0.038866,0.000539,0.001694,5.084342,0.220361,0.577054,0.237367,-0.339688,1.000000,1.000000,0.000000,C-06,0,0,0,1,1,0,0.000317,0.066193,0.6250,0.7123,0.2693,2,ok
0,1045,116.180000,2.270763,-1.673225,-0.015951,-0.000541,0.012085,5.111332,0.220497,0.276535,0.276535,0.000000,1.000000,1.000000,0.000000,,0,0,0,1,1,0,-0.000050,0.162711,0.7083,0.7358,0.2687,2,ok
0,1046,116.300000,2.297162,-1.674175,-0.004404,-0.000723,0.023632,5.135964,0.220091,-0.155629,0.126535,0.282164,1.000000,1.000000,0.000000,C-06,0,0,0,1,1,0,0.002989,-0.005610,0.7292,0.7086,0.2689,2,ok
0,1047,116.400000,2.319162,-1.674300,-0.005196,-0.000488,0.008067,5.159737,0.219999,-0.086886,-0.023465,0.063421,1.000000,1.000000,0.000000,C-06,0,0,0,1,1,0,0.003269,-0.013990,0.7708,0.7360,0.2678,2,ok
0,1048,116.520000,2.345561,-1.674398,-0.007822,-0.000128,0.005441,5.186135,0.219995,-0.031587,-0.031587,0.000000,1.000000,1.000000,0.000000,,0,0,0,1,1,0,0.001495,-0.030523,0.7917,0.7912,0.2646,2,ok
0,1049,116.620000,2.367219,-1.674545,-0.000244,-0.000283,-0.004193,5.207790,0.216219,0.397852,0.118413,-0.279439,0.982789,0.982789,0.000000,C-06,0,0,0,1,1,0,-0.001064,-0.071003,0.7292,0.8693,0.2674,2,ok
0,1050,116.740000,2.390863,-1.674759,0.019866,-0.000542,0.015917,5.231433,0.194187,0.589766,0.268413,-0.321354,0.880792,0.882789,0.001997,C-06,0,0,0,1,1,0,0.000889,-0.004225,0.7292,0.8287,0.2642,2,ok
0,1051,116.840000,2.410304,-1.674939,0.047875,-0.000962,0.024625,5.250858,0.194370,0.801293,0.418413,-0.382880,0.884411,0.884411,0.000000,C-06,0,0,0,1,1,0,0.002537,-0.106459,0.7083,0.8191,0.2658,2,ok
0,1052,116.960000,2.435646,-1.674710,0.070531,-0.001262,0.047282,5.276199,0.216094,0.128918,0.268413,0.139495,1.000000,0.984411,-0.015589,C-06,0,0,0,1,1,0,0.004436,0.022977,0.7083,0.8223,0.2644,2,ok
0,1053,117.060000,2.457550,-1.673565,0.079236,-0.000692,0.032401,5.298108,0.219686,-0.489619,0.118413,0.608032,1.000000,1.000000,0.000000,C-06,0,0,0,1,1,0,0.008963,-0.008633,0.6458,0.7740,0.2669,2,ok
0,1054,117.180000,2.483868,-1.671514,0.077519,0.000216,0.030684,5.324491,0.220026,-0.323977,-0.031587,0.292390,1.000000,1.000000,0.000000,C-06,0,0,0,1,1,0,0.013750,-0.102303,0.7083,0.6851,0.2652,2,ok
0,1055,117.300000,2.510181,-1.669470,0.086076,0.000998,0.013888,5.350892,0.219852,0.220661,0.118413,-0.102249,1.000000,1.000000,0.000000,C-06,0,0,0,1,1,0,0.011394,-0.093308,0.7292,0.7080,0.2647,2,ok
0,1056,117.400000,2.531960,-1.667772,0.102913,0.001224,0.030725,5.372737,0.218110,0.376108,0.268413,-0.107695,0.993561,0.993561,0.000000,C-06,0,0,0,1,1,0,0.011049,-0.155007,0.7708,0.7101,0.2694,2,ok
0,1057,117.520000,2.558157,-1.665733,0.134777,0.001494,0.062589,5.399011,0.218710,0.686040,0.418413,-0.267627,1.000000,1.000000,0.000000,C-06,0,0,0,1,1,0,0.013267,-0.196231,0.7500,0.6460,0.2639,2,ok
0,1058,117.620000,2.579902,-1.664029,0.170218,0.001016,0.067566,5.420868,0.217587,0.687225,0.568413,-0.118812,1.000000,1.000000,0.000000,C-06,0,0,0,1,1,0,0.013267,-0.196231,0.7500,0.6460,0.2639,2,ok
0,1059,117.740000,2.605843,-1.660849,0.202493,0.001575,0.099841,5.446996,0.217692,-0.229346,0.418413,0.647758,1.000000,1.000000,0.000000,C-06,0,0,0,1,1,0,0.027844,-0.154060,0.7292,0.2665,0.2468,2,ok
0,1060,117.840000,2.627352,-1.657132,0.219861,0.002673,0.083789,5.468852,0.218319,-0.642016,0.268413,0.910429,1.000000,1.000000,0.000000,C-06,0,0,0,1,1,0,0.018468,-0.077206,0.6875,0.5904,0.2665,2,ok
0,1061,117.960000,2.653087,-1.651727,0.229317,0.004731,0.093246,5.495068,0.219198,-0.496110,0.118413,0.614523,1.000000,1.000000,0.000000,C-06,0,0,0,1,1,0,0.018468,-0.094227,0.6875,0.6199,0.2693,2,ok
0,1062,118.060000,2.674498,-1.646941,0.234744,0.006312,0.059446,5.517205,0.219399,0.086592,0.086592,0.000000,1.000000,1.000000,0.000000,,0,0,0,1,1,0,0.019603,-0.006750,0.6667,0.5919,0.2659,2,ok
0,1063,118.180000,2.700125,-1.641069,0.251130,0.007679,0.075832,5.543461,0.218692,0.876822,0.236592,-0.640230,1.000000,1.000000,0.000000,C-06,0,0,0,1,1,0,0.018928,-0.052225,0.6875,0.6034,0.2628,2,ok
0,1064,118.300000,2.725627,-1.635160,0.272308,0.008846,0.055530,5.569934,0.217870,0.299193,0.299193,0.000000,1.000000,1.000000,0.000000,,0,0,0,1,1,0,0.018339,-0.018772,0.7083,0.6231,0.2645,2,ok
0,1065,118.400000,2.745968,-1.629826,0.281889,0.009812,0.065111,5.590941,0.209591,0.148689,0.149193,0.000505,0.957768,0.957768,0.000000,C-06,0,0,0,1,1,0,0.019256,-0.099418,0.7708,0.6075,0.2635,2,ok
0,1066,118.520000,2.771134,-1.622735,0.287905,0.011489,0.071127,5.617033,0.219124,0.080357,0.080357,0.000000,0.998823,0.998823,0.000000,,0,0,0,1,1,0,0.021798,-0.146810,0.7708,0.5426,0.2663,2,ok
0,1067,118.620000,2.790944,-1.616866,0.289857,0.012047,0.030030,5.638300,0.205557,0.029981,0.029981,0.000000,0.934578,0.934578,0.000000,,0,0,0,1,1,0,0.021840,-0.074062,0.7708,0.5352,0.2615,2,ok
0,1068,118.740000,2.815268,-1.609820,0.297947,0.012512,0.038120,5.663619,0.211608,0.121266,0.121266,0.000000,0.966102,0.966102,0.000000,,0,0,0,1,1,0,0.020567,-0.055745,0.7292,0.5464,0.2653,2,ok
0,1069,118.840000,2.836150,-1.603818,0.312968,0.012365,0.011880,5.685904,0.217932,0.507911,0.271266,-0.236646,1.000000,1.000000,0.000000,C-06,0,0,0,1,1,0,0.019323,-0.177710,0.7292,0.5586,0.2700,2,ok
0,1070,118.960000,2.861152,-1.596406,0.341256,0.011850,0.040168,5.711977,0.216793,0.576259,0.421266,-0.154993,1.000000,1.000000,0.000000,C-06,0,0,0,1,1,0,0.019904,-0.179307,0.7292,0.5254,0.2689,2,ok
0,1071,119.060000,2.881793,-1.589809,0.365619,0.011721,0.024146,5.734070,0.216675,0.432390,0.432390,0.000000,1.000000,1.000000,0.000000,,0,0,0,1,1,0,0.020268,-0.069193,0.6667,0.5261,0.2654,2,ok
0,1072,119.180000,2.906352,-1.580903,0.385122,0.011825,0.043649,5.760194,0.217786,-0.252690,0.282390,0.535080,1.000000,1.000000,0.000000,C-06,0,0,0,1,1,0,0.021385,-0.044653,0.7083,0.5265,0.2659,2,ok
0,1073,119.300000,2.930769,-1.571227,0.394482,0.012703,0.053009,5.783733,0.218948,0.053421,0.132390,0.078970,1.000000,1.000000,0.000000,C-06,0,0,0,1,1,0,0.022444,-0.145960,0.7500,0.4994,0.2667,2,ok
0,1074,119.400000,2.951075,-1.562788,0.395214,0.012915,0.017705,5.808881,0.219954,0.005704,0.005704,0.000000,1.000000,1.000000,0.000000,,0,0,0,1,1,0,0.021376,-0.137112,0.7708,0.5186,0.2686,2,ok
0,1075,119.520000,2.975352,-1.552642,0.404735,0.013346,0.027226,5.835189,0.218861,0.157684,0.155704,-0.001979,0.998060,0.998060,0.000000,C-06,0,0,0,1,1,0,0.020169,-0.151449,0.7708,0.5176,0.2671,2,ok
0,1076,119.620000,2.995541,-1.544151,0.411596,0.013118,0.000293,5.857530,0.219032,0.123215,0.123215,0.000000,1.000000,1.000000,0.000000,,0,0,0,1,1,0,0.019699,-0.128174,0.7708,0.5131,0.2687,2,ok
0,1077,119.740000,3.019649,-1.533755,0.428604,0.012979,0.017301,5.883784,0.218145,0.466626,0.273215,-0.193410,1.000000,1.000000,0.000000,C-06,0,0,0,1,1,0,0.018302,-0.128681,0.7708,0.5217,0.2667,2,ok
0,1078,119.840000,3.039576,-1.525020,0.447052,0.012568,0.003000,5.905942,0.217405,0.350516,0.350516,0.000000,1.000000,1.000000,0.000000,,0,0,0,1,1,0,0.017023,-0.167202,0.7500,0.5452,0.2685,2,ok
0,1079,119.960000,3.063300,-1.513884,0.460777,0.012439,0.016725,5.932150,0.218485,0.207097,0.207097,0.000000,1.000000,1.000000,0.000000,,0,0,0,1,1,0,0.016719,-0.109066,0.7083,0.5485,0.2683,2,ok
0,1080,120.060000,3.082920,-1.504322,0.478802,0.012385,0.002753,5.954390,0.217554,0.355525,0.355525,0.000000,1.000000,1.000000,0.000000,,0,0,0,1,1,0,0.013408,-0.063918,0.6458,0.6086,0.2703,2,ok
0,1081,120.180000,3.106267,-1.492387,0.492175,0.012271,0.016127,5.980610,0.218597,-0.033260,0.205525,0.238785,1.000000,1.000000,0.000000,C-06,0,0,0,1,1,0,0.015035,-0.021591,0.6875,0.5781,0.2655,2,ok
0,1082,120.300000,3.129504,-1.479972,0.496240,0.012412,-0.010901,6.007338,0.219623,-0.245124,0.055525,0.300649,1.000000,1.000000,0.000000,C-06,0,0,0,1,1,0,0.014039,-0.088378,0.7500,0.6179,0.2665,2,ok
0,1083,120.400000,3.148869,-1.469499,0.491998,0.012150,-0.015143,6.029352,0.220386,-0.101409,-0.094475,0.006934,1.000000,1.000000,0.000000,C-06,0,0,0,1,1,0,0.013915,-0.106806,0.7708,0.6261,0.2688,2,ok
0,1084,120.520000,3.172123,-1.457025,0.494964,0.011748,-0.012177,6.053868,0.219734,0.475092,0.055525,-0.419567,1.000000,1.000000,0.000000,C-06,0,0,0,1,1,0,0.013649,-0.172611,0.7292,0.6008,0.2669,2,ok
0,1085,120.620000,3.189670,-1.447545,0.504797,0.010803,-0.033355,6.076035,0.197264,0.525424,0.205525,-0.319899,0.795878,0.900000,0.104122,C-06,0,0,0,1,1,0,0.022048,-0.224425,0.7292,0.2477,0.2483,2,ok
0,1086,120.740000,3.210226,-1.436185,0.525805,0.009990,-0.012347,6.099507,0.194794,0.785242,0.355525,-0.429718,0.894065,0.894065,0.000000,C-06,0,0,0,1,1,0,0.012663,-0.242982,0.7083,0.5225,0.2673,2,ok
0,1087,120.840000,3.228013,-1.426120,0.550489,0.009135,-0.017758,6.120202,0.206956,0.945767,0.505525,-0.440243,0.953357,0.953357,0.000000,C-06,0,0,0,1,1,0,0.010528,-0.144287,0.7292,0.5779,0.2670,2,ok
0,1088,120.960000,3.250207,-1.412592,0.572192,0.008603,0.003945,6.146189,0.218244,0.018379,0.355525,0.337145,1.000000,1.000000,0.000000,C-06,0,0,0,1,1,0,0.011948,-0.170975,0.6875,0.5473,0.2659,2,ok
0,1089,121.060000,3.268638,-1.400770,0.582691,0.008443,-0.015189,6.168350,0.219047,-0.335502,0.205525,0.541027,1.000000,1.000000,0.000000,C-06,0,0,0,1,1,0,0.015194,-0.122978,0.6458,0.5005,0.2659,2,ok
0,1090,121.180000,3.290027,-1.386597,0.586455,0.008093,-0.011426,6.194007,0.213345,-0.098271,0.055525,0.153795,0.969854,0.969854,0.000000,C-06,0,0,0,1,1,0,0.014727,-0.163590,0.6875,0.4975,0.2699,2,ok
0,1091,121.300000,3.311874,-1.372084,0.597992,0.007616,-0.028932,6.220452,0.219147,0.267897,0.205525,-0.062372,1.000000,1.000000,0.000000,C-06,0,0,0,1,1,0,0.013765,-0.152879,0.7500,0.4855,0.2692,2,ok
0,1092,121.400000,3.329477,-1.360026,0.614252,0.007043,-0.012671,6.241781,0.212080,0.437806,0.355525,-0.082282,0.969832,0.969832,0.000000,C-06,0,0,0,1,1,0,0.013765,-0.152879,0.7500,0.4855,0.2692,2,ok
0,1093,121.520000,3.350759,-1.344879,0.642187,0.006811,0.015263,6.267903,0.218683,0.600611,0.505525,-0.095086,1.000000,1.000000,0.000000,C-06,0,0,0,1,1,0,0.010132,-0.185294,0.7708,0.5214,0.2681,2,ok
0,1094,121.620000,3.367668,-1.331996,0.659076,0.006727,0.003153,6.289354,0.211499,0.007186,0.355525,0.348338,0.963989,0.963989,0.000000,C-06,0,0,0,1,1,0,0.009128,-0.171440,0.7292,0.5652,0.2682,2,ok
0,1095,121.740000,3.387860,-1.316210,0.672617,0.006926,0.016694,6.314983,0.213769,0.240753,0.240753,0.000000,0.973165,0.973165,0.000000,,0,0,0,1,1,0,0.009608,-0.095780,0.7083,0.5729,0.2689,2,ok
0,1096,121.840000,3.404978,-1.302525,0.677243,0.006906,-0.007302,6.337100,0.219896,-0.319416,0.090753,0.410170,1.000000,1.000000,0.000000,C-06,0,0,0,1,1,0,0.009560,-0.135313,0.7292,0.5872,0.2687,2,ok
0,1097,121.960000,3.425487,-1.285926,0.685190,0.006793,0.000645,6.363485,0.219880,0.149303,0.149303,0.000000,1.000000,1.000000,0.000000,,0,0,0,1,1,0,0.007770,-0.141929,0.7292,0.6305,0.2686,2,ok
0,1098,122.060000,3.440901,-1.273248,0.692322,0.006643,-0.021707,6.383633,0.197923,0.157317,0.157317,0.000000,0.826911,0.900000,0.073089,C-06,0,0,0,1,1,0,0.006114,-0.085069,0.7083,0.6527,0.2672,2,ok
0,1099,122.180000,3.458724,-1.258428,0.694917,0.006198,-0.019112,6.406809,0.192852,0.041085,0.041085,0.000000,0.876667,0.876667,0.000000,,0,0,0,1,1,0,0.006983,-0.146830,0.7083,0.6238,0.2633,2,ok
0,1100,122.300000,3.475880,-1.243995,0.704772,0.005896,-0.009257,6.429227,0.186527,0.573165,0.191085,-0.382080,0.847771,0.847771,0.000000,C-06,0,0,0,1,1,0,0.004114,-0.142150,0.8125,0.6850,0.2667,2,ok
0,1101,122.400000,3.491199,-1.230778,0.719621,0.005287,-0.022972,6.449621,0.208853,0.921851,0.341085,-0.580766,1.000000,0.947771,-0.052229,C-06,0,0,0,1,1,0,0.003177,-0.196468,0.7917,0.6956,0.2656,2,ok
0,1102,122.520000,3.510696,-1.213273,0.746147,0.005017,0.003554,6.475822,0.221209,1.000000,0.491085,-0.508915,1.000000,1.000000,0.000000,C-06,0,0,0,1,1,0,0.003488,-0.166806,0.8333,0.6851,0.2654,2,ok
0,1103,122.620000,3.526730,-1.198109,0.775925,0.004869,0.004520,6.498057,0.220422,1.000000,0.641085,-0.358915,1.000000,1.000000,0.000000,C-06,0,0,0,1,1,0,0.002565,-0.089625,0.7708,0.7134,0.2661,2,ok
0,1104,122.740000,3.545310,-1.179380,0.804656,0.005252,0.033251,6.524435,0.219478,-0.461946,0.491085,0.953031,1.000000,1.000000,0.000000,C-06,0,0,0,1,1,0,0.005165,-0.048049,0.7292,0.7430,0.2688,2,ok
0,1105,122.840000,3.560428,-1.163469,0.821342,0.005812,0.019917,6.546510,0.219280,-1.000000,0.341085,1.341085,1.000000,1.000000,0.000000,C-06,0,0,0,1,1,0,0.005544,-0.020917,0.7500,0.7745,0.2679,2,ok
0,1106,122.960000,3.578301,-1.144101,0.832522,0.006521,0.031097,6.572855,0.219576,-0.581896,0.191085,0.772981,1.000000,1.000000,0.000000,C-06,0,0,0,1,1,0,0.010000,-0.094518,0.7083,0.7269,0.2679,2,ok
0,1107,123.060000,3.593085,-1.127821,0.834842,0.007142,0.003985,6.595050,0.219916,-0.324619,0.041085,0.365704,1.000000,1.000000,0.000000,C-06,0,0,0,1,1,0,0.009803,-0.074846,0.6667,0.7884,0.2683,2,ok
0,1108,123.180000,3.610756,-1.108231,0.840319,0.007356,0.009462,6.621431,0.219822,0.102649,0.102649,0.000000,1.000000,1.000000,0.000000,,0,0,0,1,1,0,0.015199,-0.079139,0.6875,0.6581,0.2647,2,ok
0,1109,123.300000,3.628041,-1.088718,0.853677,0.007677,-0.007374,6.647761,0.217039,0.289906,0.252649,-0.037257,0.987623,0.987623,0.000000,C-06,0,0,0,1,1,0,0.012385,-0.148369,0.7292,0.7200,0.2670,2,ok
0,1110,123.400000,3.642093,-1.072389,0.868062,0.007617,0.007011,6.669303,0.215365,0.326172,0.326172,0.000000,0.978998,0.978998,0.000000,,0,0,0,1,1,0,0.016308,-0.190831,0.8125,0.6143,0.2618,2,ok
0,1111,123.520000,3.658919,-1.052084,0.893229,0.008035,0.032178,6.695670,0.220512,0.564772,0.476172,-0.088600,1.000000,1.000000,0.000000,C-06,0,0,0,1,1,0,0.015524,-0.135917,0.8125,0.6447,0.2655,2,ok
0,1112,123.620000,3.672644,-1.034808,0.913939,0.008316,0.021386,6.717944,0.220821,0.450150,0.450150,0.000000,0.999743,0.999743,0.000000,,0,0,0,1,1,0,0.015642,-0.229462,0.7500,0.6939,0.2719,2,ok
0,1113,123.740000,3.688723,-1.013760,0.931273,0.009093,0.038720,6.744420,0.220796,-0.293336,0.300150,0.593486,1.000000,1.000000,0.000000,C-06,0,0,0,1,1,0,0.030297,-0.221045,0.7083,0.2684,0.2450,2,ok
0,1114,123.840000,3.701860,-0.996057,0.938753,0.009501,0.013862,6.766803,0.220442,-0.315118,0.150150,0.465268,1.000000,1.000000,0.000000,C-06,0,0,0,1,1,0,0.021136,-0.153535,0.7292,0.5783,0.2633,2,ok
0,1115,123.960000,3.717458,-0.974709,0.944817,0.009870,0.019927,6.793240,0.220330,0.104131,0.104131,0.000000,1.000000,1.000000,0.000000,,0,0,0,1,1,0,0.020101,-0.136430,0.7083,0.6079,0.2650,2,ok
0,1116,124.060000,3.729979,-0.957315,0.955253,0.010048,-0.003117,6.814975,0.214078,0.231231,0.231231,0.000000,0.969355,0.969355,0.000000,,0,0,0,1,1,0,0.018122,-0.200570,0.6667,0.5999,0.2658,2,ok
0,1117,124.180000,3.745023,-0.935756,0.965902,0.010190,0.007532,6.841264,0.220193,0.182546,0.182546,0.000000,1.000000,1.000000,0.000000,,0,0,0,1,1,0,0.022565,-0.151644,0.7083,0.4745,0.2521,2,ok
0,1118,124.300000,3.758685,-0.915825,0.984401,0.010327,-0.011782,6.865784,0.200339,0.406310,0.332546,-0.073764,0.903853,0.903853,0.000000,C-06,0,0,0,1,1,0,0.019011,-0.178722,0.7708,0.5162,0.2561,2,ok
0,1119,124.400000,3.770081,-0.897855,1.007356,0.010651,0.011173,6.887059,0.218825,0.847452,0.482546,-0.364906,1.000000,1.000000,0.000000,C-06,0,0,0,1,1,0,0.018617,-0.231740,0.7917,0.4938,0.2635,2,ok
0,1120,124.520000,3.783958,-0.875287,1.044535,0.011420,0.048352,6.913542,0.222464,0.899419,0.632546,-0.266873,1.000000,1.000000,0.000000,C-06,0,0,0,1,1,0,0.018958,-0.260714,0.8125,0.4951,0.2649,2,ok
0,1121,124.620000,3.795393,-0.856125,1.069774,0.011500,0.034411,6.936313,0.223308,-0.534864,0.482546,1.017410,1.000000,1.000000,0.000000,C-06,0,0,0,1,1,0,0.019355,-0.167716,0.7500,0.5284,0.2649,2,ok
0,1122,124.740000,3.808429,-0.832834,1.091090,0.012306,0.055727,6.962992,0.222407,-1.000000,0.332546,1.332546,1.000000,1.000000,0.000000,C-06,0,0,0,1,1,0,0.023357,-0.181766,0.7083,0.4335,0.2649,2,ok
0,1123,124.840000,3.818786,-0.813263,1.101280,0.012748,0.024582,6.985730,0.221343,-0.486050,0.182546,0.668596,1.000000,1.000000,0.000000,C-06,0,0,0,1,1,0,0.024144,-0.145312,0.7708,0.4166,0.2656,2,ok
0,1124,124.960000,3.830776,-0.789701,1.103964,0.013327,0.027266,7.012161,0.220239,-0.172210,0.032546,0.204756,1.000000,1.000000,0.000000,C-06,0,0,0,1,1,0,0.022376,-0.115461,0.7292,0.4472,0.2648,2,ok
0,1125,125.060000,3.840679,-0.770014,1.112897,0.013518,-0.004879,7.034787,0.220725,0.451839,0.182546,-0.269293,1.000000,1.000000,0.000000,C-06,0,0,0,1,1,0,0.020976,-0.151384,0.7292,0.4190,0.2703,2,ok
0,1126,125.180000,3.852387,-0.746316,1.115521,0.013259,-0.002255,7.061219,0.220244,0.004344,0.032546,0.028201,1.000000,1.000000,0.000000,C-06,0,0,0,1,1,0,0.020066,-0.160908,0.7500,0.4168,0.2666,2,ok
0,1127,125.300000,3.863464,-0.723614,1.126304,0.012889,-0.030875,7.087013,0.209996,0.596291,0.182546,-0.413745,0.950802,0.950802,0.000000,C-06,0,0,0,1,1,0,0.017326,-0.162010,0.7917,0.4456,0.2644,2,ok
0,1128,125.400000,3.872597,-0.703866,1.143265,0.012342,-0.013915,7.108764,0.219933,0.743234,0.332546,-0.410688,1.000000,1.000000,0.000000,C-06,0,0,0,1,1,0,0.016973,-0.221913,0.7917,0.4028,0.2692,2,ok
0,1129,125.520000,3.883547,-0.679682,1.174135,0.011886,0.016955,7.135307,0.222379,0.717122,0.482546,-0.234576,1.000000,1.000000,0.000000,C-06,0,0,0,1,1,0,0.016830,-0.220930,0.7917,0.3848,0.2686,2,ok
0,1130,125.620000,3.892205,-0.660183,1.193163,0.010969,-0.001116,7.157015,0.212564,0.213247,0.332546,0.119299,0.953435,0.953435,0.000000,C-06,0,0,0,1,1,0,0.015801,-0.190341,0.7917,0.4078,0.2670,2,ok
0,1131,125.740000,3.902014,-0.635734,1.206002,0.010797,0.011723,7.183358,0.221065,-0.050694,0.182546,0.233240,1.000000,1.000000,0.000000,C-06,0,0,0,1,1,0,0.016822,-0.125578,0.7708,0.3998,0.2673,2,ok
0,1132,125.840000,3.909924,-0.615170,1.208423,0.010460,-0.019497,7.205728,0.220266,-0.596953,0.032546,0.629499,1.000000,1.000000,0.000000,C-06,0,0,0,1,1,0,0.016101,-0.118398,0.7500,0.4019,0.2670,2,ok
0,1133,125.960000,3.919313,-0.590486,1.207859,0.009930,-0.020062,7.232132,0.220041,-0.010925,-0.010925,0.000000,1.000000,1.000000,0.000000,,0,0,0,1,1,0,0.015348,-0.135279,0.7292,0.3931,0.2640,2,ok
0,1134,126.060000,3.926429,-0.571788,1.214906,0.009206,-0.043897,7.252475,0.198546,0.354832,0.139075,-0.215757,0.859933,0.900000,0.040067,C-06,0,0,0,1,1,0,0.010663,-0.106356,0.6875,0.4139,0.2675,2,ok
0,1135,126.180000,3.934891,-0.548675,1.233710,0.008127,-0.025093,7.277065,0.206609,0.677764,0.289075,-0.388689,0.935706,0.935706,0.000000,C-06,0,0,0,1,1,0,0.009254,-0.130984,0.7292,0.4248,0.2663,2,ok
0,1136,126.300000,3.943364,-0.526019,1.263058,0.006798,-0.025668,7.301401,0.201700,0.679876,0.439075,-0.240801,0.901533,0.901533,0.000000,C-06,0,0,0,1,1,0,0.009221,-0.201472,0.7917,0.3982,0.2651,2,ok
0,1137,126.400000,3.950384,-0.505512,1.296831,0.005737,0.008105,7.323051,0.222985,0.945382,0.589075,-0.356307,1.000000,1.000000,0.000000,C-06,0,0,0,1,1,0,0.009221,-0.201472,0.7917,0.3982,0.2651,2,ok
0,1138,126.520000,3.958620,-0.479984,1.329272,0.004900,0.040545,7.349861,0.223553,-0.315547,0.439075,0.754621,1.000000,1.000000,0.000000,C-06,0,0,0,1,1,0,0.011251,-0.129405,0.8125,0.3800,0.2609,2,ok
0,1139,126.620000,3.964608,-0.458574,1.347579,0.004501,0.030468,7.372222,0.222180,-0.460819,0.289075,0.749894,1.000000,1.000000,0.000000,C-06,0,0,0,1,1,0,0.012113,-0.105323,0.7708,0.4080,0.2677,2,ok
0,1140,126.740000,3.970869,-0.432796,1.358601,0.004907,0.041490,7.398747,0.220977,-0.542084,0.139075,0.681159,1.000000,1.000000,0.000000,C-06,0,0,0,1,1,0,0.011952,-0.081147,0.7292,0.4322,0.2697,2,ok
0,1141,126.840000,3.975537,-0.411288,1.358674,0.005318,0.015778,7.420895,0.220004,-0.225242,-0.010925,0.214317,1.000000,1.000000,0.000000,C-06,0,0,0,1,1,0,0.012548,-0.092851,0.7500,0.4551,0.2734,2,ok
0,1142,126.960000,3.981096,-0.385509,1.347526,0.005660,0.004630,7.447265,0.219510,-0.179095,-0.160925,0.018170,1.000000,1.000000,0.000000,C-06,0,0,0,1,1,0,0.012104,-0.049198,0.7292,0.4617,0.2702,2,ok
0,1143,127.060000,3.985938,-0.364060,1.346121,0.005451,-0.022391,7.469387,0.219924,0.580002,-0.010925,-0.590927,1.000000,1.000000,0.000000,C-06,0,0,0,1,1,0,0.008686,-0.051253,0.6667,0.4851,0.2749,2,ok
0,1144,127.180000,3.991478,-0.339756,1.355280,0.004887,-0.013232,7.494308,0.206714,0.504016,0.139075,-0.364942,0.937867,0.937867,0.000000,C-06,0,0,0,1,1,0,0.006436,-0.015992,0.7292,0.5162,0.2700,2,ok
0,1145,127.300000,3.997005,-0.316157,1.375694,0.004005,-0.017728,7.518631,0.201737,0.861275,0.289075,-0.572201,0.910204,0.910204,0.000000,C-06,0,0,0,1,1,0,0.005623,-0.138880,0.8333,0.5117,0.2638,2,ok
0,1146,127.400000,4.001589,-0.295037,1.402318,0.003236,0.008895,7.540229,0.221606,0.653922,0.439075,-0.214847,1.000000,1.000000,0.000000,C-06,0,0,0,1,1,0,0.007619,-0.153520,0.8125,0.4605,0.2626,2,ok
0,1147,127.520000,4.006766,-0.269912,1.425287,0.002594,0.031865,7.563508,0.213092,-0.095191,0.289075,0.384266,0.960705,0.960705,0.000000,C-06,0,0,0,1,1,0,0.005632,-0.074903,0.7708,0.5397,0.2670,2,ok
0,1148,127.620000,4.010335,-0.248246,1.434867,0.002303,0.017579,7.587895,0.220736,-0.352292,0.139075,0.491367,1.000000,1.000000,0.000000,C-06,0,0,0,1,1,0,0.006709,-0.077841,0.8125,0.5520,0.2666,2,ok
0,1149,127.740000,4.013942,-0.222089,1.434705,0.002720,0.017417,7.614297,0.219990,-0.286224,-0.010925,0.275299,1.000000,1.000000,0.000000,C-06,0,0,0,1,1,0,0.006064,0.017823,0.7708,0.5688,0.2696,2,ok
0,1150,127.840000,4.016927,-0.200282,1.442776,0.002622,0.001355,7.636372,0.220219,0.213398,0.139075,-0.074323,1.000000,1.000000,0.000000,C-06,0,0,0,1,1,0,0.005473,0.017342,0.7500,0.5980,0.2648,2,ok
0,1151,127.960000,4.020511,-0.174065,1.464615,0.002443,0.023194,7.662832,0.220765,0.395789,0.289075,-0.106714,1.000000,1.000000,0.000000,C-06,0,0,0,1,1,0,0.005900,-0.050340,0.7500,0.5905,0.2685,2,ok
0,1152,128.060000,4.023497,-0.152160,1.492947,0.001947,0.026825,7.684988,0.221329,0.516114,0.439075,-0.077039,1.000000,1.000000,0.000000,C-06,0,0,0,1,1,0,0.006819,0.064168,0.6875,0.6001,0.2671,2,ok
0,1153,128.180000,4.026608,-0.125817,1.517287,0.001641,0.051166,7.711512,0.220933,-0.252665,0.289075,0.541740,1.000000,1.000000,0.000000,C-06,0,0,0,1,1,0,0.010032,-0.011932,0.7500,0.5669,0.2696,2,ok
0,1154,128.300000,4.028573,-0.099447,1.529586,0.002087,0.039295,7.738001,0.220308,-0.663758,0.139075,0.802833,1.000000,1.000000,0.000000,C-06,0,0,0,1,1,0,0.010736,-0.097098,0.7917,0.5902,0.2694,2,ok
0,1155,128.420000,4.029687,-0.073069,1.529414,0.003107,0.039123,7.764382,0.219994,-0.059567,-0.010925,0.048642,1.000000,1.000000,0.000000,C-06,0,0,0,1,1,0,0.012143,0.009985,0.7917,0.5727,0.2667,2,ok
0,1156,128.520000,4.030590,-0.051630,1.537920,0.003672,0.022193,7.785924,0.213861,0.237117,0.139075,-0.098042,0.971772,0.971772,0.000000,C-06,0,0,0,1,1,0,0.011881,-0.097822,0.8333,0.5839,0.2692,2,ok
0,1157,128.640000,4.031664,-0.025317,1.548012,0.004037,0.032285,7.812256,0.220122,0.119949,0.119949,0.000000,1.000000,1.000000,0.000000,,0,0,0,1,1,0,0.012307,-0.029725,0.7708,0.5727,0.2637,2,ok
0,1158,128.740000,4.032558,-0.003319,1.565989,0.004221,0.024208,7.834367,0.220178,0.347242,0.269949,-0.077293,1.000000,1.000000,0.000000,C-06,0,0,0,1,1,0,0.012704,-0.139307,0.7708,0.5820,0.2679,2,ok
0,1159,128.860000,4.033164,0.023080,1.576929,0.004458,0.035148,7.860772,0.220030,0.002456,0.119949,0.117493,1.000000,1.000000,0.000000,C-06,0,0,0,1,1,0,0.012885,-0.114135,0.7500,0.5966,0.2692,2,ok
0,1160,128.980000,4.033597,0.049476,1.598645,0.004713,0.029277,7.887313,0.219950,0.504308,0.269949,-0.234359,1.000000,1.000000,0.000000,C-06,0,0,0,1,1,0,0.011178,0.053888,0.7083,0.6417,0.2708,2,ok
0,1161,129.080000,4.033957,0.071457,1.625329,0.004394,0.055962,7.909294,0.219720,0.398794,0.398794,0.000000,1.000000,1.000000,0.000000,,0,0,0,1,1,0,0.008995,0.090635,0.7500,0.6865,0.2771,2,ok
0,1162,129.200000,4.033461,0.097800,1.646435,0.004939,0.077067,7.935545,0.219489,-0.164053,0.248794,0.412846,1.000000,1.000000,0.000000,C-06,0,0,0,1,1,0,0.017464,-0.083198,0.7708,0.5446,0.2613,2,ok
0,1163,129.300000,4.032140,0.119731,1.653891,0.005725,0.054862,7.957721,0.219717,-0.112512,0.098794,0.211306,1.000000,1.000000,0.000000,C-06,0,0,0,1,1,0,0.013509,0.040937,0.7917,0.6501,0.2668,2,ok
0,1164,129.420000,4.029988,0.146042,1.650422,0.007239,0.051394,7.984077,0.220047,-0.220062,-0.051206,0.168856,1.000000,1.000000,0.000000,C-06,0,0,0,1,1,0,0.013168,-0.003214,0.7917,0.6829,0.2705,2,ok
0,1165,129.520000,4.028177,0.167979,1.643291,0.007962,0.011413,8.006322,0.220162,-0.110463,-0.110463,0.000000,1.000000,1.000000,0.000000,,0,0,0,1,1,0,0.011931,0.068160,0.7708,0.7194,0.2703,2,ok
0,1166,129.640000,4.026261,0.194308,1.645651,0.008371,0.013773,8.032718,0.219955,0.055288,0.039537,-0.015751,1.000000,1.000000,0.000000,C-06,0,0,0,1,1,0,0.011931,0.068160,0.7708,0.7194,0.2703,2,ok
0,1167,129.740000,4.024681,0.216237,1.657358,0.008284,-0.007988,8.055011,0.219759,0.615002,0.189537,-0.425465,1.000000,1.000000,0.000000,C-06,0,0,0,1,1,0,0.005607,0.111984,0.7500,0.8253,0.2772,2,ok
0,1168,129.860000,4.022784,0.242506,1.683457,0.007716,0.018111,8.081343,0.219206,0.932715,0.339537,-0.593178,1.000000,1.000000,0.000000,C-06,0,0,0,1,1,0,0.004530,0.116701,0.7292,0.8597,0.2760,2,ok
0,1169,129.980000,4.020870,0.268690,1.714059,0.006801,0.014073,8.107861,0.218450,0.396099,0.396099,0.000000,1.000000,1.000000,0.000000,,0,0,0,1,1,0,-0.000746,0.232072,0.6875,0.9406,0.2814,2,ok
0,1170,130.080000,4.018450,0.290437,1.730567,0.006330,0.030581,8.129737,0.218809,-0.253764,0.246099,0.499863,1.000000,1.000000,0.000000,C-06,0,0,0,1,1,0,0.004361,0.151477,0.7083,0.8834,0.2732,2,ok
0,1171,130.200000,4.014569,0.316483,1.738390,0.006625,0.003719,8.156290,0.219475,-0.638501,0.096099,0.734600,1.000000,1.000000,0.000000,C-06,0,0,0,1,1,0,0.006204,0.126351,0.7500,0.8745,0.2723,2,ok
0,1172,130.300000,4.011032,0.338169,1.741529,0.006542,0.006858,8.178261,0.219742,0.045381,0.045381,0.000000,1.000000,1.000000,0.000000,,0,0,0,1,1,0,0.003786,-0.049561,0.8125,0.9485,0.2708,2,ok
0,1173,130.420000,4.006719,0.364155,1.755559,0.006516,0.020888,8.204603,0.219250,0.399569,0.195381,-0.204188,1.000000,1.000000,0.000000,C-06,0,0,0,1,1,0,0.005129,0.105535,0.7917,0.9056,0.2736,2,ok
0,1174,130.520000,4.003154,0.383934,1.774710,0.006196,0.006816,8.224906,0.197188,1.000000,0.345381,-0.654619,0.894371,0.900000,0.005629,C-06,0,0,0,1,1,0,-0.001196,0.165671,0.7917,1.0908,0.2783,2,ok
0,1175,130.640000,3.998858,0.408577,1.810206,0.005577,0.042311,8.249913,0.210457,1.000000,0.495381,-0.504619,0.969928,0.969928,0.000000,C-06,0,0,0,1,1,0,0.002993,-0.098906,0.7500,1.0122,0.2683,2,ok
0,1176,130.740000,3.994487,0.429819,1.831680,0.005333,0.030872,8.271783,0.217617,0.347549,0.347549,0.000000,1.000000,1.000000,0.000000,,0,0,0,1,1,0,0.001501,0.188843,0.7708,1.1002,0.2760,2,ok
0,1177,130.860000,3.988194,0.455273,1.846364,0.005643,0.045556,8.298002,0.218549,-1.000000,0.197549,1.197549,1.000000,1.000000,0.000000,C-06,0,0,0,1,1,0,0.007177,-0.065680,0.7500,0.9949,0.2682,2,ok
0,1178,130.980000,3.981144,0.480661,1.850376,0.006418,0.015891,8.324520,0.219636,-0.779817,0.047549,0.827367,1.000000,1.000000,0.000000,C-06,0,0,0,1,1,0,0.005055,-0.001455,0.7500,1.0741,0.2691,2,ok
0,1179,131.080000,3.975167,0.501515,1.844858,0.006837,0.010374,8.346210,0.216844,-0.127940,-0.102451,0.025490,0.984278,0.984278,0.000000,C-06,0,0,0,1,1,0,0.003222,0.121671,0.7292,1.1200,0.2748,2,ok
0,1180,131.200000,3.968167,0.526407,1.847504,0.007079,-0.022656,8.372330,0.215283,0.208758,0.047549,-0.161209,0.979288,0.979288,0.000000,C-06,0,0,0,1,1,0,0.001301,0.051358,0.7917,1.1790,0.2766,2,ok
0,1181,131.300000,3.962799,0.545337,1.858157,0.006674,-0.012003,8.392002,0.194669,0.562214,0.197549,-0.364664,0.887182,0.887182,0.000000,C-06,0,0,0,1,1,0,-0.000185,0.001062,0.8333,1.2074,0.2764,2,ok
0,1182,131.420000,3.956224,0.569642,1.881624,0.005851,0.011463,8.417167,0.214579,0.991900,0.347549,-0.644351,0.987800,0.987182,-0.000618,C-06,0,0,0,1,1,0,0.000475,-0.183580,0.7917,1.2062,0.2726,2,ok
0,1183,131.520000,3.950500,0.588435,1.908202,0.005327,0.000617,8.437019,0.192960,0.543195,0.497549,-0.045646,0.882171,0.887182,0.005011,C-06,0,0,0,1,1,0,-0.002004,0.193375,0.7708,1.2867,0.2795,2,ok
0,1184,131.640000,3.943182,0.612247,1.951069,0.004439,0.043484,8.461914,0.212334,0.774258,0.647549,-0.126709,1.000000,0.987182,-0.012818,C-06,0,0,0,1,1,0,-0.000608,0.165360,0.7917,1.2654,0.2787,2,ok
0,1185,131.740000,3.935806,0.632533,1.979025,0.004539,0.030826,8.483692,0.216225,0.007016,0.497549,0.490533,1.000000,1.000000,0.000000,C-06,0,0,0,1,1,0,0.004548,-0.154581,0.7500,1.1743,0.2727,2,ok
0,1186,131.860000,3.925873,0.656637,2.002316,0.004933,0.054117,8.509759,0.217375,-0.696216,0.347549,1.043766,1.000000,1.000000,0.000000,C-06,0,0,0,1,1,0,0.004353,-0.088784,0.7708,1.2082,0.2692,2,ok
0,1187,131.980000,3.915118,0.680540,2.015590,0.006164,0.067391,8.533359,0.218516,-0.775327,0.197549,0.972876,1.000000,1.000000,0.000000,C-06,0,0,0,1,1,0,0.006301,0.265516,0.7500,1.1826,0.2703,2,ok
0,1188,132.080000,3.905750,0.700319,2.018687,0.006591,0.027718,8.558076,0.218883,-0.299129,0.047549,0.346679,0.996556,0.996556,0.000000,C-06,0,0,0,1,1,0,0.004012,0.008820,0.7292,1.2448,0.2690,2,ok
0,1189,132.200000,3.894411,0.724067,2.026293,0.007322,0.035323,8.584383,0.219078,0.124277,0.124277,0.000000,1.000000,1.000000,0.000000,,0,0,0,1,1,0,0.006245,0.042650,0.7500,1.2027,0.2685,2,ok
0,1190,132.300000,3.884826,0.743762,2.039956,0.007298,0.003471,8.606620,0.218507,0.415925,0.274277,-0.141648,1.000000,1.000000,0.000000,C-06,0,0,0,1,1,0,0.006302,0.170243,0.8333,1.2003,0.2672,2,ok
0,1191,132.420000,3.873185,0.767158,2.065658,0.007268,0.029174,8.632752,0.217155,0.499680,0.424277,-0.075403,1.000000,1.000000,0.000000,C-06,0,0,0,1,1,0,0.004343,-0.184832,0.8333,1.2315,0.2635,2,ok
0,1192,132.520000,3.863427,0.785126,2.093487,0.007556,0.009549,8.653558,0.201273,0.673641,0.574277,-0.099364,0.922923,0.922923,0.000000,C-06,0,0,0,1,1,0,0.006967,-0.074524,0.7917,1.1759,0.2619,2,ok
0,1193,132.640000,3.850839,0.807397,2.132263,0.007651,0.048326,8.679141,0.216605,0.651569,0.651569,0.000000,1.000000,1.000000,0.000000,,0,0,0,1,1,0,0.008319,0.027518,0.7917,1.1685,0.2617,2,ok
0,1194,132.740000,3.839355,0.825869,2.157376,0.008640,0.073438,8.700648,0.217739,0.081143,0.501569,0.420426,1.000000,1.000000,0.000000,C-06,0,0,0,1,1,0,0.011327,-0.247032,0.7917,1.1326,0.2611,2,ok
0,1195,132.860000,3.824834,0.847701,2.178108,0.009287,0.044353,8.727518,0.218648,-0.573162,0.351569,0.924732,1.000000,1.000000,0.000000,C-06,0,0,0,1,1,0,0.013164,-0.195215,0.7500,1.1031,0.2603,2,ok
0,1196,132.980000,3.809794,0.869286,2.190156,0.010526,0.056401,8.753796,0.219309,-0.236188,0.201569,0.437757,1.000000,1.000000,0.000000,C-06,0,0,0,1,1,0,0.019646,-0.117652,0.7917,0.9725,0.2586,2,ok
0,1197,133.080000,3.798221,0.885515,2.193083,0.010805,0.007239,8.774276,0.197829,0.045745,0.051569,0.005824,0.898983,0.900000,0.001017,C-06,0,0,0,1,1,0,0.026189,-0.186735,0.7292,0.8435,0.2496,2,ok
0,1198,133.200000,3.783272,0.906305,2.201640,0.011070,0.015797,8.799881,0.217670,0.157403,0.157403,0.000000,0.991559,0.991559,0.000000,,0,0,0,1,1,0,0.020822,-0.132285,0.7292,0.9090,0.2574,2,ok
0,1199,133.300000,3.771344,0.922551,2.215286,0.011111,-0.024251,8.820639,0.199370,0.412448,0.307403,-0.105045,0.909723,0.909723,0.000000,C-06,0,0,0,1,1,0,0.019961,-0.320000,0.8125,0.8709,0.2560,2,ok
0,1200,133.420000,3.756739,0.941760,2.237106,0.010708,-0.002431,8.844766,0.201380,0.399363,0.399363,0.000000,0.918337,0.918337,0.000000,,0,0,0,1,1,0,0.018407,-0.269822,0.8125,0.8525,0.2567,2,ok
0,1201,133.520000,3.744038,0.957632,2.261605,0.010873,0.022068,8.865094,0.203682,0.829579,0.549363,-0.280216,0.927337,0.927337,0.000000,C-06,0,0,0,1,1,0,0.017815,-0.299708,0.8333,0.7920,0.2603,2,ok
0,1202,133.640000,3.729464,0.974731,2.297121,0.010754,0.002635,8.888180,0.186346,0.664374,0.664374,0.000000,0.842882,0.842882,0.000000,,0,0,0,1,1,0,0.018230,-0.320000,0.7708,0.7701,0.2576,2,ok
0,1203,133.740000,3.715900,0.989549,2.321463,0.011115,0.026977,8.908266,0.207475,0.262496,0.514374,0.251879,1.000000,0.942882,-0.057118,C-06,0,0,0,1,1,0,0.018540,-0.320000,0.7708,0.7393,0.2610,2,ok
0,1204,133.860000,3.698565,1.007665,2.352359,0.011759,0.001490,8.933987,0.216491,0.670094,0.664374,-0.005719,1.000000,1.000000,0.000000,C-06,0,0,0,1,1,0,0.019435,-0.320000,0.7500,0.7134,0.2621,2,ok
0,1205,133.980000,3.679746,1.026118,2.382471,0.012182,0.031602,8.960340,0.219236,0.454012,0.514374,0.060362,1.000000,1.000000,0.000000,C-06,0,0,0,1,1,0,0.021089,-0.320000,0.7708,0.6464,0.2680,2,ok
0,1206,134.080000,3.663759,1.041100,2.400060,0.013028,0.049191,8.982234,0.218852,-0.093548,0.364374,0.457922,0.998816,0.998816,0.000000,C-06,0,0,0,1,1,0,0.024378,-0.222413,0.7292,0.5651,0.2634,2,ok
0,1207,134.200000,3.644242,1.058803,2.412507,0.013068,0.004961,9.009329,0.219642,-0.300740,0.214374,0.515114,1.000000,1.000000,0.000000,C-06,0,0,0,1,1,0,0.022245,-0.182813,0.7500,0.5673,0.2668,2,ok
0,1208,134.300000,3.627820,1.073428,2.415942,0.013223,0.008396,9.031318,0.219908,-0.077290,0.064374,0.141664,1.000000,1.000000,0.000000,C-06,0,0,0,1,1,0,0.020148,-0.294535,0.7708,0.5656,0.2663,2,ok
0,1209,134.420000,3.608526,1.090373,2.427085,0.012642,-0.036971,9.057765,0.213451,0.324017,0.214374,-0.109643,0.970983,0.970983,0.000000,C-06,0,0,0,1,1,0,0.015933,-0.320000,0.7917,0.5959,0.2654,2,ok
0,1210,134.520000,3.593794,1.102956,2.442857,0.012040,-0.021199,9.077130,0.191669,0.477073,0.364374,-0.112699,0.868336,0.870983,0.002647,C-06,0,0,0,1,1,0,0.013766,-0.301002,0.8125,0.5214,0.2656,2,ok
0,1211,134.640000,3.575116,1.118281,2.470261,0.011586,-0.049403,9.101933,0.203401,0.917938,0.514374,-0.403563,0.921418,0.921418,0.000000,C-06,0,0,0,1,1,0,0.012979,-0.320000,0.8333,0.5158,0.2617,2,ok
0,1212,134.740000,3.558098,1.131338,2.500396,0.010861,-0.019268,9.123371,0.219013,0.870991,0.664374,-0.206617,0.992542,0.992542,0.000000,C-06,0,0,0,1,1,0,0.011695,-0.320000,0.7500,0.5053,0.2656,2,ok
0,1213,134.860000,3.536721,1.147097,2.530070,0.010474,0.010407,9.149927,0.221893,0.187982,0.514374,0.326393,1.000000,1.000000,0.000000,C-06,0,0,0,1,1,0,0.011274,-0.320000,0.7708,0.5053,0.2636,2,ok
0,1214,134.980000,3.514940,1.162339,2.551699,0.009540,-0.019857,9.177074,0.221611,-0.032313,0.364374,0.396688,1.000000,1.000000,0.000000,C-06,0,0,0,1,1,0,0.012551,-0.266510,0.7500,0.4417,0.2625,2,ok
0,1215,135.080000,3.496589,1.174662,2.562652,0.008957,-0.008905,9.199171,0.221021,-0.205688,0.214374,0.420063,1.000000,1.000000,0.000000,C-06,0,0,0,1,1,0,0.013178,-0.193377,0.7500,0.4090,0.2640,2,ok
0,1216,135.200000,3.474457,1.189132,2.566946,0.007865,-0.050371,9.226033,0.220314,-0.281324,0.064374,0.345698,1.000000,1.000000,0.000000,C-06,0,0,0,1,1,0,0.008493,-0.144815,0.7292,0.4502,0.2691,2,ok
0,1217,135.300000,3.455936,1.201090,2.576856,0.006549,-0.040461,9.248040,0.220905,0.351607,0.214374,-0.137232,1.000000,1.000000,0.000000,C-06,0,0,0,1,1,0,0.005575,-0.190433,0.7708,0.4707,0.2693,2,ok
0,1218,135.420000,3.434160,1.214953,2.589626,0.004922,-0.069121,9.274012,0.214716,0.215160,0.215160,0.000000,0.970548,0.970548,0.000000,,0,0,0,1,1,0,0.005477,-0.249630,0.8125,0.4067,0.2626,2,ok
0,1219,135.520000,3.417133,1.225515,2.604888,0.003320,-0.053859,9.293985,0.199371,0.315934,0.315934,0.000000,0.897681,0.897681,0.000000,,0,0,0,1,1,0,0.002534,-0.247801,0.8333,0.4072,0.2668,2,ok
0,1220,135.640000,3.397889,1.237075,2.615435,0.001845,-0.043311,9.316386,0.186346,0.048431,0.165934,0.117503,0.842339,0.842339,0.000000,C-06,0,0,0,1,1,0,0.000901,-0.231800,0.8125,0.4184,0.2657,2,ok
0,1221,135.740000,3.380428,1.246771,2.630794,0.000797,-0.063373,9.336376,0.205997,0.454758,0.315934,-0.138824,1.000000,0.942339,-0.057661,C-06,0,0,0,1,1,0,-0.000481,-0.232209,0.8542,0.4076,0.2651,2,ok
0,1222,135.860000,3.357423,1.258742,2.659023,-0.000053,-0.035143,9.362295,0.218879,0.478181,0.465934,-0.012246,1.000000,1.000000,0.000000,C-06,0,0,0,1,1,0,-0.001921,-0.222782,0.7917,0.4157,0.2647,2,ok
0,1223,135.980000,3.333911,1.270733,2.679533,-0.001143,-0.044533,9.388649,0.220749,0.220235,0.315934,0.095699,1.000000,1.000000,0.000000,C-06,0,0,0,1,1,0,-0.003223,-0.149842,0.7708,0.4311,0.2667,2,ok
0,1224,136.080000,3.314171,1.280704,2.688877,-0.002342,-0.035189,9.410732,0.221262,0.085449,0.165934,0.080485,1.000000,1.000000,0.000000,C-06,0,0,0,1,1,0,-0.002850,-0.135823,0.7500,0.4232,0.2681,2,ok
0,1225,136.200000,3.290417,1.292279,2.690532,-0.003605,-0.061239,9.437045,0.220120,-0.327190,0.015934,0.343124,1.000000,1.000000,0.000000,C-06,0,0,0,1,1,0,-0.004090,-0.140064,0.7083,0.4063,0.2684,2,ok
0,1226,136.300000,3.270614,1.301890,2.691431,-0.005012,-0.060340,9.459013,0.220129,0.017040,0.017040,0.000000,1.000000,1.000000,0.000000,,0,0,0,1,1,0,-0.004129,-0.190761,0.7500,0.3802,0.2663,2,ok
0,1227,136.420000,3.247063,1.313243,2.701390,-0.006615,-0.050381,9.482149,0.218030,0.272372,0.167040,-0.105331,0.987443,0.987443,0.000000,C-06,0,0,0,1,1,0,-0.007551,-0.207827,0.8125,0.4039,0.2679,2,ok
0,1228,136.520000,3.228659,1.322001,2.717492,-0.008315,-0.060294,9.505266,0.202753,0.874501,0.317040,-0.557461,0.913752,0.913752,0.000000,C-06,0,0,0,1,1,0,-0.010352,-0.222099,0.8333,0.4029,0.2663,2,ok
0,1229,136.640000,3.206968,1.332310,2.747313,-0.010224,-0.030474,9.529206,0.200652,0.570112,0.467040,-0.103071,0.894049,0.894049,0.000000,C-06,0,0,0,1,1,0,-0.011479,-0.185143,0.7708,0.3988,0.2681,2,ok
0,1230,136.740000,3.188117,1.340806,2.777506,-0.011847,-0.024758,9.549528,0.208460,0.549345,0.549345,0.000000,0.926637,0.926637,0.000000,,0,0,0,1,1,0,-0.012481,-0.166464,0.7708,0.4154,0.2695,2,ok
0,1231,136.860000,3.163663,1.350648,2.805362,-0.013058,0.003099,9.575860,0.223101,-0.139536,0.399345,0.538881,1.000000,1.000000,0.000000,C-06,0,0,0,1,1,0,-0.009392,-0.140486,0.7708,0.3417,0.2640,2,ok
0,1232,136.980000,3.139349,1.359676,2.823188,-0.013812,-0.002029,9.601522,0.215635,-0.142830,0.249345,0.392175,0.970649,0.970649,0.000000,C-06,0,0,0,1,1,0,-0.008780,-0.099908,0.7500,0.3570,0.2641,2,ok
0,1233,137.080000,3.118510,1.366662,2.829558,-0.013955,0.004342,9.623501,0.220621,-0.406370,0.099345,0.505715,1.000000,1.000000,0.000000,C-06,0,0,0,1,1,0,-0.007598,-0.098611,0.7292,0.3293,0.2643,2,ok
0,1234,137.200000,3.093362,1.374947,2.835194,-0.014213,-0.012729,9.649613,0.220644,0.079636,0.079636,0.000000,1.000000,1.000000,0.000000,,0,0,0,1,1,0,-0.007505,-0.079330,0.7083,0.3305,0.2636,2,ok
0,1235,137.300000,3.072348,1.381727,2.847771,-0.014677,-0.000152,9.671689,0.221157,0.443576,0.229636,-0.213940,1.000000,1.000000,0.000000,C-06,0,0,0,1,1,0,-0.010081,-0.076163,0.7292,0.3616,0.2631,2,ok
0,1236,137.420000,3.046987,1.389857,2.873717,-0.015266,0.005419,9.698041,0.222639,0.407477,0.379636,-0.027841,1.000000,1.000000,0.000000,C-06,0,0,0,1,1,0,-0.009084,-0.099589,0.8125,0.3278,0.2668,2,ok
0,1237,137.520000,3.025688,1.396631,2.904758,-0.016045,0.036461,9.720378,0.224246,0.599632,0.529636,-0.069996,1.000000,1.000000,0.000000,C-06,0,0,0,1,1,0,-0.008410,-0.076171,0.8125,0.3270,0.2661,2,ok
0,1238,137.640000,2.999939,1.403919,2.933417,-0.016118,0.065120,9.746404,0.222846,0.188595,0.379636,0.191041,1.000000,1.000000,0.000000,C-06,0,0,0,1,1,0,-0.006783,-0.042397,0.8542,0.3300,0.2665,2,ok
0,1239,137.740000,2.978380,1.409085,2.948381,-0.015790,0.058855,9.768942,0.221580,-0.062894,0.229636,0.292530,1.000000,1.000000,0.000000,C-06,0,0,0,1,1,0,-0.004713,-0.016289,0.8333,0.3290,0.2677,2,ok
0,1240,137.860000,2.952453,1.414412,2.955026,-0.014524,0.065501,9.795381,0.220508,-0.082231,0.079636,0.161867,1.000000,1.000000,0.000000,C-06,0,0,0,1,1,0,-0.003138,-0.001344,0.8125,0.3248,0.2683,2,ok
0,1241,137.980000,2.926520,1.419323,2.950541,-0.013210,0.041227,9.821516,0.219816,-0.139774,-0.070364,0.069410,1.000000,1.000000,0.000000,C-06,0,0,0,1,1,0,-0.001552,-0.001752,0.7708,0.3107,0.2648,2,ok
0,1242,138.080000,2.904946,1.423397,2.937657,-0.012153,0.028343,9.843446,0.219292,-0.346195,-0.220364,0.125831,1.000000,1.000000,0.000000,C-06,0,0,0,1,1,0,-0.000460,-0.027750,0.7500,0.2886,0.2661,2,ok
0,1243,138.200000,2.879131,1.428305,2.923968,-0.011358,-0.004983,9.869428,0.218829,-0.182684,-0.182684,0.000000,1.000000,1.000000,0.000000,,0,0,0,1,1,0,-0.000460,-0.027750,0.7500,0.2886,0.2661,2,ok
0,1244,138.300000,2.859022,1.432647,2.921103,-0.011397,-0.007849,9.890000,0.204286,0.583069,-0.032684,-0.615753,0.929582,0.929582,0.000000,C-06,0,0,0,1,1,0,-0.003532,-0.075384,0.7708,0.3024,0.2642,2,ok
0,1245,138.420000,2.837381,1.437474,2.928655,-0.011741,-0.018884,9.911955,0.182955,0.318487,0.117316,-0.201171,0.830418,0.830418,0.000000,C-06,0,0,0,1,1,0,-0.006550,-0.095605,0.8125,0.3199,0.2647,2,ok
0,1246,138.520000,2.817937,1.441440,2.944352,-0.011921,-0.003187,9.931798,0.204551,0.707920,0.267316,-0.440605,0.999699,0.930418,-0.069280,C-06,0,0,0,1,1,0,-0.006768,-0.113572,0.7917,0.2993,0.2637,2,ok
0,1247,138.640000,2.792299,1.446166,2.974944,-0.011664,0.027405,9.956207,0.220438,0.544725,0.417316,-0.127409,1.000000,1.000000,0.000000,C-06,0,0,0,1,1,0,-0.007374,-0.095655,0.7708,0.3383,0.2664,2,ok
0,1248,138.740000,2.770571,1.450100,2.992723,-0.011784,0.025846,9.979746,0.221064,0.172729,0.267316,0.094587,1.000000,1.000000,0.000000,C-06,0,0,0,1,1,0,-0.005731,-0.055480,0.7500,0.3399,0.2650,2,ok
0,1249,138.860000,2.744444,1.454402,3.002481,-0.011474,0.035604,10.006223,0.220623,-0.158294,0.117316,0.275609,1.000000,1.000000,0.000000,C-06,0,0,0,1,1,0,-0.003363,-0.021161,0.8125,0.3261,0.2697,2,ok
0,1250,138.980000,2.718301,1.458110,3.000649,-0.010992,0.015387,10.032426,0.219970,-0.458316,-0.032684,0.425632,1.000000,1.000000,0.000000,C-06,0,0,0,1,1,0,-0.003271,-0.027695,0.7500,0.3402,0.2655,2,ok
0,1251,139.080000,2.696522,1.461177,2.998794,-0.010603,0.013532,10.054417,0.219913,-0.028455,-0.028455,0.000000,1.000000,1.000000,0.000000,,0,0,0,1,1,0,-0.003307,-0.045346,0.7292,0.3338,0.2656,2,ok
0,1252,139.200000,2.671559,1.464760,3.007102,-0.010590,0.004104,10.079429,0.209275,0.686579,0.121545,-0.565034,0.950195,0.950195,0.000000,C-06,0,0,0,1,1,0,-0.008226,0.005788,0.7292,0.4112,0.2715,2,ok
0,1253,139.300000,2.651295,1.467748,3.023894,-0.010759,0.020896,10.099912,0.204462,0.497635,0.271545,-0.226090,0.925907,0.925907,0.000000,C-06,0,0,0,1,1,0,-0.007919,-0.009162,0.7500,0.3998,0.2714,2,ok
0,1254,139.420000,2.625429,1.471309,3.056234,-0.010973,0.034758,10.125814,0.221164,0.437616,0.421545,-0.016071,1.000000,1.000000,0.000000,C-06,0,0,0,1,1,0,-0.005186,-0.031260,0.8125,0.3633,0.2677,2,ok
0,1255,139.520000,2.603492,1.474036,3.075231,-0.011078,0.053755,10.147919,0.220978,0.071287,0.271545,0.200258,1.000000,1.000000,0.000000,C-06,0,0,0,1,1,0,-0.006254,-0.003341,0.8333,0.4373,0.2697,2,ok
0,1256,139.640000,2.577141,1.476261,3.085882,-0.010300,0.046711,10.174190,0.220326,-0.304569,0.121545,0.426113,1.000000,1.000000,0.000000,C-06,0,0,0,1,1,0,-0.001249,0.048432,0.7917,0.3784,0.2729,2,ok
0,1257,139.740000,2.555175,1.477517,3.084678,-0.009280,0.045506,10.196168,0.219985,-0.298548,-0.028455,0.270093,1.000000,1.000000,0.000000,C-06,0,0,0,1,1,0,-0.000096,0.045756,0.7708,0.3667,0.2703,3,ok
0,1258,139.860000,2.528824,1.478983,3.077106,-0.008118,0.020267,10.222361,0.219888,-0.097259,-0.097259,0.000000,1.000000,1.000000,0.000000,,0,0,0,1,1,0,-0.002241,0.052934,0.7708,0.4265,0.2653,3,ok
0,1259,139.980000,2.502476,1.480682,3.080542,-0.007640,0.023702,10.248759,0.220052,0.158766,0.052741,-0.106026,1.000000,1.000000,0.000000,C-06,0,0,0,1,1,0,-0.005611,0.051931,0.7917,0.4865,0.2708,2,ok
0,1260,140.080000,2.480514,1.482111,3.086155,-0.007254,0.029315,10.269777,0.220123,0.084730,0.084730,0.000000,1.000000,1.000000,0.000000,,0,0,0,1,1,0,-0.003523,0.026317,0.6875,0.4423,0.2673,2,ok
0,1261,140.200000,2.454143,1.483826,3.104657,-0.007156,0.030561,10.297093,0.220307,0.235690,0.234730,-0.000960,1.000000,1.000000,0.000000,C-06,0,0,0,1,1,0,-0.011251,0.097748,0.7292,0.6063,0.2758,2,ok
0,1262,140.300000,2.432153,1.485173,3.116377,-0.006982,0.042281,10.319123,0.220278,0.163291,0.163291,0.000000,1.000000,1.000000,0.000000,,0,0,0,1,1,0,-0.005510,0.096801,0.7708,0.5356,0.2706,2,ok
0,1263,140.420000,2.405761,1.485919,3.118326,-0.006359,0.026607,10.345386,0.220014,-0.328509,0.013291,0.341800,1.000000,1.000000,0.000000,C-06,0,0,0,1,1,0,-0.002786,0.080612,0.8125,0.5085,0.2723,2,ok
0,1264,140.520000,2.383769,1.486481,3.109771,-0.005826,0.018051,10.367378,0.219964,-0.304533,-0.136709,0.167825,1.000000,1.000000,0.000000,C-06,0,0,0,1,1,0,-0.005830,0.092497,0.8333,0.6211,0.2680,2,ok
0,1265,140.640000,2.357382,1.487323,3.110347,-0.005690,0.001744,10.393679,0.220006,0.254093,0.013291,-0.240801,1.000000,1.000000,0.000000,C-06,0,0,0,1,1,0,-0.004757,0.047308,0.7917,0.5817,0.2671,2,ok
0,1266,140.740000,2.335390,1.488031,3.120654,-0.005680,0.012051,10.415683,0.220063,0.658661,0.163291,-0.495369,1.000000,1.000000,0.000000,C-06,0,0,0,1,1,0,-0.005233,0.033747,0.7708,0.5820,0.2649,2,ok
0,1267,140.860000,2.308992,1.488880,-3.140615,-0.005940,0.016305,10.441994,0.220114,0.267872,0.267872,0.000000,1.000000,1.000000,0.000000,,0,0,0,1,1,0,-0.005822,0.010437,0.7500,0.6168,0.2651,2,ok
0,1268,140.980000,2.282594,1.489530,-3.125529,-0.006185,0.031391,10.468400,0.220008,0.173893,0.173893,0.000000,1.000000,1.000000,0.000000,,0,0,0,1,1,0,-0.000538,0.021281,0.7292,0.5475,0.2653,2,ok
0,1269,141.080000,2.260852,1.489891,-3.103992,-0.006414,0.035698,10.490036,0.217050,0.534132,0.323893,-0.210238,0.987109,0.987109,0.000000,C-06,0,0,0,1,1,0,-0.000367,0.051696,0.7083,0.5890,0.2668,2,ok
0,1270,141.200000,2.234505,1.489573,-3.088901,-0.006146,0.050789,10.516383,0.219748,-0.006280,0.173893,0.180174,1.000000,1.000000,0.000000,C-06,0,0,0,1,1,0,0.003921,0.035839,0.7708,0.5314,0.2645,2,ok
0,1271,141.300000,2.212538,1.488523,-3.086444,-0.005269,0.035241,10.538263,0.219949,-0.351359,0.023893,0.375252,1.000000,1.000000,0.000000,C-06,0,0,0,1,1,0,0.006200,0.010145,0.7708,0.4853,0.2696,2,ok
0,1272,141.420000,2.186172,1.487104,-3.095751,-0.004357,0.025934,10.564651,0.220084,-0.124099,-0.124099,0.000000,1.000000,1.000000,0.000000,,0,0,0,1,1,0,0.007508,-0.025039,0.8333,0.5073,0.2697,2,ok
0,1273,141.520000,2.164195,1.486089,-3.094815,-0.003829,0.009673,10.586578,0.219988,0.033149,0.025901,-0.007248,1.000000,1.000000,0.000000,C-06,0,0,0,1,1,0,0.007543,-0.048044,0.7917,0.4851,0.2660,2,ok
0,1274,141.640000,2.137832,1.484889,-3.081429,-0.003588,0.023059,10.612967,0.219838,0.226569,0.175901,-0.050668,1.000000,1.000000,0.000000,C-06,0,0,0,1,1,0,0.009290,-0.117777,0.8125,0.4201,0.2645,2,ok
0,1275,141.740000,2.115887,1.483888,-3.060439,-0.003386,0.044049,10.634934,0.219525,0.398664,0.325901,-0.072763,1.000000,1.000000,0.000000,C-06,0,0,0,1,1,0,0.008465,-0.115279,0.7500,0.4400,0.2648,2,ok
0,1276,141.860000,2.089591,1.482364,-3.045529,-0.003370,0.040299,10.661202,0.219464,-0.011337,0.175901,0.187238,1.000000,1.000000,0.000000,C-06,0,0,0,1,1,0,0.010923,-0.104069,0.7917,0.3897,0.2670,2,ok
0,1277,141.980000,2.063317,1.479945,-3.042762,-0.002463,0.043065,10.687330,0.219905,0.023533,0.025901,0.002368,1.000000,1.000000,0.000000,C-06,0,0,0,1,1,0,0.011471,-0.110608,0.7500,0.3766,0.2650,2,ok
0,1278,142.080000,2.041436,1.477871,-3.032033,-0.001941,0.031853,10.709513,0.219678,0.451971,0.175901,-0.276070,1.000000,1.000000,0.000000,C-06,0,0,0,1,1,0,0.011326,-0.079649,0.7083,0.3523,0.2665,2,ok
0,1279,142.200000,2.015226,1.475381,-3.010930,-0.001307,0.052955,10.735833,0.219137,0.274029,0.274029,0.000000,1.000000,1.000000,0.000000,,0,0,0,1,1,0,0.012136,-0.122978,0.7708,0.3141,0.2623,2,ok
0,1280,142.300000,1.993428,1.472891,-3.001906,-0.000804,0.035986,10.757738,0.219428,-0.149332,0.124029,0.273362,1.000000,1.000000,0.000000,C-06,0,0,0,1,1,0,0.011663,-0.112065,0.8125,0.3261,0.2671,2,ok
0,1281,142.420000,1.967284,1.469258,-3.003223,0.000328,0.034669,10.784109,0.220023,-0.117960,-0.025971,0.091990,1.000000,1.000000,0.000000,C-06,0,0,0,1,1,0,0.011663,-0.112065,0.8125,0.3261,0.2671,2,ok
0,1282,142.520000,1.945504,1.466224,-2.996044,0.000849,0.013266,10.806115,0.219789,0.297552,0.124029,-0.173523,1.000000,1.000000,0.000000,C-06,0,0,0,1,1,0,0.009983,-0.123937,0.8125,0.2955,0.2644,2,ok
0,1283,142.640000,1.919422,1.462586,-2.975792,0.001104,0.033518,10.832448,0.219125,0.344861,0.274029,-0.070832,1.000000,1.000000,0.000000,C-06,0,0,0,1,1,0,0.009382,-0.151483,0.8125,0.2842,0.2676,2,ok
0,1284,142.740000,1.897748,1.459478,-2.962840,0.001156,0.015062,10.854389,0.218912,0.198628,0.198628,0.000000,1.000000,1.000000,0.000000,,0,0,0,1,1,0,0.009624,-0.120708,0.7917,0.2695,0.2640,2,ok
0,1285,142.860000,1.871782,1.454978,-2.957879,0.001295,0.020023,10.880742,0.219658,0.057384,0.057384,0.000000,1.000000,1.000000,0.000000,,0,0,0,1,1,0,0.012689,-0.149575,0.7708,0.1844,0.2613,2,ok
0,1286,142.980000,1.846245,1.450387,-2.943121,0.001440,0.003811,10.906738,0.215617,0.473909,0.207384,-0.266525,0.983702,0.983702,0.000000,C-06,0,0,0,1,1,0,0.009339,-0.125172,0.7500,0.2098,0.2640,2,ok
0,1287,143.080000,1.824768,1.446556,-2.921989,0.000921,0.024944,10.928548,0.218164,0.399621,0.357384,-0.042237,1.000000,1.000000,0.000000,C-06,0,0,0,1,1,0,0.010936,-0.126805,0.7083,0.1686,0.2604,2,ok
0,1288,143.200000,1.799050,1.441391,-2.906109,0.000865,0.040824,10.954779,0.218611,0.026608,0.207384,0.180776,1.000000,1.000000,0.000000,C-06,0,0,0,1,1,0,0.009781,-0.103824,0.7917,0.1868,0.2647,2,ok
0,1289,143.300000,1.777670,1.436419,-2.901886,0.000917,0.017313,10.976754,0.219594,-0.237342,0.057384,0.294726,1.000000,1.000000,0.000000,C-06,0,0,0,1,1,0,0.010919,-0.114485,0.8125,0.1555,0.2633,2,ok
0,1290,143.420000,1.752008,1.430159,-2.907938,0.001224,0.011260,11.003167,0.220297,-0.132743,-0.092616,0.040127,1.000000,1.000000,0.000000,C-06,0,0,0,1,1,0,0.009736,-0.084742,0.8125,0.1853,0.2651,2,ok
0,1291,143.520000,1.730612,1.425061,-2.905027,0.001002,-0.010479,11.025188,0.219853,0.072591,0.057384,-0.015206,1.000000,1.000000,0.000000,C-06,0,0,0,1,1,0,0.009398,-0.116194,0.7708,0.1412,0.2641,2,ok
0,1292,143.640000,1.704989,1.418955,-2.890875,0.000578,0.003672,11.051525,0.219150,0.398530,0.207384,-0.191146,1.000000,1.000000,0.000000,C-06,0,0,0,1,1,0,0.007237,-0.121663,0.7708,0.1265,0.2664,2,ok
0,1293,143.740000,1.683701,1.413804,-2.882344,0.000095,-0.008403,11.073429,0.219009,0.137137,0.137137,0.000000,1.000000,1.000000,0.000000,,0,0,0,1,1,0,0.007753,-0.140484,0.7708,0.1028,0.2622,2,ok
0,1294,143.860000,1.658183,1.407070,-2.882811,-0.000158,-0.008870,11.099820,0.219993,-0.239294,-0.012863,0.226432,1.000000,1.000000,0.000000,C-06,0,0,0,1,1,0,0.007229,-0.109335,0.7292,0.0963,0.2659,2,ok
0,1295,143.980000,1.632655,1.400315,-2.890365,-0.000657,-0.034146,11.126213,0.220237,-0.112389,-0.112389,0.000000,0.999297,0.999297,0.000000,,0,0,0,1,1,0,0.005222,-0.098655,0.7083,0.0975,0.2642,2,ok
0,1296,144.080000,1.611349,1.394843,-2.888841,-0.001497,-0.032622,11.148195,0.219902,0.321681,0.037611,-0.284070,1.000000,1.000000,0.000000,C-06,0,0,0,1,1,0,0.002811,-0.139665,0.7292,0.0943,0.2648,2,ok
0,1297,144.200000,1.585827,1.388281,-2.876240,-0.002608,-0.036205,11.174493,0.219265,0.627362,0.187611,-0.439751,1.000000,1.000000,0.000000,C-06,0,0,0,1,1,0,-0.000015,-0.127505,0.8542,0.1161,0.2686,2,ok
0,1298,144.300000,1.564650,1.382812,-2.857187,-0.003715,-0.017153,11.196336,0.218194,0.715312,0.337611,-0.377701,1.000000,1.000000,0.000000,C-06,0,0,0,1,1,0,0.002026,-0.153398,0.7917,0.0367,0.2682,2,ok
0,1299,144.420000,1.539434,1.376234,-2.824004,-0.005026,0.001973,11.222301,0.216416,0.505780,0.487611,-0.018169,1.000000,1.000000,0.000000,C-06,0,0,0,1,1,0,0.000214,-0.112865,0.7917,0.0711,0.2674,2,ok
0,1300,144.520000,1.518607,1.370033,-2.803871,-0.005610,0.022105,11.244024,0.217400,-0.227145,0.337611,0.564757,1.000000,1.000000,0.000000,C-06,0,0,0,1,1,0,0.002486,-0.065451,0.7708,0.0464,0.2660,2,ok
0,1301,144.640000,1.494049,1.361788,-2.790462,-0.005411,0.035514,11.269752,0.215784,-0.296760,0.187611,0.484371,0.987598,0.987598,0.000000,C-06,0,0,0,1,1,0,0.004925,-0.048382,0.7917,0.0123,0.2669,2,ok
0,1302,144.740000,1.473431,1.354313,-2.787652,-0.005044,0.027300,11.291778,0.219695,-0.393774,0.037611,0.431386,1.000000,1.000000,0.000000,C-06,0,0,0,1,1,0,0.004806,-0.035644,0.7708,0.0338,0.2712,3,ok
0,1303,144.860000,1.448638,1.345165,-2.794637,-0.004450,0.020315,11.318197,0.220481,-0.606612,-0.112389,0.494223,1.000000,1.000000,0.000000,C-06,0,0,0,1,1,0,0.005387,-0.011413,0.7500,0.0311,0.2696,2,ok
0,1304,144.980000,1.423749,1.336011,-2.809501,-0.004044,-0.004070,11.344683,0.221480,-0.226329,-0.226329,0.000000,1.000000,1.000000,0.000000,,0,0,0,1,1,0,0.004490,-0.030746,0.7292,0.0152,0.2714,2,ok
0,1305,145.080000,1.402931,1.328684,-2.814573,-0.004031,-0.009142,11.366753,0.220624,0.316506,-0.076329,-0.392835,1.000000,1.000000,0.000000,C-06,0,0,0,1,1,0,0.005704,-0.075102,0.7917,-0.0440,0.2657,2,ok
0,1306,145.200000,1.377945,1.320190,-2.810225,-0.004444,-0.013019,11.393111,0.219718,1.000000,0.073671,-0.926329,1.000000,1.000000,0.000000,C-06,0,0,0,1,1,0,0.002689,-0.070304,0.8125,-0.0184,0.2665,2,ok
0,1307,145.300000,1.357183,1.313095,-2.798120,-0.004784,-0.000914,11.415049,0.219018,1.000000,0.223671,-0.776329,1.000000,1.000000,0.000000,C-06,0,0,0,1,1,0,0.003684,-0.079359,0.8333,-0.0647,0.2655,2,ok
0,1308,145.420000,1.332432,1.304579,-2.773669,-0.005246,0.017096,11.441190,0.217284,0.910774,0.373671,-0.537103,1.000000,1.000000,0.000000,C-06,0,0,0,1,1,0,0.001534,-0.052449,0.8125,-0.0174,0.2661,3,ok
0,1309,145.520000,1.311958,1.297048,-2.760670,-0.005213,0.030094,11.463005,0.218232,-0.570941,0.223671,0.794612,1.000000,1.000000,0.000000,C-06,0,0,0,1,1,0,0.004183,-0.045171,0.7917,-0.0620,0.2655,2,ok
0,1310,145.640000,1.287481,1.287376,-2.755098,-0.004645,0.030976,11.489286,0.219409,-0.979183,0.073671,1.052854,1.000000,1.000000,0.000000,C-06,0,0,0,1,1,0,0.005622,0.004577,0.7708,-0.0519,0.2660,3,ok
0,1311,145.740000,1.267091,1.279096,-2.758718,-0.004021,0.027357,11.511284,0.220251,-0.617244,-0.076329,0.540915,1.000000,1.000000,0.000000,C-06,0,0,0,1,1,0,0.006137,0.019488,0.7292,-0.0464,0.2687,3,ok
0,1312,145.860000,1.242535,1.269204,-2.773217,-0.003421,0.008514,11.537729,0.221116,-1.000000,-0.226329,0.773671,1.000000,1.000000,0.000000,C-06,0,0,0,1,1,0,0.007920,-0.008179,0.7292,-0.0867,0.2637,3,ok
0,1313,145.980000,1.217870,1.259507,-2.780530,-0.003119,0.001201,11.564230,0.220836,-0.101254,-0.101254,0.000000,1.000000,1.000000,0.000000,,0,0,0,1,1,0,0.008473,-0.017282,0.7292,-0.1102,0.2640,3,ok
0,1314,146.080000,1.199148,1.252322,-2.787515,-0.003035,-0.008798,11.584289,0.198860,-0.127912,-0.127912,0.000000,0.873531,0.900000,0.026469,C-06,0,0,0,1,1,0,0.007416,-0.049654,0.8542,-0.1420,0.2655,2,ok
0,1315,146.200000,1.178637,1.244675,-2.786744,-0.003133,-0.008027,11.606179,0.181071,0.350580,0.022088,-0.328492,0.822572,0.822572,0.000000,C-06,0,0,0,1,1,0,0.004377,-0.033853,0.7917,-0.1059,0.2650,3,ok
0,1316,146.300000,1.160222,1.238083,-2.777854,-0.003477,0.000863,11.625256,0.201598,0.350601,0.172088,-0.178513,1.000000,0.922572,-0.077428,C-06,0,0,0,1,1,0,0.004919,-0.056952,0.7708,-0.1434,0.2650,3,ok
0,1317,146.420000,1.135972,1.229209,-2.764242,-0.003884,0.012834,11.651537,0.218374,0.205101,0.205101,0.000000,1.000000,1.000000,0.000000,,0,0,0,1,1,0,0.004642,-0.038270,0.7917,-0.1335,0.2677,3,ok
0,1318,146.520000,1.115537,1.221207,-2.760503,-0.003735,0.016572,11.673482,0.219556,-0.382206,0.055101,0.437306,1.000000,1.000000,0.000000,C-06,0,0,0,1,1,0,0.005452,-0.016627,0.7917,-0.1375,0.2675,3,ok
0,1319,146.640000,1.091006,1.211391,-2.766299,-0.003350,0.011189,11.699904,0.220429,-0.455626,-0.094899,0.360727,1.000000,1.000000,0.000000,C-06,0,0,0,1,1,0,0.006917,0.006538,0.7500,-0.1515,0.2698,2,ok
0,1320,146.740000,1.070488,1.203252,-2.779284,-0.003094,-0.001796,11.721975,0.221165,-0.559100,-0.244899,0.314200,1.000000,1.000000,0.000000,C-06,0,0,0,1,1,0,0.009139,-0.025282,0.7708,-0.2093,0.2688,3,ok
0,1321,146.860000,1.045722,1.193499,-2.796862,-0.002840,-0.019617,11.748592,0.222199,-0.260597,-0.260597,0.000000,1.000000,1.000000,0.000000,,0,0,0,1,1,0,0.009139,-0.025282,0.7708,-0.2093,0.2688,3,ok
0,1322,146.980000,1.020838,1.184337,-2.804939,-0.003180,-0.027694,11.775108,0.220913,0.457636,-0.110597,-0.568233,1.000000,1.000000,0.000000,C-06,0,0,0,1,1,0,0.005145,-0.045315,0.7708,-0.2170,0.2681,3,ok
0,1323,147.080000,1.000750,1.177291,-2.803330,-0.003687,-0.023411,11.796404,0.212170,0.562031,0.039403,-0.522628,0.964924,0.964924,0.000000,C-06,0,0,0,1,1,0,0.005238,-0.081178,0.8333,-0.2465,0.2679,2,ok
0,1324,147.200000,0.976002,1.168804,-2.791169,-0.004491,-0.011250,11.822554,0.218498,0.366442,0.189403,-0.177038,1.000000,1.000000,0.000000,C-06,0,0,0,1,1,0,0.004721,-0.080251,0.8125,-0.2560,0.2682,2,ok
0,1325,147.300000,0.955353,1.161337,-2.788256,-0.004830,-0.005370,11.844503,0.219681,-0.322781,0.039403,0.362184,1.000000,1.000000,0.000000,C-06,0,0,0,1,1,0,0.003652,-0.030626,0.7708,-0.2286,0.2691,3,ok
0,1326,147.420000,0.930557,1.152206,-2.794953,-0.005086,-0.012067,11.870925,0.220464,-0.548298,-0.110597,0.437702,1.000000,1.000000,0.000000,C-06,0,0,0,1,1,0,0.005555,-0.034990,0.7708,-0.2702,0.2662,3,ok
0,1327,147.520000,0.909816,1.144611,-2.809054,-0.005167,-0.022146,11.893061,0.221322,-0.309688,-0.260597,0.049091,1.000000,1.000000,0.000000,C-06,0,0,0,1,1,0,0.005661,-0.053368,0.7708,-0.3083,0.2627,3,ok
0,1328,147.640000,0.884780,1.135506,-2.829008,-0.005282,-0.042101,11.919701,0.222446,-0.290773,-0.290773,0.000000,1.000000,1.000000,0.000000,,0,0,0,1,1,0,0.003134,-0.061323,0.7292,-0.2928,0.2673,3,ok
0,1329,147.740000,0.863815,1.128439,-2.837811,-0.005867,-0.046380,11.941828,0.221148,0.359932,-0.140773,-0.500705,1.000000,1.000000,0.000000,C-06,0,0,0,1,1,0,0.000590,-0.100986,0.6875,-0.2969,0.2718,2,ok
0,1330,147.860000,0.838621,1.120510,-2.837784,-0.007089,-0.046353,11.968211,0.220015,1.000000,0.009227,-0.990773,1.000000,1.000000,0.000000,C-06,0,0,0,1,1,0,0.002691,-0.129123,0.7500,-0.3791,0.2671,2,ok
0,1331,147.980000,0.813469,1.112611,-2.827411,-0.008205,-0.029243,11.994593,0.219373,1.000000,0.159227,-0.840773,1.000000,1.000000,0.000000,C-06,0,0,0,1,1,0,0.001882,-0.131973,0.8333,-0.4159,0.2663,3,ok
0,1332,148.080000,0.792588,1.106029,-2.814667,-0.009083,-0.016499,12.016469,0.218546,0.225509,0.225509,0.000000,1.000000,1.000000,0.000000,,0,0,0,1,1,0,0.000193,-0.118833,0.8333,-0.3923,0.2706,2,ok
0,1333,148.200000,0.767614,1.097721,-2.808775,-0.009585,-0.003821,12.042848,0.219395,-0.303812,0.075509,0.379321,1.000000,1.000000,0.000000,C-06,0,0,0,1,1,0,0.003098,-0.104096,0.8125,-0.4306,0.2717,3,ok
0,1334,148.300000,0.746812,1.090548,-2.812237,-0.009727,-0.007282,12.064852,0.220225,-0.726957,-0.074491,0.652466,1.000000,1.000000,0.000000,C-06,0,0,0,1,1,0,0.005031,-0.070840,0.8333,-0.4823,0.2699,3,ok
0,1335,148.420000,0.721772,1.081944,-2.827083,-0.009739,-0.013643,12.091424,0.221107,-0.467018,-0.224491,0.242527,1.000000,1.000000,0.000000,C-06,0,0,0,1,1,0,0.006357,-0.074737,0.7917,-0.5213,0.2693,3,ok
0,1336,148.520000,0.700832,1.074987,-2.832016,-0.009918,-0.018575,12.113487,0.220603,-0.073285,-0.074491,-0.001206,1.000000,1.000000,0.000000,C-06,0,0,0,1,1,0,0.005989,-0.090021,0.7708,-0.5620,0.2695,3,ok
0,1337,148.640000,0.675631,1.066791,-2.847070,-0.010114,-0.023536,12.140085,0.221277,-0.597267,-0.224491,0.372776,1.000000,1.000000,0.000000,C-06,0,0,0,1,1,0,0.006966,-0.054002,0.7292,-0.5819,0.2625,3,ok
0,1338,148.740000,0.654526,1.059963,-2.864317,-0.010254,-0.040784,12.162266,0.222283,-0.299507,-0.299507,0.000000,1.000000,1.000000,0.000000,,0,0,0,1,1,0,0.003348,-0.056850,0.7708,-0.5664,0.2674,3,ok
0,1339,148.860000,0.629306,1.052405,-2.875640,-0.010793,-0.040917,12.188697,0.219192,0.303503,-0.149507,-0.453009,0.991000,0.991000,0.000000,C-06,0,0,0,1,1,0,0.001747,-0.075212,0.8333,-0.5861,0.2675,3,ok
0,1340,148.980000,0.603846,1.045457,-2.876231,-0.011910,-0.041508,12.215064,0.219996,0.699490,0.000493,-0.698996,1.000000,1.000000,0.000000,C-06,0,0,0,1,1,0,0.003509,-0.188188,0.8333,-0.6699,0.2711,3,ok
0,1341,149.080000,0.582638,1.039687,-2.867929,-0.012601,-0.021267,12.237197,0.219559,0.546851,0.150493,-0.396357,1.000000,1.000000,0.000000,C-06,0,0,0,1,1,0,0.001096,-0.159128,0.7917,-0.6673,0.2705,3,ok
0,1342,149.200000,0.557226,1.032551,-2.867182,-0.013161,-0.020521,12.263587,0.219996,-0.028359,0.000493,0.028853,1.000000,1.000000,0.000000,C-06,0,0,0,1,1,0,-0.000124,-0.046762,0.7292,-0.6465,0.2710,3,ok
0,1343,149.300000,0.536038,1.026590,-2.871348,-0.013385,-0.011366,12.285761,0.220220,-0.076924,-0.076924,0.000000,1.000000,1.000000,0.000000,,0,0,0,1,1,0,0.004089,-0.078373,0.7708,-0.7655,0.2677,3,ok
0,1344,149.420000,0.510557,1.019438,-2.883325,-0.013620,-0.023343,12.312226,0.220865,-0.175486,-0.175486,0.000000,1.000000,1.000000,0.000000,,0,0,0,1,1,0,0.004089,-0.078373,0.7708,-0.7655,0.2677,3,ok
0,1345,149.520000,0.489238,1.013478,-2.902046,-0.013584,-0.027583,12.334545,0.221819,-0.607173,-0.325486,0.281686,1.000000,1.000000,0.000000,C-06,0,0,0,1,1,0,0.002271,0.042498,0.7292,-0.7680,0.2684,3,ok
0,1346,149.640000,0.463493,1.006326,-2.936179,-0.013536,-0.061716,12.361264,0.223399,-0.547681,-0.475486,0.072195,1.000000,1.000000,0.000000,C-06,0,0,0,1,1,0,0.000916,0.043019,0.7500,-0.7658,0.2691,3,ok
0,1347,149.740000,0.441906,1.000874,-2.959264,-0.013685,-0.068754,12.383755,0.222523,-0.361092,-0.361092,0.000000,1.000000,1.000000,0.000000,,0,0,0,1,1,0,0.000916,0.043019,0.7500,-0.7658,0.2691,3,ok
0,1348,149.860000,0.415887,0.995086,-2.983650,-0.014583,-0.093141,12.410393,0.222021,-0.318115,-0.318115,0.000000,1.000000,1.000000,0.000000,,0,0,0,1,0,0,0.000916,0.043019,0.7500,-0.7658,0.2691,3,ok
0,1349,149.980000,0.389787,0.990366,-2.997383,-0.016121,-0.089014,12.437110,0.220941,1.000000,-0.168115,-1.168115,1.000000,1.000000,0.000000,C-06,0,0,0,1,1,0,-0.011792,-0.067063,0.7708,-0.7228,0.2641,3,ok
0,1350,150.080000,0.368011,0.987126,-2.999329,-0.018070,-0.090960,12.459039,0.220093,0.936323,-0.018115,-0.954438,1.000000,1.000000,0.000000,C-06,0,0,0,1,1,0,-0.013187,-0.079933,0.7708,-0.7521,0.2639,3,ok
0,1351,150.200000,0.341894,0.983380,-2.989987,-0.019978,-0.061932,12.485744,0.219715,0.757817,0.131885,-0.625932,1.000000,1.000000,0.000000,C-06,0,0,0,1,1,0,-0.017202,-0.016770,0.7292,-0.6926,0.2675,3,ok
0,1352,150.300000,0.320147,0.980064,-2.990369,-0.021373,-0.062313,12.506677,0.220027,-0.071273,-0.018115,0.053158,1.000000,1.000000,0.000000,C-06,0,0,0,1,1,0,-0.016746,0.000104,0.6875,-0.7165,0.2639,3,ok
0,1353,150.420000,0.294065,0.976088,-2.981267,-0.022453,-0.032288,12.534518,0.219705,0.225143,0.131885,-0.093257,1.000000,1.000000,0.000000,C-06,0,0,0,1,1,0,-0.019087,0.062208,0.7708,-0.6617,0.2608,3,ok
0,1354,150.520000,0.272820,0.972735,-2.978928,-0.023243,-0.029949,12.554059,0.214779,0.030636,0.030636,0.000000,0.977036,0.977036,0.000000,,0,0,0,1,1,0,-0.017756,0.123936,0.7917,-0.6610,0.2629,3,ok
0,1355,150.640000,0.246815,0.968560,-2.987252,-0.023497,-0.013847,12.582871,0.220148,-0.240194,-0.119364,0.120831,1.000000,1.000000,0.000000,C-06,0,0,0,1,1,0,-0.017361,0.112846,0.7917,-0.6328,0.2647,3,ok
0,1356,150.740000,0.225068,0.965074,-2.992071,-0.023665,0.006511,12.605435,0.220312,-0.071412,-0.071412,0.000000,1.000000,1.000000,0.000000,,0,0,0,1,1,0,-0.017952,0.152819,0.7917,-0.6105,0.2591,3,ok
0,1357,150.860000,0.198933,0.960891,-3.008340,-0.023380,-0.009757,12.631900,0.220795,-0.328805,-0.221412,0.107393,1.000000,1.000000,0.000000,C-06,0,0,0,1,1,0,-0.019349,0.169084,0.7917,-0.5374,0.2617,3,ok
0,1358,150.980000,0.172723,0.956709,-3.036476,-0.022740,-0.010149,12.659214,0.221514,-0.369521,-0.369521,0.000000,1.000000,1.000000,0.000000,,0,0,0,1,1,0,-0.018236,0.243580,0.7708,-0.5198,0.2640,3,ok
0,1359,151.080000,0.150813,0.953223,-3.068475,-0.021774,-0.042148,12.681379,0.222134,-0.491408,-0.491408,0.000000,1.000000,1.000000,0.000000,,0,0,0,1,1,0,-0.017143,0.193248,0.7500,-0.5272,0.2601,3,ok
0,1360,151.200000,0.124459,0.949998,-3.097246,-0.021226,-0.040701,12.708470,0.221060,-0.251194,-0.341408,-0.090214,1.000000,1.000000,0.000000,C-06,0,0,0,1,1,0,-0.016456,0.226113,0.7083,-0.5326,0.2644,3,ok
0,1361,151.300000,0.102473,0.948269,-3.113009,-0.021455,-0.056464,12.730522,0.220446,-0.217707,-0.217707,0.000000,1.000000,1.000000,0.000000,,0,0,0,1,1,0,-0.018747,0.178231,0.7292,-0.4684,0.2648,3,ok
0,1362,151.420000,0.076081,0.947208,-3.119932,-0.022169,-0.030744,12.757676,0.220080,-0.055840,-0.067707,-0.011868,1.000000,1.000000,0.000000,C-06,0,0,0,1,1,0,-0.020211,0.144677,0.8333,-0.4090,0.2651,3,ok
0,1363,151.520000,0.054084,0.946457,-3.134133,-0.022619,-0.044945,12.779682,0.220120,-0.336155,-0.217707,0.118447,1.000000,1.000000,0.000000,C-06,0,0,0,1,1,0,-0.017724,0.169331,0.7917,-0.4178,0.2635,3,ok
0,1364,151.640000,0.027686,0.945557,3.119077,-0.022461,-0.042039,12.806886,0.220079,-0.648970,-0.367707,0.281263,1.000000,1.000000,0.000000,C-06,0,0,0,1,1,0,-0.018636,0.174666,0.7917,-0.3692,0.2634,3,ok
0,1365,151.740000,0.005696,0.945310,3.103205,-0.022647,-0.057911,12.828876,0.219846,-0.204245,-0.217707,-0.013462,1.000000,1.000000,0.000000,C-06,0,0,0,1,1,0,-0.017039,0.148045,0.7917,-0.4011,0.2652,3,ok
0,1366,151.860000,-0.020677,0.945799,3.091650,-0.022839,-0.034771,12.856047,0.219799,-0.134501,-0.134501,0.000000,1.000000,1.000000,0.000000,,0,0,0,1,1,0,-0.018398,0.161103,0.7708,-0.3585,0.2656,3,ok
0,1367,151.980000,-0.047029,0.946485,3.069475,-0.022958,-0.023146,12.883209,0.219519,-0.363154,-0.284501,0.078653,1.000000,1.000000,0.000000,C-06,0,0,0,1,1,0,-0.015869,0.156967,0.7083,-0.3614,0.2639,3,ok
0,1368,152.080000,-0.068947,0.947056,3.041438,-0.022430,-0.051183,12.905129,0.219007,-0.747866,-0.434501,0.313365,1.000000,1.000000,0.000000,C-06,0,0,0,1,1,0,-0.017780,0.171787,0.7917,-0.3117,0.2673,3,ok
0,1369,152.200000,-0.095132,0.948684,3.018133,-0.022475,-0.042238,12.932141,0.218527,-0.127970,-0.284501,-0.156531,0.997983,0.997983,0.000000,C-06,0,0,0,1,1,0,-0.017935,0.124186,0.8333,-0.3079,0.2619,3,ok
0,1370,152.300000,-0.116840,0.950956,3.008579,-0.022905,-0.051792,12.953963,0.218239,0.363640,-0.134501,-0.498142,0.994676,0.994676,0.000000,C-06,0,0,0,1,1,0,-0.018869,0.102569,0.7917,-0.2889,0.2675,3,ok
0,1371,152.420000,-0.142996,0.954410,3.008994,-0.023822,-0.020706,12.981034,0.220001,0.750095,0.015499,-0.734596,1.000000,1.000000,0.000000,C-06,0,0,0,1,1,0,-0.018571,0.094187,0.8125,-0.2880,0.2632,3,ok
0,1372,152.520000,-0.164811,0.957320,3.015386,-0.024222,-0.014313,13.003039,0.220172,0.106570,0.106570,0.000000,1.000000,1.000000,0.000000,,0,0,0,1,1,0,-0.016753,0.103599,0.7917,-0.2780,0.2651,3,ok
0,1373,152.640000,-0.190998,0.960642,3.012706,-0.024172,0.011208,13.030094,0.219917,-0.098395,-0.043430,0.054965,1.000000,1.000000,0.000000,C-06,0,0,0,1,1,0,-0.015534,0.135928,0.7708,-0.2527,0.2644,3,ok
0,1374,152.740000,-0.212803,0.963401,3.003487,-0.023827,0.001989,13.052070,0.219661,-0.149983,-0.149983,0.000000,1.000000,1.000000,0.000000,,0,0,0,1,1,0,-0.015032,0.176239,0.7292,-0.2222,0.2701,3,ok
0,1375,152.860000,-0.238911,0.966712,2.981250,-0.023004,0.005702,13.079012,0.218960,-0.324404,-0.299983,0.024421,1.000000,1.000000,0.000000,C-06,0,0,0,1,1,0,-0.012399,0.144363,0.7708,-0.2615,0.2641,3,ok
0,1376,152.980000,-0.264900,0.970023,2.948146,-0.021906,-0.027402,13.105188,0.217717,-0.741232,-0.449983,0.291249,1.000000,1.000000,0.000000,C-06,0,0,0,1,1,0,-0.011740,0.118034,0.7708,-0.2491,0.2659,3,ok
0,1377,153.080000,-0.286197,0.973400,2.928724,-0.021286,-0.023356,13.127234,0.215412,0.000684,-0.299983,-0.300666,0.987369,0.987369,0.000000,C-06,0,0,0,1,1,0,-0.015782,0.124041,0.8542,-0.1673,0.2664,3,ok
0,1378,153.200000,-0.311937,0.978525,2.916899,-0.021426,-0.035181,13.153479,0.219007,0.710502,-0.149983,-0.860485,1.000000,1.000000,0.000000,C-06,0,0,0,1,1,0,-0.014516,0.072926,0.8125,-0.2112,0.2685,3,ok
0,1379,153.300000,-0.333380,0.983404,2.916165,-0.021726,-0.014428,13.175966,0.220000,1.000000,0.000017,-0.999983,1.000000,1.000000,0.000000,C-06,0,0,0,1,1,0,-0.015628,0.076132,0.8333,-0.1699,0.2661,3,ok
0,1380,153.420000,-0.359140,0.989305,2.926519,-0.022013,-0.004075,13.202392,0.220462,0.804158,0.150017,-0.654141,1.000000,1.000000,0.000000,C-06,0,0,0,1,1,0,-0.015313,0.076012,0.7708,-0.1699,0.2644,3,ok
0,1381,153.520000,-0.380651,0.994222,2.933959,-0.021904,0.023071,13.224842,0.220802,0.118439,0.118439,0.000000,1.000000,1.000000,0.000000,,0,0,0,1,1,0,-0.014676,0.146688,0.7500,-0.1149,0.2677,3,ok
0,1382,153.640000,-0.406482,0.999722,2.932380,-0.021322,0.021491,13.251245,0.219984,-0.341684,-0.031561,0.310123,1.000000,1.000000,0.000000,C-06,0,0,0,1,1,0,-0.010802,0.131178,0.7500,-0.1450,0.2636,3,ok
0,1383,153.740000,-0.427980,1.004281,2.922020,-0.020471,0.029123,13.273571,0.219534,-0.344359,-0.181561,0.162797,1.000000,1.000000,0.000000,C-06,0,0,0,1,1,0,-0.011757,0.158924,0.7708,-0.1077,0.2656,3,ok
0,1384,153.860000,-0.453679,1.009752,2.898682,-0.019439,0.005785,13.299827,0.218411,-0.441237,-0.331561,0.109676,1.000000,1.000000,0.000000,C-06,0,0,0,1,1,0,-0.007608,0.135524,0.7917,-0.1374,0.2648,3,ok
0,1385,153.980000,-0.479143,1.015227,2.864805,-0.018016,-0.011682,13.326185,0.216208,-0.624272,-0.481561,0.142711,0.997772,0.997772,0.000000,C-06,0,0,0,1,1,0,-0.008209,0.100968,0.7917,-0.1324,0.2657,3,ok
0,1386,154.080000,-0.500238,1.020507,2.844596,-0.017539,-0.031891,13.347926,0.217554,0.428459,-0.331561,-0.760020,1.000000,1.000000,0.000000,C-06,0,0,0,1,1,0,-0.011271,0.085369,0.8333,-0.0892,0.2659,3,ok
0,1387,154.200000,-0.525428,1.027798,2.831268,-0.017569,-0.030094,13.374395,0.218596,1.000000,-0.181561,-1.181561,1.000000,1.000000,0.000000,C-06,0,0,0,1,1,0,-0.013154,0.068355,0.7917,-0.0685,0.2651,2,ok
0,1388,154.300000,-0.546368,1.034439,2.828908,-0.018140,-0.032454,13.396355,0.219749,1.000000,-0.031561,-1.031561,1.000000,1.000000,0.000000,C-06,0,0,0,1,1,0,-0.013776,0.049948,0.7708,-0.0664,0.2708,3,ok
0,1389,154.420000,-0.571515,1.042557,2.836398,-0.018573,-0.011068,13.423053,0.220462,1.000000,0.118439,-0.881561,1.000000,1.000000,0.000000,C-06,0,0,0,1,1,0,-0.013258,0.036223,0.7917,-0.0907,0.2663,2,ok
0,1390,154.520000,-0.592496,1.049171,2.835185,-0.018771,-0.012281,13.445051,0.219906,-0.061959,-0.031561,0.030397,1.000000,1.000000,0.000000,C-06,0,0,0,1,1,0,-0.014391,0.083087,0.7500,-0.0134,0.2703,2,ok
0,1391,154.640000,-0.617675,1.057135,2.837739,-0.018752,0.002094,13.471668,0.220161,0.041026,0.041026,0.000000,1.000000,1.000000,0.000000,,0,0,0,1,1,0,-0.010640,0.053306,0.7083,-0.0731,0.2625,2,ok
0,1392,154.740000,-0.638651,1.063718,2.832071,-0.018679,-0.003573,13.493652,0.219653,-0.236199,-0.108974,0.127225,1.000000,1.000000,0.000000,C-06,0,0,0,1,1,0,-0.014438,0.104414,0.7708,0.0201,0.2695,3,ok
0,1393,154.860000,-0.663795,1.071761,2.832073,-0.018452,0.007650,13.520257,0.220026,0.006819,0.006819,0.000000,1.000000,1.000000,0.000000,,0,0,0,1,1,0,-0.012116,0.083854,0.8333,-0.0063,0.2633,3,ok
0,1394,154.980000,-0.688906,1.079803,2.822829,-0.018201,0.007980,13.546764,0.219430,-0.247654,-0.143181,0.104472,1.000000,1.000000,0.000000,C-06,0,0,0,1,1,0,-0.010055,0.074106,0.8125,-0.0173,0.2654,3,ok
0,1395,155.080000,-0.709772,1.086506,2.815632,-0.017863,0.000784,13.568678,0.219021,-0.123689,-0.123689,0.000000,1.000000,1.000000,0.000000,,0,0,0,1,1,0,-0.010227,0.071115,0.7917,0.0038,0.2681,3,ok
0,1396,155.200000,-0.734781,1.094948,2.816017,-0.017843,0.001169,13.592434,0.220057,0.014898,0.014898,0.000000,1.000000,1.000000,0.000000,,0,0,0,1,1,0,-0.009992,0.058298,0.7500,-0.0006,0.2644,3,ok
0,1397,155.300000,-0.755613,1.101985,2.812008,-0.017560,0.005774,13.617256,0.219744,-0.075848,-0.075848,0.000000,1.000000,1.000000,0.000000,,0,0,0,1,1,0,-0.011134,0.073533,0.7708,0.0339,0.2655,2,ok
0,1398,155.420000,-0.780570,1.110428,2.806917,-0.017270,0.000682,13.641392,0.219407,-0.074074,-0.074074,0.000000,1.000000,1.000000,0.000000,,0,0,0,1,1,0,-0.012018,0.098201,0.7292,0.0736,0.2681,2,ok
0,1399,155.520000,-0.801344,1.117608,2.805473,-0.017002,0.006532,13.665700,0.219825,-0.021593,-0.021593,0.000000,1.000000,1.000000,0.000000,,0,0,0,1,1,0,-0.011894,0.082731,0.7500,0.0856,0.2665,3,ok
0,1400,155.640000,-0.826227,1.126314,2.795900,-0.016799,-0.003040,13.690578,0.219373,-0.148840,-0.148840,0.000000,1.000000,1.000000,0.000000,,0,0,0,1,1,0,-0.009272,0.061385,0.7708,0.0499,0.2657,2,ok
0,1401,155.740000,-0.846921,1.133766,2.795370,-0.016682,0.002930,13.714161,0.220004,0.401277,0.001160,-0.400118,1.000000,1.000000,0.000000,C-06,0,0,0,1,1,0,-0.009798,0.055836,0.8333,0.0661,0.2655,2,ok
0,1402,155.860000,-0.871794,1.142725,2.805008,-0.016556,0.012567,13.740088,0.220635,0.557658,0.151160,-0.406498,1.000000,1.000000,0.000000,C-06,0,0,0,1,1,0,-0.009228,0.045972,0.8125,0.0587,0.2651,2,ok
0,1403,155.980000,-0.896743,1.151633,2.811682,-0.016235,0.024534,13.767162,0.220768,0.093473,0.093473,0.000000,1.000000,1.000000,0.000000,,0,0,0,1,1,0,-0.008970,0.084481,0.7917,0.1144,0.2662,3,ok
0,1404,156.080000,-0.917550,1.158774,2.809153,-0.015699,0.022004,13.789154,0.219826,-0.531605,-0.056527,0.475077,1.000000,1.000000,0.000000,C-06,0,0,0,1,1,0,-0.006298,0.072846,0.7500,0.0817,0.2648,3,ok
0,1405,156.200000,-0.942449,1.167361,2.795768,-0.014998,0.012368,13.815542,0.219049,-0.293228,-0.206527,0.086701,1.000000,1.000000,0.000000,C-06,0,0,0,1,1,0,-0.005427,0.087016,0.7500,0.0941,0.2650,2,ok
0,1406,156.300000,-0.963096,1.174520,2.781990,-0.014451,-0.001410,13.837388,0.218075,-0.247322,-0.247322,0.000000,1.000000,1.000000,0.000000,,0,0,0,1,1,0,-0.007627,0.081813,0.7292,0.1439,0.2656,2,ok
0,1407,156.420000,-0.987770,1.183609,2.774668,-0.014176,-0.005626,13.863752,0.219217,0.355887,-0.097322,-0.453209,1.000000,1.000000,0.000000,C-06,0,0,0,1,1,0,-0.011958,0.095794,0.7083,0.2124,0.2734,2,ok
0,1408,156.520000,-1.008312,1.191487,2.776931,-0.014232,-0.003364,13.885753,0.220168,1.000000,0.052678,-0.947322,1.000000,1.000000,0.000000,C-06,0,0,0,1,1,0,-0.009704,0.042208,0.8125,0.1668,0.2668,2,ok
0,1409,156.640000,-1.033033,1.200901,2.789993,-0.014252,0.011763,13.912197,0.220884,1.000000,0.202678,-0.797322,1.000000,1.000000,0.000000,C-06,0,0,0,1,1,0,-0.011137,0.066811,0.8333,0.2195,0.2680,3,ok
0,1410,156.740000,-1.053755,1.208744,2.809210,-0.014226,0.030980,13.934353,0.222180,1.000000,0.352678,-0.647322,1.000000,1.000000,0.000000,C-06,0,0,0,1,1,0,-0.011137,0.066811,0.8333,0.2195,0.2680,3,ok
0,1411,156.860000,-1.078789,1.217916,2.827453,-0.013844,0.050106,13.961054,0.222159,0.257790,0.257790,0.000000,1.000000,1.000000,0.000000,,0,0,0,1,1,0,-0.008188,0.069880,0.8125,0.2209,0.2684,2,ok
0,1412,156.980000,-1.103932,1.226333,2.835581,-0.012705,0.058234,13.987544,0.220875,-0.858718,0.107790,0.966508,1.000000,1.000000,0.000000,C-06,0,0,0,1,1,0,-0.003639,0.105348,0.7917,0.2120,0.2675,2,ok
0,1413,157.080000,-1.124906,1.232976,2.833841,-0.011416,0.056158,14.009498,0.219875,-0.832723,-0.042210,0.790512,1.000000,1.000000,0.000000,C-06,0,0,0,1,1,0,-0.003537,0.174667,0.7708,0.2943,0.2712,3,ok
0,1414,157.200000,-1.150018,1.240958,2.821328,-0.009899,0.043645,14.035805,0.219198,-0.791551,-0.192210,0.599341,1.000000,1.000000,0.000000,C-06,0,0,0,1,1,0,-0.000516,0.149267,0.7292,0.2673,0.2656,2,ok
0,1415,157.300000,-1.170837,1.247612,2.802647,-0.008716,0.024212,14.057608,0.217965,-0.743601,-0.342210,0.401391,1.000000,1.000000,0.000000,C-06,0,0,0,1,1,0,-0.001574,0.139463,0.7500,0.3087,0.2657,2,ok
0,1416,157.420000,-1.195671,1.255995,2.788771,-0.007731,0.010335,14.083800,0.218476,0.408828,-0.192210,-0.601038,1.000000,1.000000,0.000000,C-06,0,0,0,1,1,0,-0.001891,0.131876,0.7708,0.3100,0.2747,2,ok
0,1417,157.520000,-1.214755,1.262975,2.785790,-0.007493,0.004845,14.104110,0.201839,0.895294,-0.042210,-0.937504,0.918578,0.918578,0.000000,C-06,0,0,0,1,1,0,-0.004989,0.112539,0.8333,0.3861,0.2739,2,ok
0,1418,157.640000,-1.239133,1.271718,2.792448,-0.007035,0.011502,14.130005,0.219459,1.000000,0.107790,-0.892210,1.000000,1.000000,0.000000,C-06,0,0,0,1,1,0,-0.002789,0.051411,0.8125,0.3406,0.2680,2,ok
0,1419,157.740000,-1.259854,1.279114,2.806367,-0.006648,0.021545,14.151984,0.220479,1.000000,0.257790,-0.742210,1.000000,1.000000,0.000000,C-06,0,0,0,1,1,0,-0.004447,0.076958,0.7917,0.4056,0.2652,2,ok
0,1420,157.860000,-1.284819,1.287982,2.814127,-0.006173,0.029304,14.178473,0.220886,0.034655,0.107790,0.073135,1.000000,1.000000,0.000000,C-06,0,0,0,1,1,0,-0.003607,0.093902,0.7917,0.4405,0.2665,2,ok
0,1421,157.980000,-1.309809,1.296486,2.811839,-0.005434,0.021825,14.204826,0.219837,-0.511495,-0.042210,0.469285,1.000000,1.000000,0.000000,C-06,0,0,0,1,1,0,-0.000554,0.092098,0.7500,0.4234,0.2635,2,ok
0,1422,158.080000,-1.330590,1.303602,2.801588,-0.004916,0.011574,14.226786,0.219327,-0.539619,-0.192210,0.347409,1.000000,1.000000,0.000000,C-06,0,0,0,1,1,0,-0.001103,0.111297,0.7292,0.4679,0.2628,2,ok
0,1423,158.200000,-1.355461,1.312325,2.798106,-0.004582,0.001640,14.253104,0.219659,0.207066,-0.042210,-0.249276,1.000000,1.000000,0.000000,C-06,0,0,0,1,1,0,-0.002550,0.108442,0.7292,0.4947,0.2645,2,ok
0,1424,158.300000,-1.376193,1.319729,2.803509,-0.004518,0.007042,14.275119,0.220364,1.000000,0.107790,-0.892210,1.000000,1.000000,0.000000,C-06,0,0,0,1,1,0,-0.002251,0.087932,0.7292,0.5006,0.2653,2,ok
0,1425,158.420000,-1.401168,1.328616,2.820482,-0.004495,0.016151,14.301589,0.221447,0.913136,0.257790,-0.655346,1.000000,1.000000,0.000000,C-06,0,0,0,1,1,0,-0.001858,0.077137,0.7708,0.5142,0.2656,2,ok
0,1426,158.520000,-1.422118,1.336022,2.843458,-0.004551,0.039128,14.323809,0.222873,0.505617,0.407790,-0.097827,1.000000,1.000000,0.000000,C-06,0,0,0,1,1,0,0.001787,0.062135,0.7708,0.4941,0.2659,2,ok
0,1427,158.640000,-1.447427,1.344405,2.862306,-0.004143,0.047972,14.350436,0.222102,-0.022162,0.257790,0.279952,1.000000,1.000000,0.000000,C-06,0,0,0,1,1,0,0.003307,0.077539,0.7917,0.5256,0.2659,2,ok
0,1428,158.740000,-1.468597,1.350726,2.869339,-0.003268,0.055005,14.372512,0.220844,-0.592026,0.107790,0.699816,1.000000,1.000000,0.000000,C-06,0,0,0,1,1,0,0.005575,0.088583,0.7917,0.5249,0.2665,2,ok
0,1429,158.860000,-1.494018,1.357838,2.866973,-0.001810,0.041598,14.398849,0.219853,-0.907106,-0.042210,0.864896,1.000000,1.000000,0.000000,C-06,0,0,0,1,1,0,0.007602,0.088612,0.8125,0.5206,0.2649,2,ok
0,1430,158.980000,-1.519385,1.364954,2.854121,-0.000587,0.028746,14.425167,0.219187,-0.774649,-0.192210,0.582438,1.000000,1.000000,0.000000,C-06,0,0,0,1,1,0,0.009704,0.066180,0.7500,0.5044,0.2637,2,ok
0,1431,159.080000,-1.540432,1.370885,2.837903,0.000402,0.012528,14.445846,0.218207,-0.282465,-0.282465,0.000000,1.000000,1.000000,0.000000,,0,0,0,1,1,0,0.011635,0.004520,0.7500,0.4718,0.2627,2,ok
0,1432,159.200000,-1.565582,1.378468,2.827963,0.000661,-0.010300,14.473285,0.218963,0.982612,-0.132465,-1.115077,1.000000,1.000000,0.000000,C-06,0,0,0,1,1,0,0.013204,-0.036658,0.7500,0.4354,0.2580,2,ok
0,1433,159.300000,-1.586509,1.385230,2.828362,0.000461,-0.009901,14.495275,0.220017,0.905928,0.017535,-0.888393,1.000000,1.000000,0.000000,C-06,0,0,0,1,1,0,0.010831,-0.106029,0.7708,0.4461,0.2621,2,ok
0,1434,159.420000,-1.611664,1.393364,2.839229,-0.000089,-0.014430,14.521713,0.220650,0.727170,0.167535,-0.559635,1.000000,1.000000,0.000000,C-06,0,0,0,1,1,0,0.009028,-0.122095,0.8125,0.4522,0.2596,2,ok
0,1435,159.520000,-1.632129,1.400066,2.856918,-0.000643,0.003259,14.543240,0.215083,0.938436,0.317535,-0.620901,0.968312,0.968312,0.000000,C-06,0,0,0,1,1,0,0.008677,-0.139139,0.8333,0.4442,0.2604,2,ok
0,1436,159.640000,-1.657484,1.408090,2.889487,-0.001424,0.017461,14.569809,0.223208,0.821033,0.467535,-0.353498,1.000000,1.000000,0.000000,C-06,0,0,0,1,1,0,0.010871,-0.158699,0.7917,0.3842,0.2606,2,ok
0,1437,159.740000,-1.678311,1.414212,2.909402,-0.001709,0.037376,14.591515,0.216505,0.286035,0.317535,0.031500,0.972927,0.972927,0.000000,C-06,0,0,0,1,1,0,0.012510,-0.142896,0.7708,0.3592,0.2622,2,ok
0,1438,159.860000,-1.703971,1.420738,2.922371,-0.001399,0.030595,14.617960,0.221209,-0.337211,0.167535,0.504746,1.000000,1.000000,0.000000,C-06,0,0,0,1,1,0,0.012366,-0.097423,0.7708,0.3862,0.2680,2,ok
0,1439,159.980000,-1.729747,1.426547,2.924311,-0.000576,0.032535,14.644369,0.220120,-0.609279,0.017535,0.626814,1.000000,1.000000,0.000000,C-06,0,0,0,1,1,0,0.012770,-0.099275,0.7500,0.3541,0.2685,2,ok
0,1440,160.080000,-1.751209,1.431312,2.933836,-0.000108,0.018039,14.666342,0.220000,0.401096,0.167535,-0.233561,0.997859,0.997859,0.000000,C-06,0,0,0,1,1,0,0.010900,-0.099302,0.6875,0.3635,0.2674,2,ok
0,1441,160.200000,-1.777081,1.437027,2.950669,0.000175,0.034872,14.692836,0.221158,0.229636,0.229636,0.000000,1.000000,1.000000,0.000000,,0,0,0,1,1,0,0.010932,-0.095137,0.7083,0.3449,0.2687,2,ok
0,1442,160.300000,-1.798694,1.441423,2.956325,0.000616,0.013209,14.714899,0.220505,0.022461,0.079636,0.057175,1.000000,1.000000,0.000000,C-06,0,0,0,1,1,0,0.008455,-0.112033,0.7708,0.3873,0.2704,2,ok
0,1443,160.420000,-1.824656,1.446526,2.962237,0.000897,0.019121,14.741357,0.220487,0.078339,0.078339,0.000000,1.000000,1.000000,0.000000,,0,0,0,1,1,0,0.008687,-0.119873,0.8125,0.3590,0.2689,2,ok
0,1444,160.520000,-1.846327,1.450696,2.975738,0.001220,0.032622,14.761504,0.220921,0.438158,0.228339,-0.209819,1.000000,1.000000,0.000000,C-06,0,0,0,1,1,0,0.007830,-0.125071,0.7917,0.3341,0.2661,2,ok
0,1445,160.640000,-1.872421,1.455698,3.003960,0.000654,0.029629,14.790028,0.221831,0.516557,0.378339,-0.138218,1.000000,1.000000,0.000000,C-06,0,0,0,1,1,0,0.006987,-0.116574,0.7917,0.3376,0.2653,2,ok
0,1446,160.740000,-1.894249,1.459816,3.029844,0.000303,0.055513,14.812238,0.222158,0.398194,0.398194,0.000000,1.000000,1.000000,0.000000,,0,0,0,1,1,0,0.007062,-0.085502,0.7500,0.3457,0.2663,2,ok
0,1447,160.860000,-1.920513,1.463653,3.050319,0.000185,0.045199,14.838792,0.221074,-0.153133,0.248194,0.401328,1.000000,1.000000,0.000000,C-06,0,0,0,1,1,0,0.007731,-0.063649,0.7708,0.3556,0.2639,2,ok
0,1448,160.980000,-1.946814,1.466433,3.058908,0.001002,0.053788,14.865227,0.220347,-0.333602,0.098194,0.431797,1.000000,1.000000,0.000000,C-06,0,0,0,1,1,0,0.009565,-0.051115,0.7292,0.3201,0.2677,2,ok
0,1449,161.080000,-1.968737,1.468287,3.056192,0.001469,0.021653,14.887270,0.219963,-0.167159,-0.051806,0.115353,1.000000,1.000000,0.000000,C-06,0,0,0,1,1,0,0.003780,0.030091,0.6875,0.4383,0.2702,2,ok
0,1450,161.200000,-1.995047,1.470541,3.063272,0.001766,0.028733,14.913675,0.220125,0.154540,0.098194,-0.056346,1.000000,1.000000,0.000000,C-06,0,0,0,1,1,0,0.006727,-0.013864,0.7708,0.3746,0.2660,2,ok
0,1451,161.300000,-2.016985,1.472423,3.069507,0.001748,0.008492,14.935735,0.220229,0.092105,0.092105,0.000000,1.000000,1.000000,0.000000,,0,0,0,1,1,0,0.007980,-0.041630,0.8125,0.3289,0.2614,3,ok
0,1452,161.420000,-2.043314,1.474336,3.065686,0.001790,0.004671,14.962133,0.219934,-0.080500,-0.057895,0.022606,1.000000,1.000000,0.000000,C-06,0,0,0,1,1,0,0.004848,-0.037522,0.8333,0.4167,0.2696,2,ok
0,1453,161.520000,-2.065254,1.476004,3.070686,0.001630,-0.013351,14.984164,0.220080,0.085628,0.085628,0.000000,1.000000,1.000000,0.000000,,0,0,0,1,1,0,0.006505,-0.054862,0.7917,0.3499,0.2681,2,ok
0,1454,161.640000,-2.091602,1.478013,3.089072,0.001141,0.005036,15.010584,0.220323,0.368818,0.235628,-0.133190,1.000000,1.000000,0.000000,C-06,0,0,0,1,1,0,0.004343,-0.058100,0.7917,0.3767,0.2663,2,ok
0,1455,161.740000,-2.113576,1.479447,3.095671,0.000900,-0.006940,15.032622,0.220187,0.028788,0.085628,0.056840,1.000000,1.000000,0.000000,C-06,0,0,0,1,1,0,0.003858,-0.061803,0.7708,0.4115,0.2695,2,ok
0,1456,161.860000,-2.139627,1.480658,3.091196,0.000686,-0.011415,15.058701,0.217055,-0.168567,-0.064372,0.104196,0.986833,0.986833,0.000000,C-06,0,0,0,1,1,0,0.004474,-0.035135,0.7708,0.3988,0.2701,2,ok
0,1457,161.980000,-2.165969,1.481948,3.090093,0.000335,-0.029651,15.085079,0.219978,-0.010755,-0.010755,0.000000,1.000000,1.000000,0.000000,,0,0,0,1,1,0,0.003554,-0.066426,0.7083,0.3865,0.2660,2,ok
0,1458,162.080000,-2.187944,1.483041,3.098714,-0.000295,-0.021030,15.107072,0.220065,0.400433,0.139245,-0.261188,1.000000,1.000000,0.000000,C-06,0,0,0,1,1,0,0.001618,-0.057744,0.7917,0.4014,0.2687,2,ok
0,1459,162.200000,-2.211962,1.484320,3.120584,-0.001067,0.000840,15.131112,0.198237,0.369340,0.289245,-0.080094,0.869095,0.900000,0.030905,C-06,0,0,0,1,1,0,0.002138,-0.061693,0.7708,0.3765,0.2683,2,ok
0,1460,162.300000,-2.233317,1.485360,-3.141265,-0.001986,0.004534,15.152453,0.220241,0.304920,0.304920,0.000000,1.000000,1.000000,0.000000,,0,0,0,1,1,0,0.000723,-0.065195,0.8125,0.4019,0.2646,2,ok
0,1461,162.420000,-2.259716,1.486129,-3.124098,-0.002654,0.021701,15.178854,0.220016,0.196819,0.196819,0.000000,1.000000,1.000000,0.000000,,0,0,0,1,1,0,0.002472,-0.066587,0.8125,0.3736,0.2643,2,ok
0,1462,162.520000,-2.281712,1.485928,-3.120187,-0.002605,0.008396,15.200811,0.219967,-0.121243,0.046819,0.168062,1.000000,1.000000,0.000000,C-06,0,0,0,1,1,0,0.003084,-0.020764,0.7917,0.3943,0.2668,2,ok
0,1463,162.640000,-2.308106,1.485400,-3.123606,-0.002381,0.004977,15.227210,0.220010,-0.047507,-0.047507,0.000000,1.000000,1.000000,0.000000,,0,0,0,1,1,0,0.002217,-0.014323,0.8333,0.4139,0.2677,2,ok
0,1464,162.740000,-2.330102,1.485005,-3.119784,-0.002462,-0.008448,15.249164,0.219984,0.063476,0.063476,0.000000,1.000000,1.000000,0.000000,,0,0,0,1,1,0,0.002608,-0.028086,0.8125,0.3898,0.2685,2,ok
0,1465,162.860000,-2.356492,1.484536,-3.108480,-0.002800,0.002856,15.275556,0.219918,0.140622,0.140622,0.000000,1.000000,1.000000,0.000000,,0,0,0,1,1,0,0.001037,-0.054504,0.7292,0.3997,0.2647,2,ok
0,1466,162.980000,-2.382868,1.484067,-3.089034,-0.003346,0.004651,15.301878,0.219741,0.241731,0.241731,0.000000,1.000000,1.000000,0.000000,,0,0,0,1,1,0,0.001288,-0.017364,0.7292,0.3976,0.2678,2,ok
0,1467,163.080000,-2.404821,1.483677,-3.063511,-0.004006,0.030175,15.323824,0.219389,0.437122,0.391731,-0.045391,1.000000,1.000000,0.000000,C-06,0,0,0,1,1,0,-0.002058,0.006399,0.7917,0.4649,0.2739,2,ok
0,1468,163.200000,-2.431117,1.482492,-3.043292,-0.004220,0.032686,15.350075,0.219298,-0.026890,0.241731,0.268621,1.000000,1.000000,0.000000,C-06,0,0,0,1,1,0,0.000428,-0.003236,0.7708,0.4268,0.2695,2,ok
0,1469,163.300000,-2.453003,1.480647,-3.036315,-0.003803,0.039663,15.372034,0.219666,-0.149961,0.091731,0.241692,1.000000,1.000000,0.000000,C-06,0,0,0,1,1,0,0.002861,0.017745,0.8333,0.4108,0.2674,2,ok
0,1470,163.420000,-2.479260,1.477890,-3.039997,-0.002841,0.018318,15.398362,0.220090,-0.058651,-0.058269,0.000382,1.000000,1.000000,0.000000,C-06,0,0,0,1,1,0,0.003670,0.029681,0.8125,0.4269,0.2671,2,ok
0,1471,163.520000,-2.501150,1.475568,-3.042520,-0.002372,0.015795,15.420369,0.220143,-0.037052,-0.037052,0.000000,1.000000,1.000000,0.000000,,0,0,0,1,1,0,0.003103,-0.002608,0.8125,0.4415,0.2691,2,ok
0,1472,163.640000,-2.527410,1.472947,-3.034391,-0.001975,0.023924,15.446513,0.219826,0.341331,0.112948,-0.228383,1.000000,1.000000,0.000000,C-06,0,0,0,1,1,0,0.003520,-0.001692,0.7708,0.4214,0.2636,2,ok
0,1473,163.740000,-2.549265,1.470772,-3.017933,-0.001997,0.022711,15.468689,0.219427,0.483516,0.262948,-0.220568,1.000000,1.000000,0.000000,C-06,0,0,0,1,1,0,0.002101,-0.000465,0.7917,0.4568,0.2693,2,ok
0,1474,163.860000,-2.575446,1.467886,-3.008321,-0.001741,0.032323,15.495027,0.219496,-0.211428,0.112948,0.324375,1.000000,1.000000,0.000000,C-06,0,0,0,1,1,0,0.003460,0.012483,0.7083,0.4374,0.2660,2,ok
0,1475,163.980000,-2.601615,1.464426,-3.010592,-0.001342,0.012322,15.521390,0.220034,-0.134661,-0.037052,0.097608,1.000000,1.000000,0.000000,C-06,0,0,0,1,1,0,0.003984,-0.004472,0.7292,0.4425,0.2668,2,ok
0,1476,164.080000,-2.623433,1.461524,-3.015169,-0.001048,0.007745,15.543398,0.220159,-0.073370,-0.073370,0.000000,1.000000,1.000000,0.000000,,0,0,0,1,1,0,0.001020,0.030080,0.7917,0.5041,0.2705,2,ok
0,1477,164.200000,-2.649623,1.458194,-3.015399,-0.001177,-0.009697,15.569780,0.219997,0.001437,0.001437,0.000000,1.000000,1.000000,0.000000,,0,0,0,1,1,0,0.002855,0.017962,0.8125,0.4600,0.2675,2,ok
0,1478,164.300000,-2.671437,1.455428,-3.006534,-0.001398,-0.000833,15.591768,0.219761,0.185204,0.151437,-0.033767,1.000000,1.000000,0.000000,C-06,0,0,0,1,1,0,-0.000817,-0.038939,0.8333,0.5163,0.2683,2,ok
0,1479,164.420000,-2.697556,1.452108,-2.984239,-0.001919,0.002668,15.618065,0.219072,0.622753,0.301437,-0.321316,1.000000,1.000000,0.000000,C-06,0,0,0,1,1,0,0.000562,-0.053842,0.8125,0.4721,0.2653,2,ok
0,1480,164.520000,-2.719265,1.449079,-2.973908,-0.002252,0.012999,15.639982,0.219195,0.100051,0.151437,0.051385,1.000000,1.000000,0.000000,C-06,0,0,0,1,1,0,0.000138,-0.017771,0.7917,0.5158,0.2650,2,ok
0,1481,164.640000,-2.745278,1.444986,-2.966224,-0.002375,0.002884,15.666276,0.219443,0.098453,0.098453,0.000000,1.000000,1.000000,0.000000,,0,0,0,1,1,0,0.002387,-0.043198,0.7500,0.4671,0.2647,2,ok
0,1482,164.740000,-2.766918,1.441473,-2.954344,-0.002585,0.014764,15.688198,0.219018,0.196936,0.196936,0.000000,1.000000,1.000000,0.000000,,0,0,0,1,1,0,0.001582,-0.031294,0.7292,0.4824,0.2633,2,ok
0,1483,164.860000,-2.792794,1.437257,-2.929118,-0.002975,0.021015,15.714346,0.217962,0.677325,0.346936,-0.330389,1.000000,1.000000,0.000000,C-06,0,0,0,1,1,0,-0.000896,0.080348,0.7083,0.5285,0.2732,2,ok
0,1484,164.980000,-2.818537,1.432525,-2.907208,-0.003295,0.042926,15.740518,0.218086,0.294660,0.294660,0.000000,1.000000,1.000000,0.000000,,0,0,0,1,1,0,-0.002941,0.138253,0.7500,0.5957,0.2783,2,ok
0,1485,165.080000,-2.839909,1.427786,-2.897677,-0.002765,0.052456,15.760186,0.218991,-0.282610,0.144660,0.427271,1.000000,1.000000,0.000000,C-06,0,0,0,1,1,0,-0.003906,0.124570,0.7917,0.6813,0.2724,2,ok
0,1486,165.200000,-2.865525,1.421434,-2.897426,-0.001868,0.033921,15.788740,0.219998,-0.144977,-0.005340,0.139637,1.000000,1.000000,0.000000,C-06,0,0,0,1,1,0,0.000039,0.088248,0.8125,0.6224,0.2657,2,ok
0,1487,165.300000,-2.886457,1.416217,-2.889724,-0.001084,0.041623,15.810299,0.214923,0.296663,0.144660,-0.152003,0.978579,0.978579,0.000000,C-06,0,0,0,1,1,0,0.001734,0.098222,0.7917,0.5962,0.2700,2,ok
0,1488,165.420000,-2.911957,1.409688,-2.887895,-0.000517,0.023298,15.836592,0.219885,0.015647,0.015647,0.000000,1.000000,1.000000,0.000000,,0,0,0,1,1,0,0.000567,0.115681,0.7917,0.6437,0.2712,2,ok
0,1489,165.520000,-2.933231,1.404177,-2.879231,-0.000025,0.031961,15.858562,0.219540,0.158132,0.158132,0.000000,1.000000,1.000000,0.000000,,0,0,0,1,1,0,-0.003808,0.130046,0.8333,0.7664,0.2714,2,ok
0,1490,165.640000,-2.958664,1.397559,-2.860193,0.000260,0.031950,15.884841,0.218476,0.276337,0.276337,0.000000,1.000000,1.000000,0.000000,,0,0,0,1,1,0,-0.002374,0.201508,0.7500,0.7775,0.2754,2,ok
0,1491,165.740000,-2.979772,1.391727,-2.852117,0.000738,0.040026,15.906735,0.219037,0.055582,0.126337,0.070755,1.000000,1.000000,0.000000,C-06,0,0,0,1,1,0,-0.004209,0.162507,0.7292,0.8642,0.2695,2,ok
0,1492,165.860000,-3.005052,1.384371,-2.846760,0.001305,0.024286,15.933083,0.219438,0.072442,0.072442,0.000000,1.000000,1.000000,0.000000,,0,0,0,1,1,0,-0.004115,0.133025,0.7500,0.8805,0.2700,2,ok
0,1493,165.980000,-3.030310,1.376711,-2.846299,0.001917,0.024747,15.959470,0.219985,0.001857,0.001857,0.000000,1.000000,1.000000,0.000000,,0,0,0,1,1,0,-0.005147,0.312741,0.7292,0.9159,0.2832,2,ok
0,1494,166.080000,-3.051366,1.370313,-2.849003,0.002235,0.001282,15.981512,0.220141,-0.050548,-0.050548,0.000000,1.000000,1.000000,0.000000,,0,0,0,1,1,0,-0.002269,0.199252,0.8125,0.9086,0.2772,2,ok
0,1495,166.200000,-3.076643,1.362700,-2.848401,0.002321,0.001884,16.007910,0.219952,0.012855,0.012855,0.000000,1.000000,1.000000,0.000000,,0,0,0,1,1,0,-0.006806,0.065879,0.8333,1.0305,0.2733,2,ok
0,1496,166.300000,-3.097678,1.356342,-2.839699,0.002241,-0.011839,16.029942,0.219499,0.541156,0.162855,-0.378302,1.000000,1.000000,0.000000,C-06,0,0,0,1,1,0,-0.006563,0.122213,0.7917,1.0382,0.2745,2,ok
0,1497,166.420000,-3.122803,1.348711,-2.818634,0.001755,0.009226,16.056195,0.218170,0.759068,0.312855,-0.446214,1.000000,1.000000,0.000000,C-06,0,0,0,1,1,0,-0.013572,0.185795,0.8125,1.2305,0.2766,2,ok
0,1498,166.520000,-3.142491,1.342370,-2.793496,0.001718,0.034364,16.075596,0.204571,0.889952,0.462855,-0.427097,0.940010,0.940010,0.000000,C-06,0,0,0,1,1,0,-0.005954,0.038507,0.7500,1.0938,0.2682,2,ok
0,1499,166.640000,-3.166970,1.334045,-2.771744,0.001507,0.033288,16.102771,0.217553,0.303200,0.312855,0.009655,1.000000,1.000000,0.000000,C-06,0,0,0,1,1,0,-0.001293,0.118833,0.6875,1.0411,0.2727,2,ok
0,1500,166.740000,-3.187441,1.326377,-2.761984,0.002021,0.043048,16.124625,0.218703,-0.363721,0.162855,0.526576,1.000000,1.000000,0.000000,C-06,0,0,0,1,1,0,-0.004094,0.307124,0.7292,1.1577,0.2723,2,ok
0,1501,166.860000,-3.211952,1.316627,-2.760541,0.002611,0.019992,16.151051,0.219896,-0.095241,0.012855,0.108096,1.000000,1.000000,0.000000,C-06,0,0,0,1,1,0,-0.006103,0.320000,0.6875,1.2209,0.2743,2,ok
0,1502,166.980000,-3.236412,1.306810,-2.750390,0.003186,0.030143,16.177401,0.219262,0.228566,0.162855,-0.065712,1.000000,1.000000,0.000000,C-06,0,0,0,1,1,0,-0.007138,0.223613,0.7500,1.3359,0.2749,2,ok
0,1503,167.080000,-3.256683,1.298594,-2.733930,0.003286,0.021368,16.199357,0.218128,0.393364,0.312855,-0.080510,1.000000,1.000000,0.000000,C-06,0,0,0,1,1,0,-0.001933,0.003028,0.8125,1.2317,0.2644,2,ok
0,1504,167.200000,-3.280816,1.288581,-2.714266,0.003493,0.041033,16.225483,0.217704,0.301473,0.301473,0.000000,1.000000,1.000000,0.000000,,0,0,0,1,1,0,-0.004719,0.306956,0.8125,1.3835,0.2704,2,ok
0,1505,167.300000,-3.300794,1.279676,-2.705385,0.003903,0.022511,16.247451,0.218844,0.072608,0.151473,0.078865,1.000000,1.000000,0.000000,C-06,0,0,0,1,1,0,-0.000576,0.141573,0.8125,1.3313,0.2667,2,ok
0,1506,167.420000,-3.324229,1.268808,-2.687014,0.004484,0.040881,16.273277,0.214162,0.326176,0.301473,-0.024703,0.981352,0.981352,0.000000,C-06,0,0,0,1,1,0,-0.001885,0.164067,0.7917,1.3994,0.2695,2,ok
0,1507,167.520000,-3.342673,1.259763,-2.665718,0.005236,0.032698,16.293947,0.203399,0.424256,0.424256,0.000000,0.931072,0.931072,0.000000,,0,0,0,1,1,0,0.002309,-0.046703,0.7500,1.3391,0.2642,2,ok
0,1508,167.640000,-3.365690,1.248124,-2.648049,0.005974,0.050367,16.319729,0.217365,0.197794,0.274256,0.076463,0.996472,0.996472,0.000000,C-06,0,0,0,1,1,0,0.003131,-0.005696,0.7917,1.3706,0.2697,2,ok
0,1509,167.740000,-3.384823,1.237962,-2.639254,0.007029,0.059162,16.341368,0.216591,0.161613,0.161613,0.000000,0.989389,0.989389,0.000000,,0,0,0,1,1,0,0.006157,0.269220,0.7292,1.3215,0.2721,2,ok
0,1510,167.860000,-3.407871,1.225436,-2.627629,0.007730,0.035554,16.367818,0.218776,0.191115,0.191115,0.000000,1.000000,1.000000,0.000000,,0,0,0,1,1,0,0.001468,0.089346,0.6875,1.4197,0.2748,2,ok
0,1511,167.980000,-3.430745,1.212617,-2.609536,0.008749,0.053646,16.394019,0.218176,0.304860,0.304860,0.000000,1.000000,1.000000,0.000000,,0,0,0,1,1,0,0.008945,-0.117031,0.7708,1.2690,0.2609,2,ok
0,1512,168.080000,-3.449629,1.201632,-2.596391,0.009250,0.026082,16.416173,0.218533,0.258463,0.258463,0.000000,1.000000,1.000000,0.000000,,0,0,0,1,1,0,0.004781,-0.087025,0.8333,1.3973,0.2735,2,ok
0,1513,168.200000,-3.472043,1.188059,-2.572762,0.010225,0.049710,16.442358,0.217945,0.525774,0.408463,-0.117311,1.000000,1.000000,0.000000,C-06,0,0,0,1,1,0,0.009352,-0.149503,0.7917,1.2813,0.2649,2,ok
0,1514,168.300000,-3.490423,1.176362,-2.546127,0.010824,0.030347,16.464713,0.217636,0.592035,0.558463,-0.033572,1.000000,1.000000,0.000000,C-06,0,0,0,1,1,0,0.007353,-0.167881,0.7917,1.3332,0.2658,2,ok
0,1515,168.420000,-3.512027,1.161643,-2.512361,0.011778,0.064112,16.490837,0.218169,0.592132,0.592132,0.000000,1.000000,1.000000,0.000000,,0,0,0,1,1,0,0.012101,-0.048598,0.7500,1.2263,0.2690,2,ok
0,1516,168.520000,-3.529672,1.148707,-2.491086,0.013078,0.034319,16.513371,0.218992,0.277892,0.442132,0.164240,1.000000,1.000000,0.000000,C-06,0,0,0,1,1,0,0.012414,-0.184400,0.7917,1.2440,0.2637,2,ok
0,1517,168.640000,-3.550542,1.132654,-2.473999,0.014140,0.051405,16.539678,0.219524,0.302311,0.302311,0.000000,1.000000,1.000000,0.000000,,0,0,0,1,1,0,0.016058,0.156384,0.7292,1.1772,0.2669,2,ok
0,1518,168.740000,-3.567764,1.119002,-2.466471,0.015347,0.058933,16.561622,0.219811,-0.345440,0.152311,0.497751,1.000000,1.000000,0.000000,C-06,0,0,0,1,1,0,0.013309,-0.089071,0.7500,1.2535,0.2681,2,ok
0,1519,168.860000,-3.586818,1.103624,-2.456016,0.015749,0.013765,16.586943,0.202754,0.194628,0.194628,0.000000,0.922314,0.922314,0.000000,,0,0,0,1,1,0,0.012047,0.229923,0.6875,1.2418,0.2807,2,ok
0,1520,168.980000,-3.606887,1.087015,-2.443210,0.016317,0.026572,16.612987,0.219946,0.238347,0.238347,0.000000,1.000000,1.000000,0.000000,,0,0,0,1,1,0,0.014809,-0.223739,0.7708,1.1526,0.2611,2,ok
0,1521,169.080000,-3.623634,1.072734,-2.426236,0.016345,-0.012415,16.635948,0.220284,0.495644,0.388347,-0.107297,1.000000,1.000000,0.000000,C-06,0,0,0,1,1,0,0.012503,-0.096946,0.8125,1.1806,0.2698,2,ok
0,1522,169.200000,-3.642676,1.055855,-2.398314,0.016295,0.015507,16.661393,0.211849,0.514630,0.514630,0.000000,0.957294,0.957294,0.000000,,0,0,0,1,1,0,0.009964,-0.268932,0.7917,1.2122,0.2663,2,ok
0,1523,169.300000,-3.658125,1.041414,-2.372343,0.016590,-0.014779,16.683507,0.211091,0.553461,0.553461,0.000000,0.956877,0.956877,0.000000,,0,0,0,1,1,0,0.011979,-0.259664,0.7708,1.1288,0.2619,2,ok
0,1524,169.420000,-3.676683,1.022882,-2.340269,0.016571,0.017295,16.709733,0.219526,0.555415,0.555415,0.000000,1.000000,1.000000,0.000000,,0,0,0,1,1,0,0.011099,-0.271741,0.7500,1.1546,0.2640,2,ok
0,1525,169.520000,-3.691833,1.007009,-2.320721,0.017083,0.036843,16.731669,0.219160,0.199800,0.405415,0.205615,1.000000,1.000000,0.000000,C-06,0,0,0,1,1,0,0.018164,-0.177042,0.7292,0.9564,0.2647,2,ok
0,1526,169.640000,-3.709074,0.988238,-2.305945,0.016963,-0.004463,16.758117,0.211494,0.103009,0.255415,0.152406,0.963708,0.963708,0.000000,C-06,0,0,0,1,1,0,0.015652,-0.211279,0.7708,1.0157,0.2589,2,ok
0,1527,169.740000,-3.722950,0.972670,-2.287883,0.016993,0.013598,16.778972,0.208269,0.443961,0.405415,-0.038546,0.948451,0.948451,0.000000,C-06,0,0,0,1,1,0,0.013657,-0.182430,0.7500,1.0364,0.2631,2,ok
0,1528,169.860000,-3.739633,0.953097,-2.263755,0.016930,-0.017505,16.805636,0.215317,0.450241,0.450241,0.000000,0.977900,0.977900,0.000000,,0,0,0,1,1,0,0.012649,0.068469,0.6667,1.0033,0.2726,2,ok
0,1529,169.980000,-3.755953,0.933156,-2.246938,0.016629,-0.000688,16.831403,0.214783,0.285221,0.300241,0.015021,0.974712,0.974712,0.000000,C-06,0,0,0,1,1,0,0.010820,-0.082520,0.7500,1.0280,0.2719,2,ok
0,1530,170.080000,-3.768600,0.917266,-2.233715,0.016669,0.012535,16.849755,0.202005,0.287128,0.287128,0.000000,0.915969,0.915969,0.000000,,0,0,0,1,1,0,0.010211,-0.243355,0.8542,1.0005,0.2712,2,ok
0,1531,170.200000,-3.783177,0.898428,-2.216075,0.015642,-0.023651,16.876399,0.198332,0.319523,0.319523,0.000000,0.897987,0.897987,0.000000,,0,0,0,1,1,0,0.009730,-0.230701,0.8125,0.9887,0.2691,2,ok
0,1532,170.300000,-3.794808,0.882877,-2.194449,0.015228,-0.002025,16.895814,0.194349,0.469298,0.469298,0.000000,0.876484,0.876484,0.000000,,0,0,0,1,1,0,0.007551,-0.227373,0.7917,0.9979,0.2708,2,ok
0,1533,170.420000,-3.808891,0.862209,-2.159492,0.014999,-0.019099,16.921642,0.214493,0.816172,0.619298,-0.196874,0.982197,0.976484,-0.005714,C-06,0,0,0,1,1,0,0.009028,-0.268665,0.7708,0.9267,0.2663,2,ok
0,1534,170.520000,-3.820783,0.843822,-2.136015,0.014853,0.004377,16.943538,0.220413,0.246974,0.469298,0.222324,0.999762,0.999762,0.000000,C-06,0,0,0,1,1,0,0.008979,-0.230467,0.7500,0.9050,0.2696,2,ok
0,1535,170.640000,-3.833813,0.823450,-2.116534,0.014547,-0.026786,16.968472,0.200441,0.035582,0.319298,0.283716,0.902761,0.902761,0.000000,C-06,0,0,0,1,1,0,0.012938,-0.235508,0.7292,0.7874,0.2615,2,ok
0,1536,170.740000,-3.844751,0.805080,-2.107518,0.014103,-0.017770,16.989846,0.219414,0.073918,0.169298,0.095380,1.000000,1.000000,0.000000,C-06,0,0,0,1,1,0,0.009709,-0.202156,0.7083,0.8437,0.2621,2,ok
0,1537,170.860000,-3.858144,0.782292,-2.091971,0.013705,-0.002223,17.016276,0.220974,0.262821,0.262821,0.000000,1.000000,1.000000,0.000000,,0,0,0,1,1,0,0.005383,-0.069716,0.7500,0.9319,0.2751,2,ok
0,1538,170.980000,-3.871435,0.759242,-2.067264,0.012386,-0.025521,17.043492,0.222774,0.550593,0.412821,-0.137773,1.000000,1.000000,0.000000,C-06,0,0,0,1,1,0,0.001263,0.028772,0.7083,0.9282,0.2849,2,ok
0,1539,171.080000,-3.882146,0.740245,-2.038743,0.011424,0.003000,17.065279,0.218095,0.608016,0.562821,-0.045195,0.972036,0.972036,0.000000,C-06,0,0,0,1,1,0,0.001263,0.028772,0.7083,0.9282,0.2849,2,ok
0,1540,171.200000,-3.894732,0.716525,-1.998976,0.010072,-0.003017,17.092634,0.225138,0.627407,0.627407,0.000000,1.000000,1.000000,0.000000,,0,0,0,1,1,0,0.004261,-0.040106,0.7917,0.8326,0.2789,2,ok
0,1541,171.300000,-3.904564,0.696390,-1.972257,0.009327,0.023702,17.115028,0.224003,-0.002336,0.477407,0.479743,1.000000,1.000000,0.000000,C-06,0,0,0,1,1,0,0.006104,-0.026614,0.7708,0.7973,0.2728,2,ok
0,1542,171.420000,-3.915464,0.671975,-1.949949,0.008886,0.003048,17.142133,0.222756,-0.826212,0.327407,1.153619,1.000000,1.000000,0.000000,C-06,0,0,0,1,1,0,0.005254,-0.095902,0.7708,0.8296,0.2672,2,ok
0,1543,171.520000,-3.923917,0.651492,-1.939370,0.008652,0.013627,17.164290,0.221475,-1.000000,0.177407,1.177407,1.000000,1.000000,0.000000,C-06,0,0,0,1,1,0,0.019998,-0.113939,0.7292,0.3674,0.2415,2,ok
0,1544,171.640000,-3.933491,0.626851,-1.936936,0.008690,-0.024959,17.191097,0.220224,-1.000000,0.027407,1.027407,1.000000,1.000000,0.000000,C-06,0,0,0,1,1,0,0.005668,-0.136581,0.7292,0.8095,0.2692,2,ok
0,1545,171.740000,-3.941370,0.606277,-1.927742,0.008090,-0.015766,17.213120,0.220620,0.596920,0.177407,-0.419513,1.000000,1.000000,0.000000,C-06,0,0,0,1,1,0,0.005453,-0.153591,0.7292,0.7790,0.2677,2,ok
0,1546,171.860000,-3.949883,0.583677,-1.906853,0.007565,0.005123,17.237264,0.199644,0.729169,0.327407,-0.401762,0.819259,0.900000,0.080741,C-06,0,0,0,1,1,0,0.004679,-0.155556,0.7500,0.7670,0.2671,2,ok
0,1547,171.980000,-3.958304,0.560207,-1.874716,0.006596,-0.000545,17.262458,0.209910,0.716233,0.477407,-0.238826,0.942913,0.942913,0.000000,C-06,0,0,0,1,1,0,0.000978,-0.027180,0.7083,0.8237,0.2723,2,ok
0,1548,172.080000,-3.965304,0.539308,-1.838416,0.006117,0.035755,17.284494,0.223294,0.640824,0.627407,-0.013417,1.000000,1.000000,0.000000,C-06,0,0,0,1,1,0,0.004799,-0.055673,0.7500,0.7486,0.2693,2,ok
0,1549,172.200000,-3.973503,0.513729,-1.803138,0.005260,0.035217,17.311562,0.223846,-1.000000,0.477407,1.477407,1.000000,1.000000,0.000000,C-06,0,0,0,1,1,0,0.007978,-0.105134,0.8333,0.7079,0.2663,2,ok
0,1550,172.300000,-3.979413,0.492267,-1.782159,0.005159,0.056196,17.333822,0.222434,-0.674624,0.327407,1.002032,1.000000,1.000000,0.000000,C-06,0,0,0,1,1,0,0.011288,-0.081481,0.7917,0.6550,0.2655,2,ok
0,1551,172.420000,-3.985496,0.466415,-1.768094,0.005674,0.036813,17.360554,0.221213,-0.657255,0.177407,0.834662,1.000000,1.000000,0.000000,C-06,0,0,0,1,1,0,0.013525,-0.089448,0.7292,0.6127,0.2613,2,ok
0,1552,172.520000,-3.989901,0.444835,-1.765728,0.006347,0.039179,17.382569,0.220176,-0.277516,0.027407,0.304923,1.000000,1.000000,0.000000,C-06,0,0,0,1,1,0,0.010757,-0.056796,0.7708,0.6998,0.2684,2,ok
0,1553,172.640000,-3.995098,0.418906,-1.753326,0.007068,0.018478,17.409214,0.220611,0.296461,0.177407,-0.119054,1.000000,1.000000,0.000000,C-06,0,0,0,1,1,0,0.013356,-0.103239,0.7708,0.6046,0.2636,2,ok
0,1554,172.740000,-3.999428,0.397245,-1.738986,0.007167,0.032818,17.431304,0.221146,0.231275,0.231275,0.000000,1.000000,1.000000,0.000000,,0,0,0,1,1,0,0.014886,-0.117830,0.7292,0.5419,0.2621,2,ok
0,1555,172.860000,-4.004623,0.371160,-1.710579,0.007304,0.061225,17.457006,0.222074,0.606478,0.381275,-0.225203,1.000000,1.000000,0.000000,C-06,0,0,0,1,1,0,0.014576,-0.121077,0.6875,0.5451,0.2652,2,ok
0,1556,172.980000,-4.009624,0.344966,-1.679453,0.006810,0.058617,17.484786,0.222129,0.398960,0.398960,0.000000,1.000000,1.000000,0.000000,,0,0,0,1,1,0,0.009558,-0.032874,0.7292,0.6706,0.2734,2,ok
0,1557,173.080000,-4.012805,0.323075,-1.662094,0.007405,0.075977,17.506899,0.221079,-0.145282,0.248960,0.394242,1.000000,1.000000,0.000000,C-06,0,0,0,1,1,0,0.013047,-0.003684,0.7500,0.5937,0.2693,2,ok
0,1558,173.200000,-4.015589,0.296774,-1.653443,0.008352,0.050767,17.533598,0.220350,-0.080450,0.098960,0.179410,1.000000,1.000000,0.000000,C-06,0,0,0,1,1,0,0.018141,-0.047604,0.7500,0.4998,0.2702,2,ok
0,1559,173.300000,-4.017449,0.274851,-1.655908,0.009480,0.048302,17.555571,0.219967,-0.217567,-0.051040,0.166527,1.000000,1.000000,0.000000,C-06,0,0,0,1,1,0,0.016792,-0.050307,0.7708,0.5157,0.2635,2,ok
0,1560,173.420000,-4.019696,0.248540,-1.648867,0.010149,0.020563,17.582369,0.220125,0.119725,0.098960,-0.020766,1.000000,1.000000,0.000000,C-06,0,0,0,1,1,0,0.013453,-0.048423,0.7917,0.6002,0.2688,2,ok
0,1561,173.520000,-4.021414,0.226607,-1.650460,0.010530,0.018970,17.604365,0.219967,-0.033288,-0.033288,0.000000,1.000000,1.000000,0.000000,,0,0,0,1,1,0,0.013928,-0.067628,0.7500,0.5348,0.2606,2,ok
0,1562,173.640000,-4.023516,0.200284,-1.642000,0.010592,-0.006819,17.631123,0.220136,0.303454,0.116712,-0.186741,1.000000,1.000000,0.000000,C-06,0,0,0,1,1,0,0.013944,-0.125854,0.7083,0.5036,0.2651,2,ok
0,1563,173.740000,-4.025270,0.178328,-1.624815,0.010216,0.010366,17.653145,0.220367,0.610944,0.266712,-0.344232,1.000000,1.000000,0.000000,C-06,0,0,0,1,1,0,0.011472,-0.104510,0.7083,0.5654,0.2662,2,ok
0,1564,173.860000,-4.027376,0.151948,-1.591233,0.009581,0.011498,17.679941,0.220645,0.668812,0.416712,-0.252100,1.000000,1.000000,0.000000,C-06,0,0,0,1,1,0,0.012434,-0.095110,0.7292,0.5057,0.2617,2,ok
0,1565,173.980000,-4.028966,0.125550,-1.568047,0.008727,0.034685,17.706374,0.220271,0.029537,0.266712,0.237175,1.000000,1.000000,0.000000,C-06,0,0,0,1,1,0,0.014618,-0.048854,0.7083,0.5007,0.2612,2,ok
0,1566,174.080000,-4.029338,0.103550,-1.559058,0.008968,0.043673,17.728275,0.219999,-0.247190,0.116712,0.363902,1.000000,1.000000,0.000000,C-06,0,0,0,1,1,0,0.014897,-0.072807,0.7292,0.4855,0.2690,2,ok
0,1567,174.200000,-4.029050,0.077152,-1.561101,0.009250,0.012039,17.755023,0.220006,-0.048844,-0.033288,0.015556,1.000000,1.000000,0.000000,C-06,0,0,0,1,1,0,0.011226,-0.002734,0.8125,0.5940,0.2690,2,ok
0,1568,174.300000,-4.028831,0.055235,-1.553956,0.009469,0.019184,17.776941,0.219056,0.265975,0.116712,-0.149263,0.995796,0.995796,0.000000,C-06,0,0,0,1,1,0,0.014684,-0.085666,0.7708,0.4727,0.2641,2,ok
0,1569,174.420000,-4.028384,0.028848,-1.554902,0.009343,-0.010136,17.803581,0.220006,-0.021873,-0.021873,0.000000,1.000000,1.000000,0.000000,,0,0,0,1,1,0,0.008349,-0.041189,0.7917,0.6216,0.2677,2,ok
0,1570,174.520000,-4.028010,0.006852,-1.547003,0.009138,-0.002237,17.825579,0.219972,0.482285,0.128127,-0.354158,1.000000,1.000000,0.000000,C-06,0,0,0,1,1,0,0.008794,-0.061347,0.7083,0.5762,0.2668,2,ok
0,1571,174.640000,-4.027563,-0.019532,-1.524867,0.008442,-0.006175,17.852192,0.219810,0.490359,0.278127,-0.212232,1.000000,1.000000,0.000000,C-06,0,0,0,1,1,0,0.007395,-0.079400,0.7500,0.5742,0.2625,2,ok
0,1572,174.740000,-4.027190,-0.041498,-1.505749,0.007662,0.012943,17.874147,0.219581,0.280507,0.280507,0.000000,1.000000,1.000000,0.000000,,0,0,0,1,1,0,0.008615,-0.103874,0.6875,0.5462,0.2652,2,ok
0,1573,174.860000,-4.026655,-0.067815,-1.477454,0.006487,0.016366,17.900634,0.219168,0.356822,0.356822,0.000000,1.000000,1.000000,0.000000,,0,0,0,1,1,0,0.010399,-0.025406,0.6250,0.5235,0.2682,2,ok
0,1574,174.980000,-4.024940,-0.094076,-1.460287,0.006117,0.033534,17.926949,0.219289,-0.183093,0.206822,0.389915,1.000000,1.000000,0.000000,C-06,0,0,0,1,1,0,0.004564,0.018309,0.7083,0.6899,0.2706,2,ok
0,1575,175.080000,-4.022710,-0.115936,-1.455852,0.006432,0.012987,17.949068,0.219769,-0.193579,0.056822,0.250401,1.000000,1.000000,0.000000,C-06,0,0,0,1,1,0,0.007313,0.009402,0.7708,0.6402,0.2627,2,ok
0,1576,175.200000,-4.019692,-0.142167,-1.459799,0.006751,0.009041,17.975471,0.220095,-0.056265,-0.056265,0.000000,1.000000,1.000000,0.000000,,0,0,0,1,1,0,0.008946,-0.025186,0.7708,0.6025,0.2663,2,ok
0,1577,175.300000,-4.017254,-0.164026,-1.454235,0.006864,-0.009854,17.997615,0.219866,0.201022,0.093735,-0.107287,1.000000,1.000000,0.000000,C-06,0,0,0,1,1,0,0.004674,-0.016396,0.7708,0.7210,0.2696,2,ok
0,1578,175.420000,-4.014335,-0.190218,-1.435961,0.006512,0.008420,18.023967,0.219382,0.390870,0.243735,-0.147135,1.000000,1.000000,0.000000,C-06,0,0,0,1,1,0,0.009200,-0.093543,0.7292,0.5799,0.2648,2,ok
0,1579,175.520000,-4.011902,-0.211991,-1.417690,0.006226,0.026691,18.045873,0.218817,0.286516,0.286516,0.000000,1.000000,1.000000,0.000000,,0,0,0,1,1,0,0.008505,-0.075027,0.7083,0.6263,0.2664,2,ok
0,1580,175.640000,-4.008326,-0.238058,-1.406547,0.005870,0.014200,18.072349,0.219281,-0.118702,0.136516,0.255218,1.000000,1.000000,0.000000,C-06,0,0,0,1,1,0,0.008300,-0.008130,0.7083,0.6624,0.2713,2,ok
0,1581,175.740000,-4.005186,-0.259731,-1.389091,0.005710,0.031656,18.094248,0.218685,0.292615,0.286516,-0.006100,1.000000,1.000000,0.000000,C-06,0,0,0,1,1,0,0.008094,-0.038981,0.6875,0.6671,0.2686,2,ok
0,1582,175.860000,-4.001404,-0.285618,-1.357235,0.005077,0.038933,18.120535,0.217496,0.499603,0.436516,-0.063087,1.000000,1.000000,0.000000,C-06,0,0,0,1,1,0,0.005976,0.031057,0.6250,0.7201,0.2698,2,ok
0,1583,175.980000,-3.996633,-0.311354,-1.335483,0.005300,0.060685,18.146708,0.218129,-0.133104,0.286516,0.419620,1.000000,1.000000,0.000000,C-06,0,0,0,1,1,0,0.009630,0.013039,0.7083,0.7112,0.2693,2,ok
0,1584,176.080000,-3.991850,-0.332723,-1.326542,0.005947,0.044680,18.168722,0.219045,-0.139123,0.136516,0.275639,1.000000,1.000000,0.000000,C-06,0,0,0,1,1,0,0.010598,0.059391,0.7500,0.7237,0.2686,2,ok
0,1585,176.200000,-3.985503,-0.358338,-1.326877,0.007148,0.044345,18.195085,0.219996,-0.261242,-0.013484,0.247758,1.000000,1.000000,0.000000,C-06,0,0,0,1,1,0,0.010469,0.070867,0.7500,0.7485,0.2693,2,ok
0,1586,176.300000,-3.980191,-0.379699,-1.331715,0.007865,0.014245,18.217296,0.220231,-0.087055,-0.087055,0.000000,1.000000,1.000000,0.000000,,0,0,0,1,1,0,0.008948,0.010921,0.7292,0.8264,0.2659,2,ok
0,1587,176.420000,-3.973816,-0.405366,-1.337580,0.008342,0.008379,18.243739,0.220525,-0.079960,-0.079960,0.000000,1.000000,1.000000,0.000000,,0,0,0,1,1,0,0.008937,-0.028286,0.7083,0.8350,0.2722,2,ok
0,1588,176.520000,-3.968719,-0.426763,-1.334001,0.008380,-0.014261,18.265934,0.219824,0.463793,0.070040,-0.393753,1.000000,1.000000,0.000000,C-06,0,0,0,1,1,0,0.006989,-0.050513,0.7500,0.8670,0.2641,2,ok
0,1589,176.640000,-3.962623,-0.452382,-1.318938,0.007973,0.000802,18.292265,0.219071,1.000000,0.220040,-0.779960,1.000000,1.000000,0.000000,C-06,0,0,0,1,1,0,0.006502,-0.060678,0.7083,0.8790,0.2643,2,ok
0,1590,176.740000,-3.957543,-0.473631,-1.297711,0.007658,0.022029,18.312750,0.217923,0.639540,0.370040,-0.269500,1.000000,1.000000,0.000000,C-06,0,0,0,1,1,0,0.010320,-0.013870,0.6875,0.8021,0.2636,2,ok
0,1591,176.860000,-3.951387,-0.496657,-1.281736,0.007228,0.009851,18.338160,0.196647,-0.220294,0.220040,0.440334,0.815379,0.900000,0.084621,C-06,0,0,0,1,1,0,0.011563,0.062209,0.6250,0.7793,0.2589,2,ok
0,1592,176.980000,-3.944764,-0.519514,-1.276350,0.007335,0.015238,18.361957,0.198400,-0.111198,0.070040,0.181238,0.904288,0.904288,0.000000,C-06,0,0,0,1,1,0,0.010886,-0.077011,0.7292,0.8074,0.2599,2,ok
0,1593,177.080000,-3.938569,-0.540013,-1.275657,0.007193,-0.012613,18.383579,0.219947,0.006762,0.006762,0.000000,1.000000,1.000000,0.000000,,0,0,0,1,1,0,0.010886,-0.077011,0.7292,0.8074,0.2599,2,ok
0,1594,177.200000,-3.930890,-0.565233,-1.265227,0.006920,-0.002183,18.409941,0.219383,0.854846,0.156762,-0.698084,1.000000,1.000000,0.000000,C-06,0,0,0,1,1,0,0.009975,-0.190931,0.7708,0.7819,0.2601,2,ok
0,1595,177.300000,-3.924870,-0.584391,-1.249356,0.006571,-0.017329,18.430240,0.197195,0.898381,0.306762,-0.591619,0.891258,0.900000,0.008742,C-06,0,0,0,1,1,0,0.011602,-0.099768,0.7500,0.7025,0.2636,2,ok
0,1596,177.420000,-3.917473,-0.608716,-1.218954,0.005479,0.013074,18.455642,0.216519,1.000000,0.456762,-0.543238,1.000000,1.000000,0.000000,C-06,0,0,0,1,1,0,0.009981,-0.104154,0.7083,0.7142,0.2637,2,ok
0,1597,177.520000,-3.910791,-0.629242,-1.185715,0.004879,0.012330,18.477369,0.215428,1.000000,0.606762,-0.393238,1.000000,1.000000,0.000000,C-06,0,0,0,1,1,0,0.010452,-0.141159,0.7292,0.7006,0.2622,2,ok
0,1598,177.640000,-3.901651,-0.653551,-1.155027,0.004660,0.043018,18.503339,0.216536,-0.811388,0.456762,1.268150,1.000000,1.000000,0.000000,C-06,0,0,0,1,1,0,0.011028,-0.098068,0.6875,0.6960,0.2634,2,ok
0,1599,177.740000,-3.893198,-0.673597,-1.137767,0.005333,0.060278,18.525083,0.217679,-1.000000,0.306762,1.306762,1.000000,1.000000,0.000000,C-06,0,0,0,1,1,0,0.013628,-0.088320,0.7083,0.6462,0.2618,2,ok
0,1600,177.860000,-3.882349,-0.697498,-1.127122,0.006013,0.034531,18.551520,0.218817,-0.818667,0.156762,0.975429,1.000000,1.000000,0.000000,C-06,0,0,0,1,1,0,0.012307,-0.004605,0.6667,0.6742,0.2657,2,ok
0,1601,177.980000,-3.871904,-0.719458,-1.126120,0.006980,0.035534,18.575818,0.201513,-0.266153,0.006762,0.272914,0.915865,0.915865,0.000000,C-06,0,0,0,1,1,0,0.013274,-0.103930,0.7083,0.6327,0.2633,2,ok
0,1602,178.080000,-3.862804,-0.738866,-1.118484,0.007091,0.003833,18.597561,0.218833,0.370538,0.156762,-0.213776,1.000000,1.000000,0.000000,C-06,0,0,0,1,1,0,0.012706,-0.176388,0.7708,0.6176,0.2654,2,ok
0,1603,178.200000,-3.851445,-0.762504,-1.099554,0.007104,0.022763,18.623787,0.217819,0.867526,0.306762,-0.560764,1.000000,1.000000,0.000000,C-06,0,0,0,1,1,0,0.011777,-0.183683,0.7708,0.6238,0.2677,2,ok
0,1604,178.300000,-3.841793,-0.781994,-1.076574,0.007072,0.004500,18.645826,0.216937,1.000000,0.456762,-0.543238,1.000000,1.000000,0.000000,C-06,0,0,0,1,1,0,0.012354,-0.216973,0.7292,0.5783,0.2648,2,ok
0,1605,178.420000,-3.829723,-0.805008,-1.040185,0.006948,0.040890,18.671813,0.216383,0.806962,0.606762,-0.200200,1.000000,1.000000,0.000000,C-06,0,0,0,1,1,0,0.010950,-0.146159,0.7500,0.6005,0.2703,2,ok
0,1606,178.520000,-3.818891,-0.823848,-1.016696,0.007685,0.064378,18.693532,0.217523,-0.257122,0.456762,0.713884,1.000000,1.000000,0.000000,C-06,0,0,0,1,1,0,0.021570,-0.188583,0.6875,0.2660,0.2483,2,ok
0,1607,178.640000,-3.805158,-0.846163,-0.997916,0.008125,0.041785,18.720092,0.218490,-0.442737,0.306762,0.749499,1.000000,1.000000,0.000000,C-06,0,0,0,1,1,0,0.013264,-0.092395,0.6875,0.5741,0.2699,2,ok
0,1608,178.740000,-3.793303,-0.864598,-0.989655,0.008929,0.050046,18.741996,0.219266,-0.768729,0.156762,0.925491,1.000000,1.000000,0.000000,C-06,0,0,0,1,1,0,0.012147,0.005770,0.6875,0.6149,0.2697,2,ok
0,1609,178.860000,-3.778824,-0.886641,-0.986802,0.009380,0.013909,18.768725,0.219807,0.042078,0.042078,0.000000,1.000000,1.000000,0.000000,,0,0,0,1,1,0,0.009017,-0.008240,0.6250,0.6863,0.2714,2,ok
0,1610,178.980000,-3.764262,-0.908592,-0.976161,0.009681,0.024550,18.795066,0.219182,0.217381,0.192078,-0.025302,1.000000,1.000000,0.000000,C-06,0,0,0,1,1,0,0.011002,-0.086720,0.7083,0.6315,0.2674,2,ok
0,1611,179.080000,-3.751932,-0.926721,-0.960280,0.009690,0.002937,18.817349,0.218721,0.424397,0.342078,-0.082318,1.000000,1.000000,0.000000,C-06,0,0,0,1,1,0,0.010983,-0.074215,0.7500,0.6225,0.2676,2,ok
0,1612,179.200000,-3.736827,-0.948211,-0.941663,0.009733,0.021554,18.843616,0.218996,0.326011,0.326011,0.000000,1.000000,1.000000,0.000000,,0,0,0,1,1,0,0.010873,-0.067691,0.7500,0.6448,0.2657,2,ok
0,1613,179.300000,-3.723893,-0.965940,-0.932953,0.009911,-0.004572,18.865873,0.219517,0.001430,0.176011,0.174581,1.000000,1.000000,0.000000,C-06,0,0,0,1,1,0,0.012946,-0.089864,0.7500,0.5950,0.2637,2,ok
0,1614,179.420000,-3.708166,-0.987117,-0.929229,0.009815,-0.000848,18.892251,0.219843,0.060450,0.060450,0.000000,1.000000,1.000000,0.000000,,0,0,0,1,1,0,0.013211,-0.154645,0.7292,0.6036,0.2628,2,ok
0,1615,179.520000,-3.695962,-1.003394,-0.920083,0.009835,0.008299,18.911988,0.201578,0.931427,0.210450,-0.720977,0.918418,0.918418,0.000000,C-06,0,0,0,1,1,0,0.012792,-0.135752,0.6875,0.5570,0.2654,2,ok
0,1616,179.640000,-3.681145,-1.022616,-0.900711,0.009358,-0.004530,18.937184,0.202310,0.963571,0.360450,-0.603121,0.922013,0.922013,0.000000,C-06,0,0,0,1,1,0,0.010991,-0.151068,0.6875,0.5831,0.2643,2,ok
0,1617,179.740000,-3.668742,-1.037997,-0.878057,0.009423,0.018123,18.956943,0.197296,0.521109,0.510450,-0.010659,0.897991,0.897991,0.000000,C-06,0,0,0,1,1,0,0.011634,-0.055961,0.6875,0.5806,0.2657,2,ok
0,1618,179.860000,-3.654123,-1.055267,-0.858113,0.009576,0.006877,18.979892,0.188096,-0.154627,0.360450,0.515077,0.854050,0.854050,0.000000,C-06,0,0,0,1,1,0,0.012481,-0.030464,0.6667,0.5681,0.2671,2,ok
0,1619,179.980000,-3.639103,-1.072352,-0.840103,0.009852,0.024887,19.002638,0.198397,-0.725642,0.210450,0.936092,1.000000,0.954050,-0.045950,C-06,0,0,0,1,1,0,0.016203,-0.065780,0.6875,0.5122,0.2659,2,ok
0,1620,180.080000,-3.624608,-1.088456,-0.836763,0.010247,-0.002484,19.024570,0.220073,-0.604478,0.060450,0.664928,1.000000,1.000000,0.000000,C-06,0,0,0,1,1,0,0.015933,-0.101543,0.7708,0.5507,0.2635,2,ok
0,1621,180.200000,-3.606922,-1.108055,-0.836833,0.010216,-0.002554,19.050970,0.219990,-0.005679,-0.005679,0.000000,1.000000,1.000000,0.000000,,0,0,0,1,1,0,0.015607,-0.086416,0.7500,0.5379,0.2694,2,ok
0,1622,180.300000,-3.592141,-1.124380,-0.830783,0.010226,0.003496,19.072991,0.220328,0.416129,0.144321,-0.271808,1.000000,1.000000,0.000000,C-06,0,0,0,1,1,0,0.012876,-0.141897,0.7292,0.5753,0.2644,2,ok
0,1623,180.420000,-3.574192,-1.143819,-0.814831,0.009671,-0.010753,19.099767,0.220534,0.309213,0.294321,-0.014892,1.000000,1.000000,0.000000,C-06,0,0,0,1,1,0,0.010003,-0.043012,0.7292,0.6139,0.2700,2,ok
0,1624,180.520000,-3.560059,-1.158587,-0.794258,0.009598,0.009819,19.120209,0.202736,0.772995,0.444321,-0.328674,0.920335,0.920335,0.000000,C-06,0,0,0,1,1,0,0.019937,-0.177930,0.6667,0.2707,0.2478,2,ok
0,1625,180.640000,-3.543787,-1.174676,-0.760668,0.009686,0.014646,19.143372,0.189202,0.875404,0.594321,-0.281083,0.863735,0.863735,0.000000,C-06,0,0,0,1,1,0,0.009684,-0.118075,0.7500,0.6476,0.2702,2,ok
0,1626,180.740000,-3.528835,-1.188713,-0.739339,0.010115,0.035974,19.163876,0.210991,-0.218168,0.444321,0.662489,1.000000,0.963735,-0.036265,C-06,0,0,0,1,1,0,0.012102,-0.104853,0.7083,0.6364,0.2694,2,ok
0,1627,180.860000,-3.509345,-1.206258,-0.722602,0.010929,0.023653,19.190413,0.219621,-0.376354,0.294321,0.670675,1.000000,1.000000,0.000000,C-06,0,0,0,1,1,0,0.013601,-0.081018,0.7083,0.6246,0.2671,2,ok
0,1628,180.980000,-3.489488,-1.223630,-0.714251,0.011607,0.032004,19.216788,0.219893,-0.115467,0.144321,0.259788,1.000000,1.000000,0.000000,C-06,0,0,0,1,1,0,0.016925,-0.059370,0.7500,0.6093,0.2645,2,ok
0,1629,181.080000,-3.472863,-1.238038,-0.714168,0.012155,0.003304,19.239102,0.220003,-0.071171,-0.005679,0.065492,1.000000,1.000000,0.000000,C-06,0,0,0,1,1,0,0.017992,-0.060228,0.7292,0.5925,0.2645,2,ok
0,1630,181.200000,-3.452864,-1.255262,-0.706840,0.012339,0.010632,19.265494,0.219960,0.224551,0.144321,-0.080230,1.000000,1.000000,0.000000,C-06,0,0,0,1,1,0,0.017174,-0.109744,0.7917,0.6020,0.2646,2,ok
0,1631,181.300000,-3.436878,-1.268764,-0.695206,0.012686,0.022266,19.286417,0.208402,0.269235,0.269235,0.000000,0.946898,0.946898,0.000000,,0,0,0,1,1,0,0.017174,-0.109744,0.7917,0.6020,0.2646,2,ok
0,1632,181.420000,-3.416700,-1.285441,-0.685917,0.012710,0.002374,19.312947,0.220121,0.163645,0.163645,0.000000,1.000000,1.000000,0.000000,,0,0,0,1,1,0,0.017046,-0.123990,0.7292,0.5815,0.2617,2,ok
0,1633,181.520000,-3.399584,-1.299310,-0.672133,0.012912,0.016157,19.334976,0.220415,0.329679,0.313645,-0.016034,1.000000,1.000000,0.000000,C-06,0,0,0,1,1,0,0.015027,-0.069557,0.7292,0.6520,0.2662,2,ok
0,1634,181.640000,-3.378843,-1.315697,-0.662290,0.012872,-0.002303,19.361803,0.220298,0.170185,0.170185,0.000000,1.000000,1.000000,0.000000,,0,0,0,1,1,0,0.014882,-0.066921,0.7083,0.6545,0.2678,2,ok
0,1635,181.740000,-3.361403,-1.329191,-0.648039,0.012902,0.011948,19.383854,0.220741,0.429589,0.320185,-0.109404,1.000000,1.000000,0.000000,C-06,0,0,0,1,1,0,0.024219,-0.127611,0.6250,0.3004,0.2478,2,ok
0,1636,181.860000,-3.340160,-1.345069,-0.622530,0.012902,0.008067,19.410777,0.221516,0.461624,0.461624,0.000000,1.000000,1.000000,0.000000,,0,0,0,1,1,0,0.012701,-0.028597,0.6458,0.7057,0.2680,2,ok
0,1637,181.980000,-3.318569,-1.360505,-0.604108,0.013122,0.026489,19.437317,0.221229,0.178152,0.311624,0.133472,1.000000,1.000000,0.000000,C-06,0,0,0,1,1,0,0.014102,-0.039903,0.6875,0.7161,0.2685,2,ok
0,1638,182.080000,-3.300408,-1.373048,-0.595742,0.013380,0.004965,19.459734,0.220683,-0.129415,0.161624,0.291039,1.000000,1.000000,0.000000,C-06,0,0,0,1,1,0,0.016142,-0.082076,0.7500,0.6826,0.2647,2,ok
0,1639,182.200000,-3.278544,-1.387862,-0.594561,0.013577,0.006146,19.486143,0.220049,-0.001488,0.011624,0.013112,1.000000,1.000000,0.000000,C-06,0,0,0,1,1,0,0.015591,-0.084177,0.7292,0.7170,0.2691,2,ok
0,1640,182.300000,-3.260287,-1.400185,-0.588919,0.013590,-0.017330,19.508606,0.220534,0.127258,0.127258,0.000000,1.000000,1.000000,0.000000,,0,0,0,1,1,0,0.014055,0.053789,0.6875,0.7515,0.2743,2,ok
0,1641,182.420000,-3.238235,-1.414846,-0.574565,0.013174,-0.002976,19.535083,0.221248,0.254593,0.254593,0.000000,1.000000,1.000000,0.000000,,0,0,0,1,1,0,0.015019,-0.144834,0.6875,0.7094,0.2650,2,ok
0,1642,182.520000,-3.219708,-1.426898,-0.564696,0.013047,0.006893,19.556305,0.221022,0.196928,0.196928,0.000000,1.000000,1.000000,0.000000,,0,0,0,1,1,0,0.009061,-0.107066,0.6875,0.8735,0.2701,2,ok
0,1643,182.640000,-3.198321,-1.440473,-0.544551,0.012386,-0.003041,19.582903,0.211060,0.687316,0.346928,-0.340387,0.950257,0.950257,0.000000,C-06,0,0,0,1,1,0,0.009422,-0.052709,0.6042,0.8688,0.2750,2,ok
0,1644,182.740000,-3.180592,-1.451443,-0.520062,0.012107,0.021447,19.603750,0.208700,0.507929,0.496928,-0.011001,0.934110,0.934110,0.000000,C-06,0,0,0,1,1,0,0.011400,-0.103959,0.6250,0.8298,0.2669,2,ok
0,1645,182.860000,-3.157958,-1.464276,-0.498207,0.012223,0.012618,19.630091,0.219092,-0.045894,0.346928,0.392822,0.990323,0.990323,0.000000,C-06,0,0,0,1,1,0,0.041510,0.047566,0.5625,0.3937,0.2063,2,ok
0,1646,182.980000,-3.134702,-1.477053,-0.485348,0.012539,0.025476,19.656624,0.221395,-0.389286,0.196928,0.586214,1.000000,1.000000,0.000000,C-06,0,0,0,1,1,0,0.040146,0.039177,0.6042,0.3944,0.2131,2,ok
0,1647,183.080000,-3.115224,-1.487371,-0.482281,0.012591,-0.002163,19.679118,0.220332,-0.371685,0.046928,0.418614,1.000000,1.000000,0.000000,C-06,0,0,0,1,1,0,0.012273,0.036295,0.6458,0.9164,0.2663,2,ok
0,1648,183.200000,-3.091769,-1.499617,-0.470622,0.012521,0.009496,19.705577,0.220975,0.314719,0.196928,-0.117791,1.000000,1.000000,0.000000,C-06,0,0,0,1,1,0,0.020196,-0.051974,0.6875,0.7237,0.2578,2,ok
0,1649,183.300000,-3.072591,-1.509572,-0.456281,0.012234,-0.008414,19.727544,0.215970,0.280540,0.280540,0.000000,0.971974,0.971974,0.000000,,0,0,0,1,1,0,0.019817,-0.108507,0.7708,0.7149,0.2576,2,ok
0,1650,183.420000,-3.048868,-1.521416,-0.438161,0.011876,0.009706,19.754057,0.222224,0.284091,0.284091,0.000000,1.000000,1.000000,0.000000,,0,0,0,1,1,0,0.018829,-0.130526,0.7292,0.7385,0.2604,2,ok
0,1651,183.520000,-3.028846,-1.531143,-0.415497,0.011655,-0.000541,19.776692,0.223407,0.510077,0.434091,-0.075986,1.000000,1.000000,0.000000,C-06,0,0,0,1,1,0,0.020163,-0.205731,0.7500,0.6873,0.2617,2,ok
0,1652,183.640000,-3.004543,-1.542540,-0.386420,0.011091,0.028536,19.803529,0.223754,0.442913,0.442913,0.000000,1.000000,1.000000,0.000000,,0,0,0,1,1,0,0.020838,-0.208750,0.7500,0.6718,0.2641,2,ok
0,1653,183.740000,-2.984094,-1.551328,-0.369420,0.011348,0.045536,19.825780,0.222468,-0.255925,0.292913,0.548838,1.000000,1.000000,0.000000,C-06,0,0,0,1,1,0,0.023299,-0.179287,0.7083,0.6081,0.2638,2,ok
0,1654,183.860000,-2.959424,-1.561146,-0.359200,0.011359,0.022926,19.852768,0.221186,-0.308440,0.142913,0.451353,1.000000,1.000000,0.000000,C-06,0,0,0,1,1,0,0.025203,-0.079957,0.6667,0.5669,0.2613,2,ok
0,1655,183.980000,-2.934881,-1.570389,-0.358999,0.011866,0.023127,19.878989,0.218348,-0.126483,-0.007087,0.119396,0.992385,0.992385,0.000000,C-06,0,0,0,1,1,0,0.022662,-0.194773,0.7292,0.5758,0.2662,2,ok
0,1656,184.080000,-2.914275,-1.578076,-0.351698,0.011731,-0.006454,19.901334,0.220347,0.299171,0.142913,-0.156258,1.000000,1.000000,0.000000,C-06,0,0,0,1,1,0,0.019935,-0.227650,0.7708,0.5755,0.2636,2,ok
0,1657,184.200000,-2.890413,-1.587016,-0.332767,0.011509,0.012477,19.926815,0.212011,0.920399,0.292913,-0.627485,0.955215,0.955215,0.000000,C-06,0,0,0,1,1,0,0.018707,-0.283861,0.7500,0.5625,0.2659,2,ok
0,1658,184.300000,-2.871057,-1.594295,-0.308199,0.010748,-0.003024,19.947883,0.206688,1.000000,0.442913,-0.557087,0.923436,0.923436,0.000000,C-06,0,0,0,1,1,0,0.017819,-0.284757,0.7292,0.5254,0.2624,2,ok
0,1659,184.420000,-2.846099,-1.602946,-0.267061,0.010239,0.038114,19.974294,0.223983,1.000000,0.592913,-0.407087,1.000000,1.000000,0.000000,C-06,0,0,0,1,1,0,0.017819,-0.284757,0.7292,0.5254,0.2624,2,ok
0,1660,184.520000,-2.824801,-1.609780,-0.239660,0.010090,0.024737,0.005031,0.223578,-1.000000,0.442913,1.442913,1.000000,1.000000,0.000000,C-06,0,0,0,1,1,0,0.020913,-0.227041,0.7083,0.3955,0.2609,2,ok
0,1661,184.640000,-2.799086,-1.616885,-0.217407,0.009971,0.046990,0.031709,0.222184,-0.755929,0.292913,1.048843,1.000000,1.000000,0.000000,C-06,0,0,0,1,1,0,0.020913,-0.227041,0.7083,0.3955,0.2609,2,ok
0,1662,184.740000,-2.777580,-1.622017,-0.207826,0.010653,0.056571,0.053053,0.220994,-0.582216,0.142913,0.725130,1.000000,1.000000,0.000000,C-06,0,0,0,1,1,0,0.022090,-0.187135,0.6458,0.3346,0.2620,2,ok
0,1663,184.860000,-2.751747,-1.627487,-0.207883,0.010828,0.013793,0.080723,0.219997,-0.182763,-0.007087,0.175677,1.000000,1.000000,0.000000,C-06,0,0,0,1,1,0,0.021108,-0.134865,0.6458,0.3246,0.2644,2,ok
0,1664,184.980000,-2.725898,-1.632936,-0.201058,0.011075,0.020618,0.107139,0.220285,0.097092,0.097092,0.000000,1.000000,1.000000,0.000000,,0,0,0,1,1,0,0.018341,-0.168273,0.7083,0.3281,0.2629,2,ok
0,1665,185.080000,-2.704313,-1.637477,-0.186572,0.010433,-0.007436,0.129647,0.220866,0.382105,0.247092,-0.135013,1.000000,1.000000,0.000000,C-06,0,0,0,1,1,0,0.017584,-0.209738,0.7500,0.2918,0.2659,2,ok
0,1666,185.200000,-2.678306,-1.642926,-0.157285,0.009611,0.021851,0.156206,0.221931,0.561974,0.397092,-0.164882,1.000000,1.000000,0.000000,C-06,0,0,0,1,1,0,0.015924,-0.228742,0.7292,0.2879,0.2690,2,ok
0,1667,185.300000,-2.658100,-1.646986,-0.137414,0.008620,0.002939,0.177161,0.204405,0.302215,0.302215,0.000000,0.921034,0.921034,0.000000,,0,0,0,1,1,0,0.015542,-0.227824,0.7083,0.2845,0.2705,2,ok
0,1668,185.420000,-2.632337,-1.650980,-0.124747,0.008161,0.015606,0.203227,0.220734,-0.069190,0.152215,0.221405,1.000000,1.000000,0.000000,C-06,0,0,0,1,1,0,0.016835,-0.200084,0.7708,0.2063,0.2657,2,ok
0,1669,185.520000,-2.610506,-1.653751,-0.123820,0.008132,-0.017445,0.225517,0.220010,-0.140537,0.002215,0.142752,1.000000,1.000000,0.000000,C-06,0,0,0,1,1,0,0.014272,-0.176961,0.7083,0.2462,0.2675,2,ok
0,1670,185.640000,-2.584307,-1.657021,-0.122931,0.007539,-0.016556,0.251913,0.220032,0.012016,0.012016,0.000000,1.000000,1.000000,0.000000,,0,0,0,1,1,0,0.013800,-0.186340,0.6667,0.1994,0.2667,2,ok
0,1671,185.740000,-2.562461,-1.659746,-0.113303,0.007046,-0.006928,0.272391,0.220267,0.538971,0.162016,-0.376955,1.000000,1.000000,0.000000,C-06,0,0,0,1,1,0,0.012477,-0.191400,0.6667,0.1764,0.2667,2,ok
0,1672,185.860000,-2.536223,-1.662897,-0.108695,0.005719,-0.032889,0.300532,0.220215,0.050937,0.050937,0.000000,1.000000,1.000000,0.000000,,0,0,0,1,1,0,0.011200,-0.197673,0.6667,0.1521,0.2680,2,ok
0,1673,185.980000,-2.512320,-1.665351,-0.094373,0.004971,-0.018567,0.324549,0.198118,0.449002,0.200937,-0.248064,0.874210,0.900000,0.025790,C-06,0,0,0,1,1,0,0.007725,-0.197418,0.7292,0.1668,0.2672,2,ok
0,1674,186.080000,-2.490937,-1.667327,-0.071511,0.004036,-0.022177,0.346121,0.220298,0.591983,0.350937,-0.241046,1.000000,1.000000,0.000000,C-06,0,0,0,1,1,0,0.005324,-0.164384,0.7500,0.1951,0.2699,2,ok
0,1675,186.200000,-2.464589,-1.669688,-0.054415,0.002921,-0.005081,0.372551,0.220545,0.018544,0.200937,0.182394,1.000000,1.000000,0.000000,C-06,0,0,0,1,1,0,0.007229,-0.159220,0.7500,0.1485,0.2689,2,ok
0,1676,186.300000,-2.442619,-1.671077,-0.050202,0.002184,-0.023898,0.394621,0.220113,0.000232,0.050937,0.050705,1.000000,1.000000,0.000000,C-06,0,0,0,1,1,0,0.007588,-0.146764,0.7500,0.1297,0.2664,2,ok
0,1677,186.420000,-2.416245,-1.672642,-0.038349,0.001220,-0.012044,0.421023,0.220219,0.151514,0.151514,0.000000,1.000000,1.000000,0.000000,,0,0,0,1,1,0,0.008313,-0.169359,0.7708,0.0734,0.2674,2,ok
0,1678,186.520000,-2.394259,-1.673688,-0.033798,0.000456,-0.027518,0.443038,0.220094,0.058333,0.058333,0.000000,1.000000,1.000000,0.000000,,0,0,0,1,1,0,0.006084,-0.152133,0.7083,0.0944,0.2667,2,ok
0,1679,186.640000,-2.367942,-1.674861,-0.017458,-0.000616,-0.011178,0.469359,0.219496,0.300695,0.208333,-0.092362,0.996887,0.996887,0.000000,C-06,0,0,0,1,1,0,0.004616,-0.134054,0.7083,0.1165,0.2658,2,ok
0,1680,186.740000,-2.345951,-1.675837,0.005716,-0.001638,-0.005600,0.491327,0.220214,0.340595,0.340595,0.000000,1.000000,1.000000,0.000000,,0,0,0,1,1,0,0.006043,-0.141028,0.6458,0.0382,0.2656,2,ok
0,1681,186.860000,-2.319554,-1.676437,0.022425,-0.002593,0.011109,0.517714,0.219971,0.166587,0.190595,0.024008,1.000000,1.000000,0.000000,C-06,0,0,0,1,1,0,0.007623,-0.125445,0.6667,-0.0120,0.2648,2,ok
0,1682,186.980000,-2.293162,-1.676027,0.026557,-0.002668,0.000111,0.544068,0.219962,-0.123685,0.040595,0.164280,1.000000,1.000000,0.000000,C-06,0,0,0,1,1,0,0.007050,-0.093654,0.7083,0.0135,0.2701,2,ok
0,1683,187.080000,-2.271170,-1.675467,0.026527,-0.002744,0.000080,0.566067,0.219997,-0.004004,-0.004004,0.000000,1.000000,1.000000,0.000000,,0,0,0,1,1,0,0.006683,-0.089010,0.7500,-0.0030,0.2698,2,ok
0,1684,187.200000,-2.244783,-1.674780,0.037617,-0.002878,-0.001368,0.592429,0.219923,0.149048,0.145996,-0.003052,1.000000,1.000000,0.000000,C-06,0,0,0,1,1,0,0.006082,-0.101527,0.7292,-0.0197,0.2671,2,ok
0,1685,187.300000,-2.222807,-1.674207,0.056983,-0.003201,0.017998,0.614410,0.219731,0.481175,0.295996,-0.185179,1.000000,1.000000,0.000000,C-06,0,0,0,1,1,0,0.004487,-0.095760,0.7292,0.0241,0.2689,2,ok
0,1686,187.420000,-2.196461,-1.673232,0.069610,-0.003300,0.030624,0.639168,0.219678,-0.306250,0.145996,0.452247,1.000000,1.000000,0.000000,C-06,0,0,0,1,1,0,0.006331,-0.079533,0.6875,-0.0288,0.2686,2,ok
0,1687,187.520000,-2.174515,-1.671733,0.070153,-0.002982,0.020441,0.662728,0.220002,-0.561554,-0.004004,0.557550,1.000000,1.000000,0.000000,C-06,0,0,0,1,1,0,0.008155,-0.042371,0.6875,-0.0578,0.2675,2,ok
0,1688,187.640000,-2.148171,-1.669878,0.058539,-0.002523,0.008828,0.689134,0.220159,-0.673211,-0.154004,0.519208,1.000000,1.000000,0.000000,C-06,0,0,0,1,1,0,0.008155,-0.042371,0.6875,-0.0578,0.2675,2,ok
0,1689,187.740000,-2.126198,-1.668332,0.038744,-0.002266,-0.019411,0.711145,0.220368,-0.435571,-0.304004,0.131567,1.000000,1.000000,0.000000,C-06,0,0,0,1,1,0,0.007936,-0.070532,0.6875,-0.1138,0.2680,2,ok
0,1690,187.860000,-2.099811,-1.666732,0.025081,-0.002221,-0.033074,0.737580,0.220255,0.920055,-0.154004,-1.074059,1.000000,1.000000,0.000000,C-06,0,0,0,1,1,0,0.006631,-0.138460,0.7500,-0.1304,0.2716,2,ok
0,1691,187.980000,-2.073419,-1.666029,0.024015,-0.003259,-0.041435,0.763942,0.220004,1.000000,-0.004004,-1.004004,1.000000,1.000000,0.000000,C-06,0,0,0,1,1,0,0.002769,-0.149017,0.7917,-0.1418,0.2701,2,ok
0,1692,188.080000,-2.051428,-1.665485,0.033103,-0.004190,-0.032347,0.785920,0.219951,1.000000,0.145996,-0.854004,1.000000,1.000000,0.000000,C-06,0,0,0,1,1,0,0.002097,-0.151956,0.7708,-0.1685,0.2686,2,ok
0,1693,188.200000,-2.025054,-1.664831,0.056669,-0.005390,-0.013771,0.812256,0.219728,1.000000,0.295996,-0.704004,1.000000,1.000000,0.000000,C-06,0,0,0,1,1,0,0.002142,-0.157830,0.7708,-0.1831,0.2708,2,ok
0,1694,188.300000,-2.003098,-1.664087,0.068173,-0.006209,-0.002267,0.834210,0.219667,0.158225,0.158225,0.000000,1.000000,1.000000,0.000000,,0,0,0,1,1,0,0.003518,-0.142629,0.7708,-0.2319,0.2679,2,ok
0,1695,188.420000,-1.976761,-1.662349,0.069755,-0.006457,-0.004510,0.860565,0.219978,-0.377147,0.008225,0.385373,1.000000,1.000000,0.000000,C-06,0,0,0,1,1,0,0.005710,-0.107158,0.7500,-0.2606,0.2684,2,ok
0,1696,188.520000,-1.954810,-1.660847,0.061905,-0.006653,-0.012360,0.882567,0.220085,-0.129422,-0.129422,0.000000,1.000000,1.000000,0.000000,,0,0,0,1,1,0,0.004549,-0.086048,0.7083,-0.2490,0.2684,2,ok
0,1697,188.640000,-1.928445,-1.659045,0.039999,-0.006900,-0.036510,0.908987,0.220327,-0.281064,-0.279422,0.001642,1.000000,1.000000,0.000000,C-06,0,0,0,1,1,0,0.004828,-0.079265,0.7083,-0.2715,0.2627,2,ok
0,1698,188.740000,-1.906459,-1.657740,0.030192,-0.007309,-0.046316,0.931009,0.220228,0.482260,-0.129422,-0.611682,1.000000,1.000000,0.000000,C-06,0,0,0,1,1,0,0.002909,-0.097333,0.7292,-0.3007,0.2581,2,ok
0,1699,188.860000,-1.880071,-1.656918,0.031162,-0.008543,-0.045633,0.957379,0.219991,1.000000,0.020578,-0.979422,1.000000,1.000000,0.000000,C-06,0,0,0,1,1,0,-0.002197,-0.088121,0.8125,-0.2579,0.2605,2,ok
0,1700,188.980000,-1.853689,-1.656133,0.044350,-0.009816,-0.032446,0.983742,0.219887,1.000000,0.170578,-0.829422,1.000000,1.000000,0.000000,C-06,0,0,0,1,1,0,-0.005549,-0.076354,0.7917,-0.2315,0.2611,2,ok
0,1701,189.080000,-1.831722,-1.655479,0.065501,-0.010880,-0.010428,1.005689,0.219643,0.381028,0.320578,-0.060450,1.000000,1.000000,0.000000,C-06,0,0,0,1,1,0,-0.006229,-0.039048,0.7500,-0.2189,0.2624,2,ok
0,1702,189.200000,-1.805393,-1.654364,0.080037,-0.011827,0.004109,1.032025,0.219574,-0.491375,0.170578,0.661953,1.000000,1.000000,0.000000,C-06,0,0,0,1,1,0,-0.007170,0.002079,0.7708,-0.1591,0.2642,2,ok
0,1703,189.300000,-1.783466,-1.652699,0.082228,-0.011821,0.009283,1.054083,0.219936,-0.487897,0.020578,0.508475,1.000000,1.000000,0.000000,C-06,0,0,0,1,1,0,-0.006625,0.044204,0.7292,-0.1410,0.2643,2,ok
0,1704,189.420000,-1.757146,-1.650556,0.072771,-0.011593,-0.000175,1.080489,0.220139,-0.459081,-0.129422,0.329659,1.000000,1.000000,0.000000,C-06,0,0,0,1,1,0,-0.007476,0.079740,0.7292,-0.0939,0.2642,2,ok
0,1705,189.520000,-1.735192,-1.648767,0.054839,-0.011404,-0.014306,1.102512,0.220384,-0.321282,-0.279422,0.041860,1.000000,1.000000,0.000000,C-06,0,0,0,1,1,0,-0.008617,0.085589,0.6667,-0.0563,0.2690,2,ok
0,1706,189.640000,-1.708821,-1.646657,0.038214,-0.011220,-0.030930,1.128966,0.220456,-0.196295,-0.196295,0.000000,1.000000,1.000000,0.000000,,0,0,0,1,1,0,-0.009048,0.066466,0.7500,-0.0544,0.2680,2,ok
0,1707,189.740000,-1.686835,-1.645630,0.034175,-0.011710,-0.029135,1.151086,0.220073,0.541155,-0.046295,-0.587451,1.000000,1.000000,0.000000,C-06,0,0,0,1,1,0,-0.010059,0.054539,0.7708,-0.0405,0.2674,2,ok
0,1708,189.860000,-1.660454,-1.644703,0.042104,-0.012443,-0.021207,1.177473,0.219942,1.000000,0.103705,-0.896295,1.000000,1.000000,0.000000,C-06,0,0,0,1,1,0,-0.010062,0.042518,0.7708,-0.0315,0.2674,2,ok
0,1709,189.980000,-1.634090,-1.643785,0.061986,-0.013137,0.005349,1.203895,0.219724,0.375829,0.253705,-0.122124,1.000000,1.000000,0.000000,C-06,0,0,0,1,1,0,-0.007640,0.047678,0.7917,-0.0453,0.2674,2,ok
0,1710,190.080000,-1.612138,-1.642755,0.069742,-0.013402,0.013104,1.225869,0.219755,-0.384491,0.103705,0.488196,1.000000,1.000000,0.000000,C-06,0,0,0,1,1,0,-0.004664,0.072028,0.7708,-0.0535,0.2664,2,ok
0,1711,190.200000,-1.585800,-1.640956,0.066839,-0.013045,0.020235,1.252396,0.220036,-0.726780,-0.046295,0.680485,1.000000,1.000000,0.000000,C-06,0,0,0,1,1,0,-0.003136,0.082490,0.7292,-0.0554,0.2662,2,ok
0,1712,190.300000,-1.563842,-1.639431,0.054622,-0.012600,0.008018,1.274403,0.220192,-0.455317,-0.196295,0.259022,1.000000,1.000000,0.000000,C-06,0,0,0,1,1,0,-0.000861,0.089268,0.7292,-0.0509,0.2669,2,ok
0,1713,190.420000,-1.537466,-1.637600,0.028817,-0.011956,-0.007671,1.300956,0.220429,-0.320337,-0.320337,0.000000,1.000000,1.000000,0.000000,,0,0,0,1,1,0,-0.000034,0.077588,0.7083,-0.0530,0.2661,2,ok
0,1714,190.520000,-1.515470,-1.636132,0.010469,-0.011351,-0.026019,1.322992,0.220391,-0.258215,-0.258215,0.000000,1.000000,1.000000,0.000000,,0,0,0,1,1,0,0.001292,0.064621,0.6667,-0.0734,0.2638,2,ok
0,1715,190.640000,-1.489071,-1.635397,0.000438,-0.011463,-0.024251,1.349591,0.220052,0.620223,-0.108215,-0.728438,1.000000,1.000000,0.000000,C-06,0,0,0,1,1,0,-0.002548,0.005151,0.8125,-0.0398,0.2673,2,ok
0,1716,190.740000,-1.467071,-1.635363,0.002506,-0.011929,-0.022183,1.371586,0.219999,1.000000,0.041785,-0.958215,1.000000,1.000000,0.000000,C-06,0,0,0,1,1,0,-0.003429,-0.005276,0.7708,-0.0296,0.2671,2,ok
0,1717,190.860000,-1.440672,-1.635368,0.017727,-0.012413,0.002866,1.398107,0.219968,1.000000,0.191785,-0.808215,1.000000,1.000000,0.000000,C-06,0,0,0,1,1,0,-0.003048,-0.016230,0.7500,-0.0468,0.2669,2,ok
0,1718,190.980000,-1.414278,-1.635060,0.021971,-0.012431,0.007110,1.424504,0.219969,-0.229515,0.041785,0.271300,1.000000,1.000000,0.000000,C-06,0,0,0,1,1,0,-0.001517,0.011324,0.7708,-0.0397,0.2671,2,ok
0,1719,191.080000,-1.392282,-1.634608,0.015295,-0.012108,0.008281,1.446654,0.220022,-0.379152,-0.108215,0.270937,1.000000,1.000000,0.000000,C-06,0,0,0,1,1,0,-0.000251,0.015955,0.7500,-0.0469,0.2673,2,ok
0,1720,191.200000,-1.365883,-1.634052,-0.005481,-0.011552,-0.012494,1.473053,0.220046,-0.334345,-0.258215,0.076130,1.000000,1.000000,0.000000,C-06,0,0,0,1,1,0,-0.000657,0.014081,0.7083,-0.0402,0.2667,2,ok
0,1721,191.300000,-1.343884,-1.633805,-0.013749,-0.011305,-0.016218,1.495052,0.219986,-0.009049,-0.108215,-0.099166,1.000000,1.000000,0.000000,C-06,0,0,0,1,1,0,-0.000954,-0.016496,0.7083,-0.0582,0.2659,2,ok
0,1722,191.420000,-1.317486,-1.634140,-0.011215,-0.011640,-0.013684,1.521449,0.220008,1.000000,0.041785,-0.958215,1.000000,1.000000,0.000000,C-06,0,0,0,1,1,0,-0.002739,-0.023545,0.6875,-0.0374,0.2668,2,ok
0,1723,191.520000,-1.295487,-1.634454,0.001353,-0.011954,0.001353,1.543449,0.220022,0.979609,0.191785,-0.787824,1.000000,1.000000,0.000000,C-06,0,0,0,1,1,0,-0.003483,-0.037116,0.7500,-0.0463,0.2668,2,ok
0,1724,191.640000,-1.269090,-1.634831,0.029031,-0.012331,0.029031,1.569845,0.219938,0.735448,0.341785,-0.393664,1.000000,1.000000,0.000000,C-06,0,0,0,1,1,0,-0.002609,-0.015545,0.7708,-0.0412,0.2665,2,ok
0,1725,191.740000,-1.247105,-1.634830,0.043144,-0.012330,0.043144,1.591831,0.219808,0.012324,0.191785,0.179461,1.000000,1.000000,0.000000,C-06,0,0,0,1,1,0,-0.001492,-0.005682,0.7917,-0.0440,0.2669,2,ok
0,1726,191.860000,-1.220732,-1.633877,0.047422,-0.011377,0.047422,1.618203,0.219927,-1.000000,0.041785,1.041785,1.000000,1.000000,0.000000,C-06,0,0,0,1,1,0,0.001837,0.047105,0.7708,-0.0409,0.2665,2,ok
0,1727,191.980000,-1.194358,-1.632651,0.039361,-0.010151,0.039361,1.644578,0.220068,-0.908693,-0.108215,0.800477,1.000000,1.000000,0.000000,C-06,0,0,0,1,1,0,0.004186,0.056209,0.7292,-0.0454,0.2671,2,ok
0,1728,192.080000,-1.172369,-1.631620,0.022507,-0.009120,0.022507,1.666566,0.220181,-0.732914,-0.258215,0.474699,1.000000,1.000000,0.000000,C-06,0,0,0,1,1,0,0.004305,0.050184,0.7292,-0.0361,0.2673,2,ok
0,1729,192.200000,-1.145971,-1.630383,-0.005083,-0.007883,-0.005083,1.692964,0.220240,-0.332340,-0.332340,0.000000,1.000000,1.000000,0.000000,,0,0,0,1,1,0,0.003891,0.025114,0.7083,-0.0486,0.2670,2,ok
0,1730,192.300000,-1.123973,-1.629853,-0.018875,-0.007353,-0.018875,1.714963,0.219993,0.442540,-0.182340,-0.624880,1.000000,1.000000,0.000000,C-06,0,0,0,1,1,0,0.002588,-0.007473,0.7083,-0.0515,0.2659,2,ok
0,1731,192.420000,-1.097579,-1.630204,-0.022220,-0.007704,-0.022220,1.741357,0.219974,1.000000,-0.032340,-1.032340,1.000000,1.000000,0.000000,C-06,0,0,0,1,1,0,0.000723,-0.038629,0.7708,-0.0479,0.2674,2,ok
0,1732,192.520000,-1.075583,-1.630654,-0.015008,-0.008154,-0.015008,1.763353,0.220022,1.000000,0.117660,-0.882340,1.000000,1.000000,0.000000,C-06,0,0,0,1,1,0,-0.000787,-0.050125,0.7708,-0.0388,0.2670,2,ok
0,1733,192.640000,-1.049184,-1.631205,0.006568,-0.008705,0.006568,1.789752,0.220044,1.000000,0.267660,-0.732340,1.000000,1.000000,0.000000,C-06,0,0,0,1,1,0,-0.000225,-0.039813,0.7500,-0.0541,0.2656,2,ok
0,1734,192.740000,-1.027185,-1.631458,0.015704,-0.008958,0.015704,1.811750,0.219980,-0.029559,0.117660,0.147219,1.000000,1.000000,0.000000,C-06,0,0,0,1,1,0,0.001068,-0.017972,0.7708,-0.0451,0.2670,2,ok
0,1735,192.860000,-1.000788,-1.631069,0.013850,-0.008569,0.013850,1.838147,0.220007,-0.557082,-0.032340,0.524742,1.000000,1.000000,0.000000,C-06,0,0,0,1,1,0,0.001745,-0.003043,0.7708,-0.0360,0.2673,2,ok
0,1736,192.980000,-0.974389,-1.630641,-0.000503,-0.008141,-0.000503,1.864546,0.220029,-0.442863,-0.182340,0.260523,1.000000,1.000000,0.000000,C-06,0,0,0,1,1,0,0.003290,0.000435,0.7292,-0.0543,0.2666,2,ok
0,1737,193.080000,-0.952391,-1.630285,-0.022887,-0.007785,-0.022887,1.884835,0.219977,-0.376835,-0.332340,0.044495,1.000000,1.000000,0.000000,C-06,0,0,0,1,1,0,0.001843,-0.011666,0.7083,-0.0444,0.2669,2,ok
0,1738,193.200000,-0.926004,-1.630198,-0.038816,-0.007698,-0.038816,1.912931,0.219842,0.880339,-0.182340,-1.062679,1.000000,1.000000,0.000000,C-06,0,0,0,1,1,0,-0.000180,-0.042845,0.7083,-0.0389,0.2670,2,ok
0,1739,193.300000,-0.904022,-1.630912,-0.041879,-0.008412,-0.041879,1.934913,0.219949,1.000000,-0.032340,-1.032340,1.000000,1.000000,0.000000,C-06,0,0,0,1,1,0,-0.001411,-0.056976,0.7083,-0.0385,0.2668,2,ok
0,1740,193.420000,-0.877641,-1.631983,-0.032817,-0.009483,-0.032817,1.961294,0.220061,1.000000,0.117660,-0.882340,1.000000,1.000000,0.000000,C-06,0,0,0,1,1,0,-0.003838,-0.076455,0.7917,-0.0347,0.2665,2,ok
0,1741,193.520000,-0.855648,-1.632881,-0.015227,-0.010381,-0.015227,1.983287,0.220154,1.000000,0.267660,-0.732340,1.000000,1.000000,0.000000,C-06,0,0,0,1,1,0,-0.004587,-0.073094,0.7500,-0.0220,0.2678,2,ok
0,1742,193.640000,-0.829249,-1.633957,0.006819,-0.011457,0.006819,2.009687,0.220179,0.260298,0.260298,0.000000,1.000000,1.000000,0.000000,,0,0,0,1,1,0,-0.002920,-0.045748,0.7708,-0.0488,0.2662,2,ok
0,1743,193.740000,-0.807250,-1.634213,0.015332,-0.011713,0.015332,2.031685,0.219980,-0.265721,0.110298,0.376019,1.000000,1.000000,0.000000,C-06,0,0,0,1,1,0,-0.002642,-0.013612,0.7083,-0.0089,0.2682,2,ok
0,1744,193.860000,-0.780853,-1.633833,0.012868,-0.011333,0.012868,2.058082,0.220009,-0.397187,-0.039702,0.357485,1.000000,1.000000,0.000000,C-06,0,0,0,1,1,0,-0.000600,-0.005761,0.7292,-0.0508,0.2670,2,ok
0,1745,193.980000,-0.754454,-1.633417,-0.002224,-0.010917,-0.002224,2.084482,0.220027,-0.406870,-0.189702,0.217168,1.000000,1.000000,0.000000,C-06,0,0,0,1,1,0,-0.000032,0.002926,0.7083,-0.0460,0.2674,2,ok
0,1746,194.080000,-0.732454,-1.633327,-0.005883,-0.010827,-0.005883,2.106481,0.219997,0.094743,-0.039702,-0.134444,1.000000,1.000000,0.000000,C-06,0,0,0,1,1,0,-0.001135,-0.009399,0.6875,-0.0373,0.2658,2,ok
0,1747,194.200000,-0.706054,-1.633439,0.002459,-0.010939,0.002459,2.132881,0.220002,0.183661,0.110298,-0.073363,1.000000,1.000000,0.000000,C-06,0,0,0,1,1,0,-0.002543,-0.016104,0.7500,-0.0260,0.2676,2,ok
0,1748,194.300000,-0.684056,-1.633541,0.019580,-0.011041,0.019580,2.154880,0.219964,0.639108,0.260298,-0.378810,1.000000,1.000000,0.000000,C-06,0,0,0,1,1,0,-0.001609,-0.016530,0.7917,-0.0396,0.2672,2,ok
0,1749,194.420000,-0.658065,-1.633446,0.029748,-0.010946,0.029748,2.180871,0.216294,-0.142190,0.110298,0.252488,0.983544,0.983544,0.000000,C-06,0,0,0,1,1,0,-0.000572,0.007167,0.7708,-0.0336,0.2674,2,ok
0,1750,194.520000,-0.636108,-1.632830,0.027659,-0.010330,0.027659,2.202827,0.220009,-1.000000,-0.039702,0.960298,1.000000,1.000000,0.000000,C-06,0,0,0,1,1,0,0.002456,0.027187,0.7708,-0.0472,0.2662,2,ok
0,1751,194.640000,-0.609714,-1.632058,0.012502,-0.009558,0.012502,2.229221,0.220075,-0.980040,-0.189702,0.790338,1.000000,1.000000,0.000000,C-06,0,0,0,1,1,0,0.002585,0.031071,0.7708,-0.0362,0.2668,2,ok
0,1752,194.740000,-0.587715,-1.631415,-0.010386,-0.008915,-0.010386,2.251221,0.220085,-0.411942,-0.339702,0.072240,1.000000,1.000000,0.000000,C-06,0,0,0,1,1,0,0.002225,0.016069,0.7292,-0.0503,0.2664,2,ok
0,1753,194.860000,-0.561320,-1.630963,-0.027167,-0.008463,-0.027167,2.277616,0.219932,-0.087707,-0.189702,-0.101995,1.000000,1.000000,0.000000,C-06,0,0,0,1,1,0,-0.000140,-0.012201,0.6875,-0.0317,0.2672,2,ok
0,1754,194.980000,-0.534931,-1.631502,-0.031212,-0.009002,-0.031212,2.304004,0.219955,1.000000,-0.039702,-1.039702,1.000000,1.000000,0.000000,C-06,0,0,0,1,1,0,-0.002541,-0.051745,0.6875,-0.0348,0.2664,2,ok
0,1755,195.080000,-0.512940,-1.632160,-0.024434,-0.009660,-0.024434,2.325995,0.220033,1.000000,0.110298,-0.889702,1.000000,1.000000,0.000000,C-06,0,0,0,1,1,0,-0.002923,-0.067233,0.7292,-0.0419,0.2672,2,ok
0,1756,195.200000,-0.486543,-1.632960,-0.003485,-0.010460,-0.003485,2.352392,0.220099,0.898666,0.260298,-0.638368,1.000000,1.000000,0.000000,C-06,0,0,0,1,1,0,-0.002990,-0.055372,0.7917,-0.0458,0.2663,2,ok
0,1757,195.300000,-0.464544,-1.633546,0.007643,-0.011046,0.007643,2.374392,0.220047,0.150949,0.150949,0.000000,1.000000,1.000000,0.000000,,0,0,0,1,1,0,-0.002146,-0.036435,0.7708,-0.0420,0.2677,2,ok
0,1758,195.420000,-0.438145,-1.633377,0.008568,-0.010877,0.008568,2.400791,0.220000,-0.148083,0.000949,0.149032,1.000000,1.000000,0.000000,C-06,0,0,0,1,1,0,-0.000931,-0.012480,0.7500,-0.0366,0.2679,2,ok
0,1759,195.520000,-0.416145,-1.633193,-0.000992,-0.010693,-0.000992,2.422791,0.220008,-0.345344,-0.149051,0.196293,1.000000,1.000000,0.000000,C-06,0,0,0,1,1,0,-0.000524,0.002097,0.7708,-0.0353,0.2660,2,ok
0,1760,195.640000,-0.389747,-1.632971,-0.022635,-0.010471,-0.022635,2.449188,0.219956,-0.266081,-0.266081,0.000000,1.000000,1.000000,0.000000,,0,0,0,1,1,0,-0.001088,-0.014089,0.7500,-0.0400,0.2665,2,ok
0,1761,195.740000,-0.367755,-1.633077,-0.031563,-0.010577,-0.031563,2.471180,0.219903,0.118472,-0.116081,-0.234553,1.000000,1.000000,0.000000,C-06,0,0,0,1,1,0,-0.001400,-0.030560,0.7292,-0.0495,0.2672,2,ok
0,1762,195.860000,-0.341368,-1.633884,-0.029496,-0.011384,-0.029496,2.497567,0.220015,0.973358,0.033919,-0.939440,1.000000,1.000000,0.000000,C-06,0,0,0,1,1,0,-0.004581,-0.058186,0.6667,-0.0432,0.2660,2,ok
0,1763,195.980000,-0.314975,-1.634724,-0.015160,-0.012224,-0.015160,2.523960,0.220084,0.919498,0.183919,-0.735579,1.000000,1.000000,0.000000,C-06,0,0,0,1,1,0,-0.006236,-0.056357,0.7292,-0.0245,0.2672,2,ok
0,1764,196.080000,-0.292976,-1.635424,0.007524,-0.012924,0.007524,2.545960,0.220107,0.630743,0.333919,-0.296824,1.000000,1.000000,0.000000,C-06,0,0,0,1,1,0,-0.005320,-0.043083,0.7917,-0.0336,0.2672,2,ok
0,1765,196.200000,-0.266580,-1.635932,0.023854,-0.013432,0.023854,2.572356,0.219956,0.132312,0.183919,0.051607,1.000000,1.000000,0.000000,C-06,0,0,0,1,1,0,-0.004253,-0.035598,0.7917,-0.0435,0.2677,2,ok
0,1766,196.300000,-0.244587,-1.635554,0.027057,-0.013054,0.027057,2.594349,0.219967,-0.042058,0.033919,0.075977,1.000000,1.000000,0.000000,C-06,0,0,0,1,1,0,-0.001501,0.012646,0.7500,-0.0440,0.2676,2,ok
0,1767,196.420000,-0.218194,-1.634881,0.018352,-0.012381,0.018352,2.620741,0.220035,-0.706659,-0.116081,0.590578,1.000000,1.000000,0.000000,C-06,0,0,0,1,1,0,-0.000557,0.022253,0.7500,-0.0341,0.2683,2,ok
0,1768,196.520000,-0.196196,-1.634312,0.000701,-0.011812,0.000701,2.642740,0.220073,-0.599659,-0.266081,0.333578,1.000000,1.000000,0.000000,C-06,0,0,0,1,1,0,-0.000178,0.014700,0.7292,-0.0483,0.2667,2,ok
0,1769,196.640000,-0.169796,-1.633849,-0.010002,-0.011349,-0.010002,2.669139,0.220008,-0.080905,-0.116081,-0.035176,1.000000,1.000000,0.000000,C-06,0,0,0,1,1,0,-0.001393,-0.015275,0.7292,-0.0530,0.2672,2,ok
0,1770,196.740000,-0.147797,-1.634051,-0.008170,-0.011551,-0.008170,2.691139,0.220004,1.000000,0.033919,-0.966081,1.000000,1.000000,0.000000,C-06,0,0,0,1,1,0,-0.002372,-0.028333,0.7083,-0.0501,0.2657,2,ok
0,1771,196.860000,-0.121397,-1.634323,0.006346,-0.011823,0.006346,2.717538,0.220008,1.000000,0.183919,-0.816081,1.000000,1.000000,0.000000,C-06,0,0,0,1,1,0,-0.002856,-0.027678,0.7083,-0.0458,0.2654,2,ok
0,1772,196.980000,-0.095003,-1.634595,0.031759,-0.012095,0.031759,2.743933,0.219909,0.311205,0.311205,0.000000,1.000000,1.000000,0.000000,,0,0,0,1,1,0,-0.001854,-0.005972,0.7708,-0.0376,0.2673,2,ok
0,1773,197.080000,-0.073019,-1.634439,0.043749,-0.011939,0.043749,2.765917,0.219815,-0.579773,0.161205,0.740977,1.000000,1.000000,0.000000,C-06,0,0,0,1,1,0,0.000227,0.029215,0.7917,-0.0295,0.2676,2,ok
0,1774,197.200000,-0.046645,-1.633355,0.045500,-0.010855,0.045500,2.792290,0.219980,-1.000000,0.011205,1.011205,1.000000,1.000000,0.000000,C-06,0,0,0,1,1,0,0.002429,0.050997,0.7917,-0.0354,0.2674,2,ok
0,1775,197.300000,-0.024665,-1.632396,0.036876,-0.009896,0.036876,2.814271,0.220055,-1.000000,-0.138795,0.861205,1.000000,1.000000,0.000000,C-06,0,0,0,1,1,0,0.003833,0.056183,0.7500,-0.0353,0.2677,2,ok
0,1776,197.420000,0.001726,-1.631245,0.013811,-0.008745,0.013811,2.840661,0.220184,-0.723926,-0.288795,0.435131,1.000000,1.000000,0.000000,C-06,0,0,0,1,1,0,0.005005,0.045114,0.7500,-0.0575,0.2669,2,ok
0,1777,197.520000,0.023725,-1.630286,-0.004730,-0.007786,-0.004730,2.862661,0.220207,-0.260655,-0.260655,0.000000,1.000000,1.000000,0.000000,,0,0,0,1,1,0,0.002570,0.015782,0.7292,-0.0338,0.2670,2,ok
0,1778,197.640000,0.050122,-1.629405,-0.026395,-0.006905,-0.026395,2.886035,0.219987,-0.257502,-0.257502,0.000000,1.000000,1.000000,0.000000,,0,0,0,1,1,0,0.001521,-0.018833,0.7083,-0.0394,0.2672,2,ok
0,1779,197.740000,0.072111,-1.629591,-0.034708,-0.007091,-0.034708,2.911047,0.219893,1.000000,-0.107502,-1.107502,1.000000,1.000000,0.000000,C-06,0,0,0,1,1,0,0.000217,-0.043881,0.6875,-0.0407,0.2662,2,ok
0,1780,197.860000,0.098496,-1.630480,-0.031944,-0.007980,-0.031944,2.936135,0.220020,1.000000,0.042498,-0.957502,1.000000,1.000000,0.000000,C-06,0,0,0,1,1,0,-0.001035,-0.070722,0.7500,-0.0448,0.2674,2,ok
0,1781,197.980000,0.124888,-1.631398,-0.016806,-0.008898,-0.016806,2.963823,0.220099,1.000000,0.192498,-0.807502,1.000000,1.000000,0.000000,C-06,0,0,0,1,1,0,-0.002547,-0.066679,0.7708,-0.0342,0.2673,2,ok
0,1782,198.080000,0.146887,-1.632164,0.006367,-0.009664,0.006367,2.985822,0.220130,0.682766,0.342498,-0.340268,1.000000,1.000000,0.000000,C-06,0,0,0,1,1,0,-0.002051,-0.047767,0.7500,-0.0306,0.2678,2,ok
0,1783,198.200000,0.173283,-1.632738,0.023427,-0.010238,0.023427,3.012219,0.219964,-0.182123,0.192498,0.374621,1.000000,1.000000,0.000000,C-06,0,0,0,1,1,0,0.000068,-0.019676,0.7708,-0.0396,0.2674,2,ok
0,1784,198.300000,0.195276,-1.632411,0.027542,-0.009911,0.027542,3.034211,0.219959,-0.761896,0.042498,0.804394,1.000000,1.000000,0.000000,C-06,0,0,0,1,1,0,0.001794,0.009716,0.7500,-0.0457,0.2666,2,ok
0,1785,198.420000,0.221668,-1.631717,0.019541,-0.009217,0.019541,3.060604,0.220035,-0.828141,-0.107502,0.720639,1.000000,1.000000,0.000000,C-06,0,0,0,1,1,0,0.003314,0.019189,0.7500,-0.0551,0.2671,2,ok
0,1786,198.520000,0.243667,-1.631128,0.002299,-0.008628,0.002299,3.082602,0.220078,-0.437450,-0.257502,0.179948,1.000000,1.000000,0.000000,C-06,0,0,0,1,1,0,0.002691,0.019279,0.7292,-0.0369,0.2674,2,ok
0,1787,198.640000,0.270063,-1.630421,-0.029515,-0.007921,-0.029515,3.108999,0.219992,-0.388684,-0.388684,0.000000,1.000000,1.000000,0.000000,,0,0,0,1,1,0,0.003007,0.003062,0.7083,-0.0523,0.2665,2,ok
0,1788,198.740000,0.292047,-1.630271,-0.046852,-0.007771,-0.046852,3.130982,0.219768,1.000000,-0.238684,-1.238684,1.000000,1.000000,0.000000,C-06,0,0,0,1,1,0,-0.000657,-0.047533,0.7292,-0.0496,0.2666,2,ok
0,1789,198.860000,0.318412,-1.631154,-0.054771,-0.008654,-0.054771,3.157348,0.219835,1.000000,-0.088684,-1.088684,1.000000,1.000000,0.000000,C-06,0,0,0,1,1,0,-0.003114,-0.079409,0.7917,-0.0441,0.2664,2,ok
0,1790,198.980000,0.344775,-1.632585,-0.050518,-0.010085,-0.050518,3.183710,0.220052,1.000000,0.061316,-0.938684,1.000000,1.000000,0.000000,C-06,0,0,0,1,1,0,-0.005492,-0.098524,0.7500,-0.0512,0.2651,2,ok
0,1791,199.080000,0.366753,-1.633798,-0.036926,-0.011298,-0.036926,3.205689,0.220178,0.431207,0.211316,-0.219891,1.000000,1.000000,0.000000,C-06,0,0,0,1,1,0,-0.006180,-0.102161,0.7708,-0.0547,0.2657,2,ok
0,1792,199.200000,0.393145,-1.635254,-0.011258,-0.012754,-0.011258,3.232080,0.220317,0.313323,0.313323,0.000000,1.000000,1.000000,0.000000,,0,0,0,1,1,0,-0.007023,-0.081770,0.7292,-0.0352,0.2677,2,ok
0,1793,199.300000,0.415144,-1.636074,0.001147,-0.013574,0.001147,3.254080,0.220106,-0.051961,0.163323,0.215284,1.000000,1.000000,0.000000,C-06,0,0,0,1,1,0,-0.005479,-0.053378,0.7708,-0.0436,0.2673,2,ok
0,1794,199.420000,0.441544,-1.636133,0.003242,-0.013633,0.003242,3.280480,0.219999,0.016067,0.016067,0.000000,1.000000,1.000000,0.000000,,0,0,0,1,1,0,-0.004561,-0.036355,0.7292,-0.0418,0.2668,2,ok
0,1795,199.520000,0.463544,-1.636081,0.003648,-0.013581,0.003648,3.302479,0.219999,0.004859,0.004859,0.000000,1.000000,1.000000,0.000000,,0,0,0,1,1,0,-0.002909,-0.019864,0.7083,-0.0539,0.2672,2,ok
0,1796,199.640000,0.489944,-1.636009,-0.005453,-0.013509,-0.005453,3.328879,0.219998,-0.114869,-0.114869,0.000000,1.000000,1.000000,0.000000,,0,0,0,1,1,0,-0.002909,-0.019864,0.7083,-0.0539,0.2672,2,ok
0,1797,199.740000,0.511944,-1.636126,-0.003850,-0.013626,-0.003850,3.350879,0.220002,0.310665,0.035131,-0.275534,1.000000,1.000000,0.000000,C-06,0,0,0,1,1,0,-0.004291,-0.006509,0.7500,-0.0313,0.2667,2,ok
0,1798,199.860000,0.538343,-1.636286,0.010971,-0.013786,0.010971,3.377279,0.219992,0.635156,0.185131,-0.450025,1.000000,1.000000,0.000000,C-06,0,0,0,1,1,0,-0.004144,-0.028878,0.7917,-0.0529,0.2671,2,ok
0,1799,199.980000,0.564735,-1.636445,0.037921,-0.013945,0.037921,3.403670,0.219856,0.350663,0.335131,-0.015533,1.000000,1.000000,0.000000,C-06,0,0,0,1,1,0,-0.002959,0.001167,0.7708,-0.0419,0.2661,2,ok
0,1800,200.080000,0.586712,-1.636224,0.051500,-0.013724,0.051500,3.425648,0.219748,-0.467337,0.185131,0.652468,1.000000,1.000000,0.000000,C-06,0,0,0,1,1,0,-0.000729,0.035296,0.7708,-0.0363,0.2672,2,ok
0,1801,200.200000,0.613074,-1.635021,0.055106,-0.012521,0.055106,3.452010,0.219927,-0.922213,0.035131,0.957344,1.000000,1.000000,0.000000,C-06,0,0,0,1,1,0,0.001643,0.062149,0.7292,-0.0430,0.2662,2,ok
0,1802,200.300000,0.635044,-1.633834,0.048228,-0.011334,0.048228,3.473980,0.220065,-0.663608,-0.114869,0.548738,1.000000,1.000000,0.000000,C-06,0,0,0,1,1,0,0.003561,0.068205,0.7292,-0.0480,0.2669,2,ok
0,1803,200.420000,0.661425,-1.632398,0.027231,-0.009898,0.027231,3.500360,0.220237,-0.469213,-0.264869,0.204344,1.000000,1.000000,0.000000,C-06,0,0,0,1,1,0,0.004289,0.066285,0.7083,-0.0453,0.2671,2,ok
0,1804,200.520000,0.683419,-1.631414,0.018571,-0.008914,0.018571,3.522354,0.220143,0.110053,-0.114869,-0.224922,1.000000,1.000000,0.000000,C-06,0,0,0,1,1,0,0.003081,0.032836,0.7500,-0.0321,0.2684,2,ok
0,1805,200.640000,0.709814,-1.630899,0.020140,-0.008399,0.020140,3.548750,0.219992,0.028512,0.028512,0.000000,1.000000,1.000000,0.000000,,0,0,0,1,1,0,0.003037,0.015540,0.7708,-0.0381,0.2676,2,ok
0,1806,200.740000,0.729788,-1.630489,0.019824,-0.007989,0.019824,3.568724,0.198003,-0.007227,-0.007227,0.000000,0.789838,0.900000,0.110162,C-06,0,0,0,1,1,0,0.003377,0.014756,0.7917,-0.0369,0.2675,2,ok
0,1807,200.860000,0.755605,-1.629966,0.021676,-0.007466,0.021676,3.594540,0.219993,0.023710,0.023710,0.000000,1.000000,1.000000,0.000000,,0,0,0,1,1,0,0.004393,0.014168,0.7500,-0.0506,0.2665,2,ok
0,1808,200.980000,0.782000,-1.629416,0.013777,-0.006916,0.013777,3.620936,0.220026,-0.104407,-0.104407,0.000000,1.000000,1.000000,0.000000,,0,0,0,1,1,0,0.003835,0.022132,0.7500,-0.0306,0.2665,2,ok
0,1809,201.080000,0.804000,-1.628956,0.000413,-0.006456,0.000413,3.642935,0.220048,-0.198255,-0.198255,0.000000,1.000000,1.000000,0.000000,,0,0,0,1,1,0,0.003526,0.015092,0.6875,-0.0057,0.2681,2,ok
0,1810,201.200000,0.830399,-1.628638,-0.006779,-0.006138,-0.006779,3.669335,0.220004,-0.078713,-0.078713,0.000000,1.000000,1.000000,0.000000,,0,0,0,1,1,0,0.003497,-0.011515,0.7083,-0.0360,0.2668,2,ok
0,1811,201.300000,0.852398,-1.628464,-0.015401,-0.005964,-0.015401,3.691333,0.219982,-0.126741,-0.126741,0.000000,1.000000,1.000000,0.000000,,0,0,0,1,1,0,0.002174,-0.015878,0.6667,-0.0207,0.2670,2,ok
0,1812,201.420000,0.878795,-1.628853,-0.013987,-0.006353,-0.013987,3.717731,0.220005,0.776806,0.023259,-0.753547,1.000000,1.000000,0.000000,C-06,0,0,0,1,1,0,0.001974,-0.028810,0.6667,-0.0295,0.2665,2,ok
0,1813,201.520000,0.900794,-1.629199,-0.002857,-0.006699,-0.002857,3.737135,0.220026,0.321777,0.173259,-0.148518,1.000000,1.000000,0.000000,C-06,0,0,0,1,1,0,0.002056,-0.043699,0.7500,-0.0558,0.2662,2,ok
0,1814,201.640000,0.924873,-1.629637,0.019105,-0.007137,0.019105,3.763808,0.198002,0.284765,0.284765,0.000000,0.865887,0.900000,0.034113,C-06,0,0,0,1,1,0,0.002804,-0.033190,0.7708,-0.0589,0.2673,2,ok
0,1815,201.740000,0.946266,-1.629684,0.029251,-0.007184,0.029251,3.785202,0.219911,-0.537427,0.134765,0.672192,1.000000,1.000000,0.000000,C-06,0,0,0,1,1,0,0.002615,-0.012868,0.7292,-0.0335,0.2655,2,ok
0,1816,201.860000,0.972655,-1.628941,0.028826,-0.006441,0.028826,3.811590,0.220006,-1.000000,-0.015235,0.984765,1.000000,1.000000,0.000000,C-06,0,0,0,1,1,0,0.007725,-0.008741,0.7708,-0.1066,0.2709,2,ok
0,1817,201.980000,0.999048,-1.628152,0.016054,-0.005652,0.016054,3.837235,0.220067,-0.973822,-0.165235,0.808588,1.000000,1.000000,0.000000,C-06,0,0,0,1,1,0,0.009735,-0.016072,0.7083,-0.1410,0.2711,2,ok
0,1818,202.080000,1.021047,-1.627495,-0.005201,-0.004995,-0.005201,3.859982,0.220096,-0.539092,-0.315235,0.223857,1.000000,1.000000,0.000000,C-06,0,0,0,1,1,0,0.009576,-0.049765,0.7083,-0.1684,0.2702,2,ok
0,1819,202.200000,1.047440,-1.626706,-0.038158,-0.004206,-0.038158,3.886375,0.219950,-0.399989,-0.399989,0.000000,1.000000,1.000000,0.000000,,0,0,0,1,1,0,0.007219,-0.057526,0.6667,-0.1569,0.2713,2,ok
0,1820,202.300000,1.069414,-1.626699,-0.056181,-0.004199,-0.056181,3.908350,0.219675,1.000000,-0.249989,-1.249989,1.000000,1.000000,0.000000,C-06,0,0,0,1,1,0,0.007811,-0.112538,0.6458,-0.2493,0.2645,2,ok
0,1821,202.420000,1.095765,-1.627783,-0.065171,-0.005283,-0.065171,3.934701,0.219779,1.000000,-0.099989,-1.099989,1.000000,1.000000,0.000000,C-06,0,0,0,1,1,0,0.004473,-0.162675,0.6875,-0.2657,0.2630,2,ok
0,1822,202.520000,1.117720,-1.629177,-0.062641,-0.006677,-0.062641,3.956655,0.220027,1.000000,0.050011,-0.949989,1.000000,1.000000,0.000000,C-06,0,0,0,1,1,0,-0.000592,-0.176053,0.7292,-0.2514,0.2633,2,ok
0,1823,202.640000,1.144079,-1.630887,-0.047190,-0.008387,-0.047190,3.983014,0.220208,0.746687,0.200011,-0.546676,1.000000,1.000000,0.000000,C-06,0,0,0,1,1,0,-0.002205,-0.156501,0.7083,-0.2698,0.2621,2,ok
0,1824,202.740000,1.166064,-1.632311,-0.023940,-0.009811,-0.023940,4.004999,0.220390,0.557245,0.350011,-0.207235,1.000000,1.000000,0.000000,C-06,0,0,0,1,1,0,-0.004136,-0.136332,0.7500,-0.2374,0.2640,2,ok
0,1825,202.860000,1.192461,-1.633715,-0.006356,-0.011215,-0.006356,4.031396,0.220222,0.117479,0.200011,0.082532,1.000000,1.000000,0.000000,C-06,0,0,0,1,1,0,-0.006129,-0.070731,0.7083,-0.1760,0.2664,2,ok
0,1826,202.980000,1.218861,-1.634107,-0.001366,-0.011607,-0.001366,4.057796,0.220014,-0.168756,0.050011,0.218766,1.000000,1.000000,0.000000,C-06,0,0,0,1,1,0,-0.004697,-0.034987,0.6875,-0.1902,0.2674,2,ok
0,1827,203.080000,1.240860,-1.634168,-0.006893,-0.011668,-0.006893,4.079796,0.219996,-0.089726,-0.089726,0.000000,1.000000,1.000000,0.000000,,0,0,0,1,1,0,-0.006301,0.016454,0.6667,-0.1553,0.2640,2,ok
0,1828,203.200000,1.267260,-1.634309,-0.008206,-0.011809,-0.008206,4.106195,0.219997,-0.011622,-0.011622,0.000000,1.000000,1.000000,0.000000,,0,0,0,1,1,0,-0.007572,0.026683,0.6250,-0.1368,0.2685,2,ok
0,1829,203.300000,1.289258,-1.634442,-0.018691,-0.011942,-0.018691,4.128193,0.219968,-0.347679,-0.161622,0.186057,1.000000,1.000000,0.000000,C-06,0,0,0,1,1,0,-0.008917,0.040763,0.6667,-0.0968,0.2699,2,ok
0,1830,203.420000,1.315652,-1.634891,-0.021239,-0.012391,-0.019181,4.154587,0.219990,0.136611,-0.011622,-0.148233,1.000000,1.000000,0.000000,C-06,0,0,0,1,1,0,-0.007934,0.020623,0.7708,-0.1343,0.2650,2,ok
0,1831,203.520000,1.337649,-1.635311,-0.012508,-0.012811,-0.010450,4.176584,0.220021,0.335205,0.138378,-0.196827,1.000000,1.000000,0.000000,C-06,0,0,0,1,1,0,-0.009505,0.030743,0.7500,-0.1040,0.2660,2,ok
0,1832,203.640000,1.363868,-1.635817,-0.006987,-0.013317,-0.000798,4.202803,0.218431,0.060192,0.060192,0.000000,0.992719,0.992719,0.000000,,0,0,0,1,1,0,-0.008842,0.061709,0.7500,-0.0848,0.2654,2,ok
0,1833,203.740000,1.385848,-1.635994,-0.012327,-0.013494,-0.006138,4.224784,0.219990,-0.221175,-0.089808,0.131367,1.000000,1.000000,0.000000,C-06,0,0,0,1,1,0,-0.008858,0.081638,0.7500,-0.0406,0.2674,2,ok
0,1834,203.860000,1.412243,-1.636184,-0.029315,-0.013539,-0.015279,4.251318,0.219916,-0.211535,-0.211535,0.000000,1.000000,1.000000,0.000000,,0,0,0,1,1,0,-0.008631,0.096773,0.6875,-0.0240,0.2698,2,ok
0,1835,203.980000,1.438626,-1.636471,-0.040710,-0.013554,-0.026674,4.277703,0.219850,-0.132007,-0.132007,0.000000,1.000000,1.000000,0.000000,,0,0,0,1,1,0,-0.011198,0.092329,0.6875,0.0364,0.2675,2,ok
0,1836,204.080000,1.460608,-1.637338,-0.040207,-0.014049,-0.016770,4.299839,0.220008,0.186293,0.017993,-0.168300,1.000000,1.000000,0.000000,C-06,0,0,0,1,1,0,-0.011903,0.092792,0.6250,0.0554,0.2652,2,ok
0,1837,204.200000,1.486992,-1.638423,-0.027301,-0.014590,-0.003865,4.326240,0.220100,0.173128,0.167993,-0.005135,1.000000,1.000000,0.000000,C-06,0,0,0,1,1,0,-0.010630,0.078981,0.6875,0.0376,0.2664,2,ok
0,1838,204.300000,1.508965,-1.639086,-0.025212,-0.014534,0.009618,4.348494,0.219805,-0.045716,0.017993,0.063710,0.999020,0.999020,0.000000,C-06,0,0,0,1,1,0,-0.009062,0.087485,0.7708,0.0500,0.2664,2,ok
0,1839,204.420000,1.535350,-1.639806,-0.035060,-0.014219,-0.000231,4.374888,0.219950,-0.612327,-0.132007,0.480321,1.000000,1.000000,0.000000,C-06,0,0,0,1,1,0,-0.006258,0.091537,0.7292,0.0252,0.2636,2,ok
0,1840,204.520000,1.557329,-1.640404,-0.053504,-0.013843,-0.008070,4.396981,0.219779,-0.629399,-0.282007,0.347392,1.000000,1.000000,0.000000,C-06,0,0,0,1,1,0,-0.005232,0.080039,0.7292,0.0218,0.2631,2,ok
0,1841,204.640000,1.583682,-1.641342,-0.065121,-0.013542,-0.019687,4.423349,0.219725,-0.021111,-0.132007,-0.110895,1.000000,1.000000,0.000000,C-06,0,0,0,1,1,0,-0.005993,0.042660,0.6875,0.0134,0.2668,2,ok
0,1842,204.740000,1.605635,-1.642744,-0.064626,-0.013772,-0.008774,4.445481,0.220010,0.682919,0.017993,-0.664926,1.000000,1.000000,0.000000,C-06,0,0,0,1,1,0,-0.008144,0.040151,0.6875,0.0736,0.2689,2,ok
0,1843,204.860000,1.631989,-1.644470,-0.051926,-0.013995,0.003926,4.471891,0.220166,0.950823,0.167993,-0.782829,1.000000,1.000000,0.000000,C-06,0,0,0,1,1,0,-0.008672,0.036757,0.6667,0.1031,0.2708,2,ok
0,1844,204.980000,1.658363,-1.646195,-0.036003,-0.014104,0.026521,4.498411,0.220321,0.194899,0.194899,0.000000,1.000000,1.000000,0.000000,,0,0,0,1,1,0,-0.007626,0.058108,0.6667,0.0948,0.2691,2,ok
0,1845,205.080000,1.680351,-1.647158,-0.032055,-0.013674,0.030469,4.520415,0.220067,-0.343884,0.044899,0.388783,1.000000,1.000000,0.000000,C-06,0,0,0,1,1,0,-0.006662,0.087563,0.6875,0.1255,0.2680,2,ok
0,1846,205.200000,1.706734,-1.648031,-0.040107,-0.012715,0.028679,4.546921,0.219945,-0.623590,-0.105101,0.518488,1.000000,1.000000,0.000000,C-06,0,0,0,1,1,0,-0.003895,0.127017,0.7500,0.1076,0.2630,2,ok
0,1847,205.300000,1.728709,-1.648752,-0.056453,-0.011836,0.012333,4.568890,0.219779,-0.539778,-0.255101,0.284676,1.000000,1.000000,0.000000,C-06,0,0,0,1,1,0,-0.005887,0.128989,0.7500,0.2105,0.2651,2,ok
0,1848,205.420000,1.754243,-1.649619,-0.071911,-0.010847,0.001081,4.594419,0.212328,-0.185369,-0.185369,0.000000,0.966918,0.966918,0.000000,,0,0,0,1,1,0,-0.003915,0.118266,0.7917,0.1668,0.2641,2,ok
0,1849,205.520000,1.776086,-1.651054,-0.075013,-0.010694,-0.002020,4.616308,0.219901,0.811515,-0.035369,-0.846884,1.000000,1.000000,0.000000,C-06,0,0,0,1,1,0,-0.006488,0.076287,0.7292,0.2290,0.2664,2,ok
0,1850,205.640000,1.802419,-1.653013,-0.066583,-0.010658,0.009316,4.642775,0.220118,1.000000,0.114631,-0.885369,1.000000,1.000000,0.000000,C-06,0,0,0,1,1,0,-0.005434,0.054416,0.7292,0.2206,0.2667,2,ok
0,1851,205.740000,1.824381,-1.654653,-0.049488,-0.010575,0.026411,4.664798,0.220331,0.846123,0.264631,-0.581492,1.000000,1.000000,0.000000,C-06,0,0,0,1,1,0,-0.005322,0.064143,0.6667,0.2504,0.2663,2,ok
0,1852,205.860000,1.850755,-1.656385,-0.039499,-0.010243,0.037327,4.691224,0.220236,-0.054705,0.114631,0.169336,1.000000,1.000000,0.000000,C-06,0,0,0,1,1,0,-0.001621,0.066384,0.6875,0.2102,0.2673,2,ok
0,1853,205.980000,1.877134,-1.657458,-0.041568,-0.009257,0.035258,4.717606,0.219981,-0.536995,-0.035369,0.501626,1.000000,1.000000,0.000000,C-06,0,0,0,1,1,0,-0.000552,0.106930,0.7083,0.2662,0.2665,2,ok
0,1854,206.080000,1.899110,-1.658321,-0.053347,-0.008407,0.023221,4.739581,0.219865,-0.597939,-0.185369,0.412570,1.000000,1.000000,0.000000,C-06,0,0,0,1,1,0,0.001771,0.077848,0.7500,0.2409,0.2678,2,ok
0,1855,206.200000,1.925128,-1.659583,-0.056861,-0.007642,0.019706,4.765618,0.216923,0.041706,-0.035369,-0.077075,0.986358,0.986358,0.000000,C-06,0,0,0,1,1,0,0.001430,0.065167,0.7708,0.2458,0.2664,2,ok
0,1856,206.300000,1.947059,-1.660790,-0.050032,-0.007144,0.024266,4.787573,0.220056,0.352850,0.114631,-0.238219,1.000000,1.000000,0.000000,C-06,0,0,0,1,1,0,0.002660,0.031906,0.7292,0.2252,0.2669,2,ok
0,1857,206.420000,1.973437,-1.662250,-0.029288,-0.006560,0.045010,4.813985,0.220235,0.632224,0.264631,-0.367593,1.000000,1.000000,0.000000,C-06,0,0,0,1,1,0,0.002550,0.034248,0.7292,0.2329,0.2647,2,ok
0,1858,206.520000,1.995430,-1.663275,-0.020552,-0.005922,0.050288,4.835956,0.220152,-0.184884,0.114631,0.299515,1.000000,1.000000,0.000000,C-06,0,0,0,1,1,0,0.007357,0.100289,0.6875,0.1790,0.2559,2,ok
0,1859,206.640000,2.021824,-1.663845,-0.022646,-0.004610,0.048194,4.862323,0.219989,-0.356006,-0.035369,0.320637,1.000000,1.000000,0.000000,C-06,0,0,0,1,1,0,0.002359,0.133885,0.7083,0.4021,0.2692,2,ok
0,1860,206.740000,2.043815,-1.664287,-0.034572,-0.003503,0.031298,4.884275,0.219918,-0.865210,-0.185369,0.679841,1.000000,1.000000,0.000000,C-06,0,0,0,1,1,0,0.003127,0.130266,0.7083,0.4157,0.2655,2,ok
0,1861,206.860000,2.070197,-1.665070,-0.038236,-0.002519,0.027635,4.910650,0.219950,0.005544,-0.035369,-0.040913,1.000000,1.000000,0.000000,C-06,0,0,0,1,1,0,0.001002,0.123441,0.6458,0.4969,0.2709,2,ok
0,1862,206.980000,2.096529,-1.665911,-0.042655,-0.001635,0.016278,4.936969,0.219500,-0.054761,-0.054761,0.000000,0.998105,0.998105,0.000000,,0,0,0,1,1,0,0.003574,0.087622,0.7292,0.4487,0.2663,2,ok
0,1863,207.080000,2.116631,-1.666663,-0.037221,-0.001167,0.021712,4.957080,0.199157,0.310496,0.095239,-0.215256,0.905254,0.905254,0.000000,C-06,0,0,0,1,1,0,0.000705,0.107941,0.7500,0.5613,0.2673,2,ok
0,1864,207.200000,2.142446,-1.667536,-0.017859,-0.000471,0.041074,4.981824,0.220079,0.601702,0.245239,-0.356463,1.000000,1.000000,0.000000,C-06,0,0,0,1,1,0,0.003603,0.047536,0.7708,0.5039,0.2668,2,ok
0,1865,207.300000,2.164445,-1.668256,0.009127,-0.000033,0.059611,5.004903,0.220111,0.489262,0.395239,-0.094023,1.000000,1.000000,0.000000,C-06,0,0,0,1,1,0,0.003898,0.059875,0.7708,0.5862,0.2697,2,ok
0,1866,207.420000,2.190839,-1.668937,0.030445,0.000684,0.080929,5.031296,0.219934,-0.470609,0.245239,0.715849,1.000000,1.000000,0.000000,C-06,0,0,0,1,1,0,0.006910,0.155483,0.7292,0.5956,0.2704,2,ok
0,1867,207.520000,2.212826,-1.668619,0.037888,0.001956,0.078448,5.053256,0.219888,-0.923512,0.095239,1.018751,1.000000,1.000000,0.000000,C-06,0,0,0,1,1,0,0.009816,0.173346,0.7083,0.6550,0.2689,2,ok
0,1868,207.640000,2.239208,-1.667651,0.034233,0.004049,0.074793,5.079573,0.220027,-0.318298,-0.054761,0.263537,1.000000,1.000000,0.000000,C-06,0,0,0,1,1,0,0.014153,0.160808,0.6875,0.6326,0.2713,2,ok
0,1869,207.740000,2.261200,-1.666819,0.020950,0.005584,0.048986,5.101587,0.220105,-0.584452,-0.204761,0.379691,1.000000,1.000000,0.000000,C-06,0,0,0,1,1,0,0.014493,0.114105,0.6875,0.6696,0.2680,2,ok
0,1870,207.860000,2.287595,-1.666034,0.015056,0.007137,0.043092,5.127949,0.220055,-0.061744,-0.061744,0.000000,1.000000,1.000000,0.000000,,0,0,0,1,1,0,0.012969,0.169793,0.6875,0.7354,0.2706,2,ok
0,1871,207.980000,2.313993,-1.665477,0.011618,0.008244,0.024881,5.154417,0.220026,-0.039347,-0.039347,0.000000,1.000000,1.000000,0.000000,,0,0,0,1,1,0,0.014265,0.032952,0.7708,0.7341,0.2676,2,ok
0,1872,208.080000,2.334693,-1.665230,0.018195,0.008851,0.031458,5.175109,0.205560,0.183951,0.110653,-0.073298,0.934450,0.934450,0.000000,C-06,0,0,0,1,1,0,0.013462,0.010191,0.7708,0.7669,0.2659,2,ok
0,1873,208.200000,2.360783,-1.664926,0.038932,0.009348,0.034983,5.201373,0.219857,0.340649,0.260653,-0.079996,1.000000,1.000000,0.000000,C-06,0,0,0,1,1,0,0.013339,0.054544,0.7500,0.8010,0.2670,2,ok
0,1874,208.300000,2.382760,-1.664652,0.053052,0.009580,0.049103,5.223350,0.219726,0.200848,0.200848,0.000000,1.000000,1.000000,0.000000,,0,0,0,1,1,0,0.015167,-0.042917,0.7500,0.8081,0.2717,2,ok
0,1875,208.420000,2.409119,-1.663470,0.058046,0.010529,0.034796,5.249912,0.219892,-0.154405,0.050848,0.205253,1.000000,1.000000,0.000000,C-06,0,0,0,1,1,0,0.017169,0.050760,0.7083,0.7967,0.2652,2,ok
0,1876,208.520000,2.431085,-1.662208,0.052121,0.011332,0.028871,5.271900,0.220067,-0.208192,-0.099152,0.109040,1.000000,1.000000,0.000000,C-06,0,0,0,1,1,0,0.018991,0.045393,0.7083,0.8006,0.2633,2,ok
0,1877,208.640000,2.457447,-1.660836,0.055423,0.012030,0.008588,5.298557,0.219957,0.279775,0.050848,-0.228927,1.000000,1.000000,0.000000,C-06,0,0,0,1,1,0,0.021132,-0.096942,0.7083,0.7440,0.2654,2,ok
0,1878,208.740000,2.479405,-1.659701,0.068347,0.012211,0.021512,5.320544,0.219790,0.704508,0.200848,-0.503659,1.000000,1.000000,0.000000,C-06,0,0,0,1,1,0,0.020815,-0.033143,0.6667,0.7578,0.2633,2,ok
0,1879,208.860000,2.505717,-1.658340,0.095656,0.012430,0.048821,5.345933,0.219314,0.387462,0.350848,-0.036614,1.000000,1.000000,0.000000,C-06,0,0,0,1,1,0,0.022470,-0.096183,0.7083,0.7124,0.2626,2,ok
0,1880,208.980000,2.531838,-1.656531,0.112306,0.012448,0.040118,5.373372,0.218074,-0.045962,0.200848,0.246810,0.994457,0.994457,0.000000,C-06,0,0,0,1,1,0,0.024671,-0.151417,0.7708,0.6805,0.2675,2,ok
0,1881,209.080000,2.553683,-1.654244,0.116346,0.013258,0.044158,5.395322,0.219790,-0.268776,0.050848,0.319624,1.000000,1.000000,0.000000,C-06,0,0,0,1,1,0,0.024756,-0.176903,0.7500,0.6847,0.2677,2,ok
0,1882,209.200000,2.579910,-1.651196,0.112407,0.013783,0.009755,5.422164,0.220092,-0.057796,-0.057796,0.000000,1.000000,1.000000,0.000000,,0,0,0,1,1,0,0.026058,-0.187589,0.7708,0.6211,0.2658,2,ok
0,1883,209.300000,2.601765,-1.648727,0.117771,0.014044,0.015119,5.444157,0.219868,0.467251,0.092204,-0.375047,1.000000,1.000000,0.000000,C-06,0,0,0,1,1,0,0.023268,-0.083815,0.7083,0.6597,0.2710,2,ok
0,1884,209.420000,2.627954,-1.645772,0.135912,0.013861,-0.000160,5.470906,0.219384,0.351268,0.242204,-0.109063,1.000000,1.000000,0.000000,C-06,0,0,0,1,1,0,0.022043,-0.245074,0.7083,0.6295,0.2658,2,ok
0,1885,209.520000,2.649714,-1.643309,0.160426,0.013511,0.024354,5.492802,0.218615,1.000000,0.392204,-0.607796,1.000000,1.000000,0.000000,C-06,0,0,0,1,1,0,0.020885,-0.230620,0.6875,0.6079,0.2654,2,ok
0,1886,209.640000,2.675132,-1.640293,0.190670,0.012751,0.015372,5.518976,0.212617,0.400634,0.400634,0.000000,0.975978,0.975978,0.000000,,0,0,0,1,1,0,0.020322,-0.110373,0.6250,0.6363,0.2632,2,ok
0,1887,209.740000,2.696636,-1.636810,0.206973,0.012475,0.031675,5.540759,0.218490,-0.298096,0.250634,0.548730,1.000000,1.000000,0.000000,C-06,0,0,0,1,1,0,0.017771,-0.149051,0.7083,0.6568,0.2702,2,ok
0,1888,209.860000,2.722449,-1.631691,0.215002,0.012901,-0.001776,5.567552,0.219342,-0.640814,0.100634,0.741447,1.000000,1.000000,0.000000,C-06,0,0,0,1,1,0,0.020006,-0.155261,0.7083,0.6033,0.2643,2,ok
0,1889,209.980000,2.748208,-1.626427,0.227181,0.012668,0.010403,5.593841,0.218870,0.170580,0.170580,0.000000,1.000000,1.000000,0.000000,,0,0,0,1,1,0,0.017778,-0.201069,0.7500,0.5925,0.2635,2,ok
0,1890,210.080000,2.769576,-1.621959,0.245856,0.012573,0.029078,5.615672,0.217842,0.637336,0.320580,-0.316756,0.998893,0.998893,0.000000,C-06,0,0,0,1,1,0,0.015545,-0.227549,0.7292,0.6350,0.2644,2,ok
0,1891,210.200000,2.795072,-1.616531,0.278812,0.011294,0.018986,5.642373,0.216749,1.000000,0.470580,-0.529420,1.000000,1.000000,0.000000,C-06,0,0,0,1,1,0,0.015464,-0.226659,0.7292,0.6111,0.2647,2,ok
0,1892,210.300000,2.816161,-1.611178,0.298262,0.010967,0.038436,5.664128,0.217625,0.303055,0.320580,0.017525,1.000000,1.000000,0.000000,C-06,0,0,0,1,1,0,0.016617,-0.100891,0.7083,0.5775,0.2672,2,ok
0,1893,210.420000,2.841344,-1.603831,0.310900,0.010779,0.009812,5.690850,0.218678,-0.289315,0.170580,0.459895,1.000000,1.000000,0.000000,C-06,0,0,0,1,1,0,0.018182,-0.200603,0.7500,0.5436,0.2700,2,ok
0,1894,210.520000,2.862281,-1.597160,0.312794,0.010789,0.011706,5.712824,0.219836,-0.313641,0.020580,0.334221,1.000000,1.000000,0.000000,C-06,0,0,0,1,1,0,0.016251,-0.113294,0.7083,0.5588,0.2675,2,ok
0,1895,210.640000,2.887387,-1.589098,0.316038,0.010505,-0.025435,5.739576,0.219641,0.048617,0.048617,0.000000,1.000000,1.000000,0.000000,,0,0,0,1,1,0,0.015668,-0.107081,0.7083,0.5581,0.2678,2,ok
0,1896,210.740000,2.907462,-1.582528,0.323348,0.009921,-0.018124,5.760691,0.210182,0.136410,0.136410,0.000000,0.957138,0.957138,0.000000,,0,0,0,1,1,0,0.014169,-0.185781,0.6875,0.5313,0.2682,2,ok
0,1897,210.860000,2.929755,-1.574998,0.341842,0.009495,0.000369,5.783733,0.194278,0.514077,0.286410,-0.227667,0.887025,0.887025,0.000000,C-06,0,0,0,1,1,0,0.012708,-0.258672,0.8125,0.5260,0.2655,2,ok
0,1898,210.980000,2.953062,-1.567361,0.370500,0.007931,-0.007009,5.809033,0.206558,0.864856,0.436410,-0.428446,0.954120,0.954120,0.000000,C-06,0,0,0,1,1,0,0.011731,-0.272503,0.7917,0.5308,0.2688,2,ok
0,1899,211.080000,2.973287,-1.560341,0.402233,0.006959,0.024724,5.830420,0.215582,0.819490,0.586410,-0.233080,1.000000,1.000000,0.000000,C-06,0,0,0,1,1,0,0.010522,-0.153219,0.7500,0.5514,0.2662,2,ok
0,1900,211.200000,2.997424,-1.550700,0.431358,0.006364,0.020055,5.856631,0.216729,-0.505859,0.436410,0.942269,1.000000,1.000000,0.000000,C-06,0,0,0,1,1,0,0.011927,-0.070896,0.7708,0.5298,0.2693,2,ok
0,1901,211.300000,3.017331,-1.541881,0.447441,0.006464,0.036138,5.878403,0.217870,-0.346486,0.286410,0.632896,1.000000,1.000000,0.000000,C-06,0,0,0,1,1,0,0.011946,-0.102163,0.7500,0.5433,0.2685,2,ok
0,1902,211.420000,3.041075,-1.530646,0.456854,0.006843,0.012802,5.904880,0.218991,-0.347297,0.136410,0.483707,1.000000,1.000000,0.000000,C-06,0,0,0,1,1,0,0.013778,-0.094916,0.7500,0.5110,0.2682,2,ok
0,1903,211.520000,3.060818,-1.520949,0.456614,0.007124,0.012562,5.926874,0.220047,-0.207772,-0.013590,0.194182,1.000000,1.000000,0.000000,C-06,0,0,0,1,1,0,0.012325,-0.069233,0.6875,0.5501,0.2663,2,ok
0,1904,211.640000,3.084469,-1.509309,0.464658,0.007243,-0.011390,5.953477,0.219325,0.487052,0.136410,-0.350642,1.000000,1.000000,0.000000,C-06,0,0,0,1,1,0,0.009887,-0.038478,0.6667,0.5776,0.2675,2,ok
0,1905,211.740000,3.104107,-1.499570,0.470591,0.006880,-0.005457,5.975394,0.219197,0.111224,0.111224,0.000000,1.000000,1.000000,0.000000,,0,0,0,1,1,0,0.007678,-0.082847,0.6875,0.6053,0.2679,2,ok
0,1906,211.860000,3.125432,-1.488708,0.485886,0.006741,0.009837,5.999325,0.196885,0.407984,0.261224,-0.146761,0.855260,0.900000,0.044740,C-06,0,0,0,1,1,0,0.006021,-0.104346,0.7292,0.6316,0.2668,2,ok
0,1907,211.980000,3.148092,-1.477027,0.510647,0.005950,0.003506,6.025014,0.217360,0.453665,0.411224,-0.042441,1.000000,1.000000,0.000000,C-06,0,0,0,1,1,0,0.007482,-0.145273,0.7500,0.5982,0.2671,2,ok
0,1908,212.080000,3.166754,-1.466740,0.524561,0.005868,0.017420,6.046322,0.212676,0.131514,0.261224,0.129710,0.974025,0.974025,0.000000,C-06,0,0,0,1,1,0,0.007584,-0.157637,0.7500,0.6236,0.2705,2,ok
0,1909,212.200000,3.189459,-1.453661,0.531916,0.005664,-0.006236,6.072712,0.218998,0.091593,0.111224,0.019631,0.998491,0.998491,0.000000,C-06,0,0,0,1,1,0,0.009397,-0.163087,0.7292,0.5815,0.2678,2,ok
0,1910,212.300000,3.208390,-1.442571,0.536739,0.005455,-0.001412,6.094651,0.219441,0.094597,0.094597,0.000000,1.000000,1.000000,0.000000,,0,0,0,1,1,0,0.019263,-0.178968,0.7083,0.2531,0.2481,2,ok
0,1911,212.420000,3.228962,-1.430297,0.550557,0.005103,-0.017690,6.118756,0.197246,0.847356,0.244597,-0.602759,0.901545,0.901545,0.000000,C-06,0,0,0,1,1,0,0.008174,-0.158919,0.7083,0.5733,0.2669,2,ok
0,1912,212.520000,3.245726,-1.420026,0.569479,0.004746,0.001232,6.138413,0.195832,0.897196,0.394597,-0.502598,0.898927,0.898927,0.000000,C-06,0,0,0,1,1,0,0.008232,-0.161544,0.6875,0.5466,0.2661,2,ok
0,1913,212.640000,3.264840,-1.407655,0.595035,0.004895,0.026788,6.161180,0.188191,0.443494,0.443494,0.000000,0.863493,0.863493,0.000000,,0,0,0,1,1,0,0.009602,-0.128887,0.6458,0.5306,0.2676,2,ok
0,1914,212.740000,3.281208,-1.396611,0.609736,0.004793,0.011856,6.181077,0.199433,-0.127202,0.293494,0.420696,0.911533,0.911533,0.000000,C-06,0,0,0,1,1,0,0.010470,-0.123089,0.6667,0.5257,0.2730,2,ok
0,1915,212.860000,3.302385,-1.381787,0.618452,0.005100,0.020572,6.206925,0.219504,-0.414485,0.143494,0.557979,1.000000,1.000000,0.000000,C-06,0,0,0,1,1,0,0.012680,-0.134962,0.7083,0.5060,0.2702,2,ok
0,1916,212.980000,3.323889,-1.366478,0.618652,0.005100,-0.008271,6.233470,0.220022,-0.242766,-0.006506,0.236261,1.000000,1.000000,0.000000,C-06,0,0,0,1,1,0,0.013020,-0.083086,0.7917,0.4885,0.2692,2,ok
0,1917,213.080000,3.341010,-1.354265,0.624888,0.004937,-0.002036,6.254500,0.209296,0.549662,0.143494,-0.406168,0.953448,0.953448,0.000000,C-06,0,0,0,1,1,0,0.009795,-0.192258,0.7500,0.5268,0.2686,2,ok
0,1918,213.200000,3.360528,-1.340080,0.640870,0.004674,-0.015053,6.278765,0.200262,0.920119,0.293494,-0.626625,0.913802,0.913802,0.000000,C-06,0,0,0,1,1,0,0.006266,-0.115655,0.7708,0.5796,0.2692,2,ok
0,1919,213.300000,3.375752,-1.328616,0.660775,0.004476,0.004852,6.297822,0.189338,1.000000,0.443494,-0.556506,0.864394,0.864394,0.000000,C-06,0,0,0,1,1,0,0.007184,-0.073499,0.7292,0.5452,0.2687,2,ok
0,1920,213.420000,3.393192,-1.314781,0.685741,0.004807,0.029818,6.320080,0.185118,0.456795,0.456795,0.000000,0.843142,0.843142,0.000000,,0,0,0,1,1,0,0.005513,-0.087064,0.7500,0.6132,0.2689,2,ok
0,1921,213.520000,3.408672,-1.301942,0.700117,0.005021,0.015572,6.340331,0.207443,-0.157692,0.306795,0.464487,1.000000,0.943142,-0.056858,C-06,0,0,0,1,1,0,0.007453,-0.110948,0.6875,0.6036,0.2674,2,ok
0,1922,213.640000,3.428601,-1.284994,0.709097,0.005546,0.024552,6.366486,0.220058,-0.550985,0.156795,0.707780,1.000000,1.000000,0.000000,C-06,0,0,0,1,1,0,0.008787,-0.094127,0.6667,0.6089,0.2682,2,ok
0,1923,213.740000,3.445290,-1.270659,0.709875,0.005731,-0.004153,6.388647,0.220002,-0.295017,0.006795,0.301811,1.000000,1.000000,0.000000,C-06,0,0,0,1,1,0,0.008787,-0.094127,0.6667,0.6089,0.2682,2,ok
0,1924,213.860000,3.465302,-1.253437,0.711520,0.005671,-0.002509,6.415049,0.220017,0.031886,0.031886,0.000000,1.000000,1.000000,0.000000,,0,0,0,1,1,0,0.005956,-0.103742,0.7292,0.6763,0.2664,2,ok
0,1925,213.980000,3.483396,-1.237722,0.720855,0.005441,-0.021738,6.439177,0.198201,0.585085,0.181886,-0.403198,0.875437,0.900000,0.024563,C-06,0,0,0,1,1,0,0.004138,-0.160731,0.7917,0.7004,0.2649,2,ok
0,1926,214.080000,3.499263,-1.223559,0.735522,0.005160,-0.007071,6.460443,0.218562,0.743440,0.331886,-0.411554,0.992086,0.992086,0.000000,C-06,0,0,0,1,1,0,0.004691,-0.179186,0.7917,0.6778,0.2654,2,ok
0,1927,214.200000,3.518669,-1.205603,0.762158,0.005154,-0.009247,6.487054,0.220705,1.000000,0.481886,-0.518114,1.000000,1.000000,0.000000,C-06,0,0,0,1,1,0,0.003388,-0.071926,0.7708,0.7186,0.2656,2,ok
0,1928,214.300000,3.534458,-1.190235,0.784809,0.005088,0.013404,6.509087,0.220050,0.471567,0.471567,0.000000,1.000000,1.000000,0.000000,,0,0,0,1,1,0,0.004729,-0.161643,0.7500,0.7234,0.2663,2,ok
0,1929,214.420000,3.552951,-1.171424,0.804088,0.005592,0.032683,6.535461,0.219660,-0.307500,0.321567,0.629066,1.000000,1.000000,0.000000,C-06,0,0,0,1,1,0,0.004883,-0.039589,0.7083,0.7671,0.2685,2,ok
0,1930,214.520000,3.568144,-1.155544,0.812588,0.005813,0.011163,6.557571,0.219726,-0.398625,0.171567,0.570192,1.000000,1.000000,0.000000,C-06,0,0,0,1,1,0,0.007979,-0.117418,0.7083,0.7369,0.2693,2,ok
0,1931,214.640000,3.586276,-1.136363,0.814306,0.006205,0.012881,6.583963,0.219963,-0.458793,0.021567,0.480359,1.000000,1.000000,0.000000,C-06,0,0,0,1,1,0,0.006288,0.008295,0.7083,0.8064,0.2666,2,ok
0,1932,214.740000,3.599989,-1.121819,0.816878,0.006109,-0.013979,6.604140,0.197892,0.057387,0.057387,0.000000,0.821652,0.900000,0.078348,C-06,0,0,0,1,1,0,0.012690,-0.098347,0.6875,0.6576,0.2624,2,ok
0,1933,214.860000,3.616886,-1.103724,0.825689,0.005883,-0.005168,6.628896,0.207685,0.163932,0.163932,0.000000,0.945820,0.945820,0.000000,,0,0,0,1,1,0,0.006545,-0.082874,0.6875,0.7878,0.2671,2,ok
0,1934,214.980000,3.632957,-1.086014,0.842592,0.005700,-0.018460,6.653011,0.198169,0.516248,0.313932,-0.202316,0.903099,0.903099,0.000000,C-06,0,0,0,1,1,0,0.012549,-0.218211,0.8125,0.6145,0.2610,2,ok
0,1935,215.080000,3.647057,-1.069930,0.863167,0.005445,0.002116,6.674399,0.219825,1.000000,0.463932,-0.536068,1.000000,1.000000,0.000000,C-06,0,0,0,1,1,0,0.009151,-0.082187,0.7708,0.7055,0.2629,2,ok
0,1936,215.200000,3.663954,-1.049598,0.895988,0.005744,0.003435,6.700984,0.220724,1.000000,0.613932,-0.386068,1.000000,1.000000,0.000000,C-06,0,0,0,1,1,0,0.010009,-0.203106,0.7708,0.7139,0.2648,2,ok
0,1937,215.300000,3.677639,-1.032269,0.917900,0.006037,0.025346,6.723063,0.220978,0.288390,0.463932,0.175542,1.000000,1.000000,0.000000,C-06,0,0,0,1,1,0,0.010443,-0.129562,0.7708,0.7187,0.2663,2,ok
0,1938,215.420000,3.693644,-1.011152,0.936060,0.006915,0.043506,6.749546,0.220890,-1.000000,0.313932,1.313932,1.000000,1.000000,0.000000,C-06,0,0,0,1,1,0,0.027707,-0.223413,0.7292,0.2668,0.2443,2,ok
0,1939,215.520000,3.706702,-0.993380,0.944359,0.007240,0.019468,6.771853,0.220517,-1.000000,0.163932,1.163932,1.000000,1.000000,0.000000,C-06,0,0,0,1,1,0,0.017309,-0.128291,0.7292,0.6292,0.2644,2,ok
0,1940,215.640000,3.722176,-0.971980,0.945575,0.007740,0.020684,6.798256,0.220044,-0.692703,0.013932,0.706635,1.000000,1.000000,0.000000,C-06,0,0,0,1,1,0,0.019290,-0.242477,0.7083,0.5651,0.2671,2,ok
0,1941,215.740000,3.734120,-0.955382,0.952750,0.007779,-0.005621,6.818943,0.203325,0.177501,0.163932,-0.013569,0.921627,0.921627,0.000000,C-06,0,0,0,1,1,0,0.014942,-0.216257,0.6875,0.6306,0.2678,2,ok
0,1942,215.860000,3.748888,-0.934061,0.970219,0.008010,0.011849,6.844878,0.220032,0.527287,0.313932,-0.213355,1.000000,1.000000,0.000000,C-06,0,0,0,1,1,0,0.018927,-0.147750,0.7083,0.4975,0.2524,2,ok
0,1943,215.980000,3.763216,-0.913020,0.996502,0.008076,0.000319,6.870614,0.212134,0.628613,0.463932,-0.164680,0.953867,0.953867,0.000000,C-06,0,0,0,1,1,0,0.015331,-0.171779,0.7917,0.5356,0.2602,2,ok
0,1944,216.080000,3.774866,-0.894529,1.026190,0.008473,0.030007,6.892465,0.221074,1.000000,0.613932,-0.386068,1.000000,1.000000,0.000000,C-06,0,0,0,1,1,0,0.017839,-0.272784,0.8333,0.4781,0.2629,2,ok
0,1945,216.200000,3.788787,-0.871754,1.054817,0.009124,0.019454,6.919512,0.223021,-0.352663,0.463932,0.816595,1.000000,1.000000,0.000000,C-06,0,0,0,1,1,0,0.015649,-0.235610,0.7292,0.5580,0.2636,2,ok
0,1946,216.300000,3.799921,-0.852527,1.071535,0.009469,0.036172,6.941728,0.222150,-1.000000,0.313932,1.313932,1.000000,1.000000,0.000000,C-06,0,0,0,1,1,0,0.017635,-0.158993,0.7500,0.5269,0.2656,2,ok
0,1947,216.420000,3.812732,-0.829280,1.082173,0.010444,0.046810,6.968253,0.221150,-0.672347,0.163932,0.836279,1.000000,1.000000,0.000000,C-06,0,0,0,1,1,0,0.021347,-0.186506,0.7083,0.4220,0.2624,2,ok
0,1948,216.520000,3.823078,-0.809846,1.083363,0.010583,0.006665,6.990770,0.220097,-0.227095,0.013932,0.241027,1.000000,1.000000,0.000000,C-06,0,0,0,1,1,0,0.019129,-0.209563,0.7500,0.4633,0.2658,2,ok
0,1949,216.640000,3.834298,-0.788628,1.092820,0.010731,0.016122,7.014772,0.198751,0.463806,0.163932,-0.299874,0.890364,0.900000,0.009636,C-06,0,0,0,1,1,0,0.017006,-0.124165,0.7292,0.4664,0.2634,2,ok
0,1950,216.740000,3.843606,-0.770618,1.094096,0.010619,-0.023680,7.035514,0.203307,-0.079850,0.013932,0.093782,0.924358,0.924358,0.000000,C-06,0,0,0,1,1,0,0.016234,-0.160931,0.7083,0.4318,0.2705,2,ok
0,1951,216.860000,3.854934,-0.748042,1.103795,0.010216,-0.013981,7.060770,0.211906,0.500754,0.163932,-0.336822,0.965458,0.965458,0.000000,C-06,0,0,0,1,1,0,0.015152,-0.179205,0.7500,0.4263,0.2667,2,ok
0,1952,216.980000,3.866233,-0.725624,1.122972,0.009550,-0.034207,7.086267,0.209600,0.686448,0.313932,-0.372516,0.944769,0.944769,0.000000,C-06,0,0,0,1,1,0,0.012002,-0.185190,0.7917,0.4513,0.2631,2,ok
0,1953,217.080000,3.875586,-0.705899,1.147054,0.008792,-0.010125,7.108084,0.221132,1.000000,0.463932,-0.536068,1.000000,1.000000,0.000000,C-06,0,0,0,1,1,0,0.012516,-0.188767,0.7917,0.4089,0.2655,2,ok
0,1954,217.200000,3.886799,-0.681631,1.186620,0.008128,0.029440,7.134809,0.224210,0.992425,0.613932,-0.378493,1.000000,1.000000,0.000000,C-06,0,0,0,1,1,0,0.012840,-0.208393,0.7917,0.3996,0.2693,2,ok
0,1955,217.300000,3.895823,-0.661126,1.213330,0.007257,0.019051,7.157463,0.224007,-0.754474,0.463932,1.218406,1.000000,1.000000,0.000000,C-06,0,0,0,1,1,0,0.012863,-0.163518,0.7917,0.4220,0.2673,2,ok
0,1956,217.420000,3.905714,-0.636294,1.235257,0.007149,0.040978,7.184192,0.222668,-0.414636,0.313932,0.728568,1.000000,1.000000,0.000000,C-06,0,0,0,1,1,0,0.014476,-0.103670,0.7708,0.4117,0.2663,2,ok
0,1957,217.520000,3.913288,-0.615483,1.245353,0.007187,0.017432,7.206567,0.221359,-0.758971,0.163932,0.922904,1.000000,1.000000,0.000000,C-06,0,0,0,1,1,0,0.015690,-0.082815,0.7500,0.3990,0.2668,2,ok
0,1958,217.640000,3.921772,-0.590459,1.246922,0.007624,0.019001,7.232985,0.220113,-0.456817,0.013932,0.470749,1.000000,1.000000,0.000000,C-06,0,0,0,1,1,0,0.014879,-0.073010,0.7292,0.4072,0.2666,2,ok
0,1959,217.740000,3.928774,-0.569575,1.255665,0.007640,-0.003138,7.255293,0.220535,0.493799,0.163932,-0.329867,1.000000,1.000000,0.000000,C-06,0,0,0,1,1,0,0.011692,-0.056747,0.6458,0.4408,0.2696,2,ok
0,1960,217.860000,3.937174,-0.544419,1.269921,0.007237,0.011118,7.281811,0.221430,0.207215,0.207215,0.000000,1.000000,1.000000,0.000000,,0,0,0,1,1,0,0.011692,-0.056747,0.6458,0.4408,0.2696,2,ok
0,1961,217.980000,3.945490,-0.519148,1.284865,0.006660,-0.003862,7.308592,0.221733,0.212928,0.212928,0.000000,1.000000,1.000000,0.000000,,0,0,0,1,1,0,0.013555,-0.157787,0.8125,0.3687,0.2654,2,ok
0,1962,218.080000,3.952201,-0.498000,1.298724,0.006074,0.009997,7.330772,0.221901,0.236035,0.236035,0.000000,1.000000,1.000000,0.000000,,0,0,0,1,1,0,0.013095,-0.150264,0.8125,0.3696,0.2655,2,ok
0,1963,218.200000,3.959713,-0.472530,1.310497,0.005737,-0.006614,7.357486,0.221257,0.161267,0.161267,0.000000,1.000000,1.000000,0.000000,,0,0,0,1,1,0,0.009655,-0.123278,0.7708,0.4464,0.2660,2,ok
0,1964,218.300000,3.965789,-0.451224,1.328357,0.005201,0.011246,7.379634,0.221976,0.377836,0.311267,-0.066570,1.000000,1.000000,0.000000,C-06,0,0,0,1,1,0,0.010189,-0.130991,0.7708,0.4287,0.2668,2,ok
0,1965,218.420000,3.973061,-0.425510,1.357663,0.004614,0.040552,7.404250,0.223118,0.408158,0.408158,0.000000,1.000000,1.000000,0.000000,,0,0,0,1,1,0,0.010693,-0.132640,0.7292,0.4149,0.2694,2,ok
0,1966,218.520000,3.978402,-0.403969,1.374365,0.004161,0.031469,7.428670,0.221810,-0.224951,0.258158,0.483109,1.000000,1.000000,0.000000,C-06,0,0,0,1,1,0,0.010141,0.008727,0.7292,0.4823,0.2715,2,ok
0,1967,218.640000,3.983900,-0.378052,1.383241,0.004593,0.040345,7.455159,0.220699,-0.146904,0.108158,0.255062,1.000000,1.000000,0.000000,C-06,0,0,0,1,1,0,0.012107,-0.038392,0.7500,0.4601,0.2688,3,ok
0,1968,218.740000,3.988030,-0.356441,1.381302,0.004926,0.012791,7.477271,0.219933,-0.106174,-0.041842,0.064332,1.000000,1.000000,0.000000,C-06,0,0,0,1,1,0,0.011569,-0.006024,0.6667,0.4816,0.2736,2,ok
0,1969,218.860000,3.993005,-0.330497,1.388688,0.005244,0.020177,7.503685,0.220288,0.231325,0.108158,-0.123167,1.000000,1.000000,0.000000,C-06,0,0,0,1,1,0,0.010035,0.045435,0.6667,0.5203,0.2717,2,ok
0,1970,218.980000,3.997982,-0.304492,1.407424,0.005111,0.014002,7.530284,0.220966,0.277642,0.258158,-0.019484,1.000000,1.000000,0.000000,C-06,0,0,0,1,1,0,0.010738,-0.105639,0.8333,0.4712,0.2629,2,ok
0,1971,219.080000,4.001864,-0.282771,1.415004,0.005140,0.021582,7.552350,0.220619,0.082122,0.108158,0.026036,1.000000,1.000000,0.000000,C-06,0,0,0,1,1,0,0.011730,-0.111165,0.8125,0.4568,0.2632,2,ok
0,1972,219.200000,4.005994,-0.256691,1.414215,0.005309,-0.003073,7.578888,0.219982,-0.018919,-0.018919,0.000000,1.000000,1.000000,0.000000,,0,0,0,1,1,0,0.007562,0.028892,0.7708,0.5914,0.2666,2,ok
0,1973,219.300000,4.009426,-0.234949,1.421599,0.005226,0.004310,7.600899,0.220233,0.315393,0.131081,-0.184313,1.000000,1.000000,0.000000,C-06,0,0,0,1,1,0,0.008604,-0.093748,0.8125,0.5416,0.2659,2,ok
0,1974,219.420000,4.013545,-0.208805,1.442616,0.004879,0.001195,7.627485,0.220851,0.451514,0.281081,-0.170434,1.000000,1.000000,0.000000,C-06,0,0,0,1,1,0,0.008125,-0.029218,0.7708,0.5535,0.2691,2,ok
0,1975,219.520000,4.016909,-0.186968,1.455602,0.004354,0.014180,7.649573,0.220936,0.192295,0.192295,0.000000,1.000000,1.000000,0.000000,,0,0,0,1,1,0,0.007623,-0.034794,0.7292,0.6055,0.2699,2,ok
0,1976,219.640000,4.020780,-0.160707,1.481877,0.003743,0.015755,7.676201,0.221467,0.517662,0.342295,-0.175367,1.000000,1.000000,0.000000,C-06,0,0,0,1,1,0,0.009500,-0.002382,0.7292,0.5608,0.2667,2,ok
0,1977,219.740000,4.023365,-0.138781,1.495516,0.003494,0.029394,7.698278,0.220696,-0.155797,0.192295,0.348092,1.000000,1.000000,0.000000,C-06,0,0,0,1,1,0,0.009500,-0.002382,0.7292,0.5608,0.2667,2,ok
0,1978,219.860000,4.025528,-0.112451,1.499657,0.004131,0.033535,7.722465,0.220124,-0.333306,0.042295,0.375602,1.000000,1.000000,0.000000,C-06,0,0,0,1,1,0,0.011534,0.013804,0.7708,0.5624,0.2657,2,ok
0,1979,219.980000,4.027427,-0.086118,1.499614,0.004305,0.009323,7.751193,0.220006,-0.003587,-0.003587,0.000000,1.000000,1.000000,0.000000,,0,0,0,1,1,0,0.011931,-0.107215,0.8125,0.5633,0.2664,2,ok
0,1980,220.080000,4.029000,-0.064167,1.508611,0.004509,0.018320,7.773199,0.220130,0.390407,0.146413,-0.243994,1.000000,1.000000,0.000000,C-06,0,0,0,1,1,0,0.008923,-0.120276,0.7708,0.6211,0.2669,2,ok
0,1981,220.200000,4.030888,-0.037803,1.531919,0.004130,0.016191,7.799746,0.220386,0.460983,0.296413,-0.164570,1.000000,1.000000,0.000000,C-06,0,0,0,1,1,0,0.010468,-0.137805,0.7917,0.5704,0.2662,2,ok
0,1982,220.300000,4.032466,-0.016197,1.561878,0.003734,0.046151,7.821406,0.216123,0.659498,0.446413,-0.213085,0.979809,0.979809,0.000000,C-06,0,0,0,1,1,0,0.009955,-0.073473,0.7917,0.6205,0.2678,2,ok
0,1983,220.420000,4.033866,0.010150,1.587817,0.003345,0.046036,7.847871,0.220152,0.126932,0.296413,0.169481,1.000000,1.000000,0.000000,C-06,0,0,0,1,1,0,0.011219,-0.061724,0.7292,0.6151,0.2666,2,ok
0,1984,220.520000,4.034017,0.032144,1.598790,0.003896,0.057009,7.869859,0.219917,-0.488662,0.146413,0.635075,1.000000,1.000000,0.000000,C-06,0,0,0,1,1,0,0.014410,-0.088652,0.7083,0.5868,0.2701,2,ok
0,1985,220.640000,4.033306,0.058533,1.599327,0.005021,0.029960,7.896369,0.220001,-0.407404,-0.003587,0.403817,1.000000,1.000000,0.000000,C-06,0,0,0,1,1,0,0.011241,0.086996,0.7083,0.6708,0.2708,2,ok
0,1986,220.740000,4.032673,0.080523,1.604212,0.005695,0.034844,7.918357,0.219970,0.076819,0.076819,0.000000,1.000000,1.000000,0.000000,,0,0,0,1,1,0,0.014808,0.027931,0.7083,0.5954,0.2648,2,ok
0,1987,220.860000,4.031914,0.106899,1.622003,0.006262,0.022974,7.944899,0.219812,0.313714,0.226819,-0.086896,1.000000,1.000000,0.000000,C-06,0,0,0,1,1,0,0.015183,-0.092611,0.7708,0.5636,0.2601,2,ok
0,1988,220.980000,4.031153,0.133251,1.639970,0.006384,0.040941,7.971261,0.219579,0.219837,0.219837,0.000000,1.000000,1.000000,0.000000,,0,0,0,1,1,0,0.011210,-0.053027,0.7917,0.6759,0.2688,2,ok
0,1989,221.080000,4.029886,0.155194,1.645507,0.006986,0.013629,7.993460,0.219814,0.033443,0.069837,0.036394,1.000000,1.000000,0.000000,C-06,0,0,0,1,1,0,0.010298,0.047708,0.7708,0.7177,0.2702,2,ok
0,1990,221.200000,4.028234,0.181504,1.661475,0.007132,0.029597,8.019822,0.219543,0.210196,0.210196,0.000000,1.000000,1.000000,0.000000,,0,0,0,1,1,0,0.010232,-0.085234,0.7917,0.7078,0.2664,2,ok
0,1991,221.300000,4.026857,0.203390,1.684309,0.007257,0.052430,8.041751,0.219049,0.597365,0.360196,-0.237169,1.000000,1.000000,0.000000,C-06,0,0,0,1,1,0,0.006880,0.090542,0.7708,0.8044,0.2776,2,ok
0,1992,221.420000,4.024588,0.229592,1.701606,0.007127,0.036261,8.068317,0.219141,0.163545,0.210196,0.046652,1.000000,1.000000,0.000000,C-06,0,0,0,1,1,0,0.007578,0.090318,0.7500,0.8193,0.2768,2,ok
0,1993,221.520000,4.021922,0.251397,1.706296,0.007743,0.040951,8.090275,0.219718,-0.052834,0.060196,0.113030,1.000000,1.000000,0.000000,C-06,0,0,0,1,1,0,0.008747,0.094900,0.7500,0.8035,0.2748,2,ok
0,1994,221.640000,4.018609,0.277528,1.721583,0.007876,0.021597,8.116920,0.219274,0.504591,0.210196,-0.294395,1.000000,1.000000,0.000000,C-06,0,0,0,1,1,0,0.004428,0.199562,0.7292,0.8937,0.2771,2,ok
0,1995,221.740000,4.015732,0.299261,1.731726,0.007860,0.031740,8.138843,0.219209,0.154266,0.154266,0.000000,1.000000,1.000000,0.000000,,0,0,0,1,1,0,0.006072,-0.020089,0.7292,0.8892,0.2710,2,ok
0,1996,221.860000,4.011906,0.325299,1.741533,0.007800,0.006862,8.165423,0.219303,0.127629,0.127629,0.000000,1.000000,1.000000,0.000000,,0,0,0,1,1,0,0.006843,-0.051966,0.8125,0.8980,0.2688,2,ok
0,1997,221.980000,4.007918,0.351271,1.761555,0.007456,0.026884,8.191697,0.218592,0.429100,0.277629,-0.151471,1.000000,1.000000,0.000000,C-06,0,0,0,1,1,0,0.006082,0.004271,0.8125,0.9268,0.2732,2,ok
0,1998,222.080000,4.004592,0.372818,1.787145,0.006967,0.019250,8.213724,0.217516,0.613402,0.427629,-0.185773,1.000000,1.000000,0.000000,C-06,0,0,0,1,1,0,0.005685,0.014996,0.8125,0.9616,0.2706,2,ok
0,1999,222.200000,4.000094,0.398511,1.818126,0.006338,0.050232,8.239801,0.217258,0.423721,0.423721,0.000000,1.000000,1.000000,0.000000,,0,0,0,1,1,0,0.003028,0.183388,0.7917,1.0633,0.2761,2,ok
0,2000,222.300000,3.995363,0.419793,1.835329,0.006803,0.067435,8.260753,0.218069,-0.217223,0.273721,0.490944,1.000000,1.000000,0.000000,C-06,0,0,0,1,1,0,0.008069,-0.054724,0.7500,0.9716,0.2679,2,ok
0,2001,222.420000,3.988788,0.445240,1.844724,0.007358,0.043916,8.288098,0.219078,-0.307759,0.123721,0.431480,1.000000,1.000000,0.000000,C-06,0,0,0,1,1,0,0.005804,0.206021,0.7708,1.0749,0.2744,2,ok
0,2002,222.520000,3.982866,0.466420,1.843889,0.008283,0.043081,8.310071,0.220038,-0.220640,-0.026279,0.194361,1.000000,1.000000,0.000000,C-06,0,0,0,1,1,0,0.006261,0.216689,0.7500,1.0901,0.2747,2,ok
0,2003,222.640000,3.975748,0.491816,1.851887,0.008767,0.017402,8.336687,0.219553,0.484907,0.123721,-0.361186,1.000000,1.000000,0.000000,C-06,0,0,0,1,1,0,0.003423,0.032458,0.6875,1.1555,0.2786,2,ok
0,2004,222.740000,3.969817,0.512908,1.867198,0.009082,0.032713,8.358595,0.218660,0.316773,0.273721,-0.043052,1.000000,1.000000,0.000000,C-06,0,0,0,1,1,0,0.004673,-0.055945,0.7708,1.1495,0.2759,2,ok
0,2005,222.860000,3.962713,0.537252,1.895585,0.009122,0.025425,8.384296,0.209681,0.480034,0.423721,-0.056313,0.964339,0.964339,0.000000,C-06,0,0,0,1,1,0,0.005499,0.049246,0.7917,1.1498,0.2746,2,ok
0,2006,222.980000,3.955005,0.562061,1.918381,0.009235,0.048220,8.410274,0.217470,0.326131,0.326131,0.000000,1.000000,1.000000,0.000000,,0,0,0,1,1,0,0.003204,0.217061,0.8542,1.2367,0.2768,2,ok
0,2007,223.080000,3.947837,0.582704,1.928860,0.009721,0.021276,8.432477,0.218599,-0.080382,0.176131,0.256514,1.000000,1.000000,0.000000,C-06,0,0,0,1,1,0,0.008231,0.188649,0.8125,1.1917,0.2765,2,ok
0,2008,223.200000,3.938645,0.607417,1.931137,0.010308,0.023552,8.458837,0.219788,-0.202513,0.026131,0.228644,1.000000,1.000000,0.000000,C-06,0,0,0,1,1,0,0.009213,-0.135323,0.7708,1.1796,0.2697,2,ok
0,2009,223.300000,3.930890,0.627970,1.940407,0.010900,0.032822,8.478318,0.219366,0.525415,0.176131,-0.349283,1.000000,1.000000,0.000000,C-06,0,0,0,1,1,0,0.006910,0.170888,0.7917,1.2489,0.2761,2,ok
0,2010,223.420000,3.921579,0.652489,1.961405,0.010449,0.013205,8.507477,0.217800,0.620977,0.326131,-0.294845,1.000000,1.000000,0.000000,C-06,0,0,0,1,1,0,0.005148,0.018420,0.8125,1.2837,0.2724,2,ok
0,2011,223.520000,3.913831,0.672109,1.983815,0.010456,0.035616,8.528571,0.209420,0.420628,0.420628,0.000000,0.965037,0.965037,0.000000,,0,0,0,1,1,0,0.005659,-0.091010,0.7292,1.2745,0.2684,2,ok
0,2012,223.640000,3.904527,0.694248,2.006831,0.010171,0.015862,8.553024,0.199069,0.352507,0.352507,0.000000,0.916860,0.916860,0.000000,,0,0,0,1,1,0,0.004179,-0.024548,0.7292,1.2963,0.2701,2,ok
0,2013,223.740000,3.895946,0.713675,2.029244,0.010134,0.038274,8.574261,0.216905,0.427704,0.427704,0.000000,1.000000,1.000000,0.000000,,0,0,0,1,1,0,0.008163,0.194716,0.7292,1.2213,0.2690,2,ok
0,2014,223.860000,3.884829,0.737148,2.063597,0.010248,0.027112,8.600701,0.216267,0.557440,0.557440,0.000000,1.000000,1.000000,0.000000,,0,0,0,1,1,0,0.008496,-0.004511,0.7917,1.2183,0.2695,2,ok
0,2015,223.980000,3.872724,0.760242,2.089236,0.010768,0.052752,8.626769,0.217448,0.073864,0.407440,0.333577,1.000000,1.000000,0.000000,C-06,0,0,0,1,1,0,0.011974,-0.149804,0.8333,1.1764,0.2625,2,ok
0,2016,224.080000,3.862023,0.779275,2.102746,0.011641,0.018809,8.649140,0.218457,-0.026146,0.257440,0.283586,1.000000,1.000000,0.000000,C-06,0,0,0,1,1,0,0.011188,-0.156285,0.7708,1.2213,0.2661,2,ok
0,2017,224.200000,3.848711,0.801977,2.109762,0.012157,0.025825,8.675452,0.219371,-0.059134,0.107440,0.166574,1.000000,1.000000,0.000000,C-06,0,0,0,1,1,0,0.016064,0.024327,0.8125,1.1126,0.2586,2,ok
0,2018,224.300000,3.837422,0.820793,2.121966,0.012808,0.038028,8.697385,0.218918,0.320270,0.257440,-0.062829,1.000000,1.000000,0.000000,C-06,0,0,0,1,1,0,0.015052,-0.260393,0.7917,1.1357,0.2608,2,ok
0,2019,224.420000,3.823680,0.843122,2.145581,0.012701,0.011826,8.724256,0.218019,0.670719,0.407440,-0.263278,1.000000,1.000000,0.000000,C-06,0,0,0,1,1,0,0.017007,-0.138262,0.7708,1.0679,0.2562,2,ok
0,2020,224.520000,3.811853,0.861430,2.172134,0.012965,0.038379,8.746050,0.217745,0.566452,0.557440,-0.009012,1.000000,1.000000,0.000000,C-06,0,0,0,1,1,0,0.016909,-0.274436,0.6875,1.0824,0.2593,2,ok
0,2021,224.640000,3.797554,0.881752,2.195944,0.013516,0.010101,8.771583,0.205328,0.359189,0.407440,0.048251,0.937051,0.937051,0.000000,C-06,0,0,0,1,1,0,0.025841,-0.197622,0.7292,0.8862,0.2505,2,ok
0,2022,224.740000,3.784976,0.899122,2.208577,0.013809,0.022734,8.793026,0.216358,0.019129,0.257440,0.238312,0.986669,0.986669,0.000000,C-06,0,0,0,1,1,0,0.023670,-0.125762,0.7292,0.9152,0.2549,2,ok
0,2023,224.860000,3.769262,0.920256,2.215104,0.014167,-0.024433,8.820123,0.219732,0.052480,0.107440,0.054961,1.000000,1.000000,0.000000,C-06,0,0,0,1,1,0,0.021020,-0.320000,0.8125,0.9451,0.2632,2,ok
0,2024,224.980000,3.753419,0.941169,2.228869,0.013683,-0.010667,8.846355,0.218478,0.373975,0.257440,-0.116534,0.995378,0.995378,0.000000,C-06,0,0,0,1,1,0,0.022837,-0.261483,0.8125,0.8408,0.2552,2,ok
0,2025,225.080000,3.740579,0.957608,2.245677,0.013606,0.006140,8.867214,0.207558,0.377338,0.377338,0.000000,0.945638,0.945638,0.000000,,0,0,0,1,1,0,0.019524,-0.304431,0.8333,0.8147,0.2622,2,ok
0,2026,225.200000,3.725159,0.976409,2.273737,0.012871,-0.020749,8.892288,0.202517,0.585515,0.527338,-0.058177,0.920661,0.920661,0.000000,C-06,0,0,0,1,1,0,0.017575,-0.320000,0.7708,0.8083,0.2601,2,ok
0,2027,225.300000,3.713162,0.990268,2.302411,0.012692,0.007925,8.910617,0.181636,0.641734,0.641734,0.000000,0.819182,0.820661,0.001479,C-06,0,0,0,1,1,0,0.017812,-0.320000,0.7917,0.7571,0.2591,2,ok
0,2028,225.420000,3.697116,1.007547,2.330667,0.012873,-0.020201,8.934922,0.202809,0.394887,0.491734,0.096847,1.000000,0.920661,-0.079339,C-06,0,0,0,1,1,0,0.017625,-0.320000,0.7500,0.7205,0.2627,2,ok
0,2029,225.520000,3.682023,1.022945,2.360843,0.012791,0.009974,8.956482,0.219890,0.928047,0.641734,-0.286313,1.000000,1.000000,0.000000,C-06,0,0,0,1,1,0,0.021764,-0.320000,0.7708,0.6015,0.2634,2,ok
0,2030,225.640000,3.663066,1.041111,2.405117,0.013513,0.054248,8.982729,0.218259,1.000000,0.791734,-0.208266,1.000000,1.000000,0.000000,C-06,0,0,0,1,1,0,0.022939,-0.241126,0.7500,0.5733,0.2638,2,ok
0,2031,225.740000,3.646650,1.055641,2.434853,0.013800,0.027307,9.005422,0.219775,-0.282284,0.641734,0.924018,1.000000,1.000000,0.000000,C-06,0,0,0,1,1,0,0.023016,-0.176620,0.7292,0.5645,0.2658,2,ok
0,2032,225.860000,3.626344,1.072550,2.461922,0.014864,0.054376,9.031825,0.220483,-0.685020,0.491734,1.176754,1.000000,1.000000,0.000000,C-06,0,0,0,1,1,0,0.023160,-0.271107,0.7708,0.5438,0.2669,2,ok
0,2033,225.980000,3.605649,1.089040,2.481202,0.015481,0.017146,9.059176,0.220620,-1.000000,0.341734,1.341734,1.000000,1.000000,0.000000,C-06,0,0,0,1,1,0,0.021651,-0.209618,0.8125,0.5666,0.2680,2,ok
0,2034,226.080000,3.588210,1.102519,2.490503,0.015874,0.026447,9.081213,0.220422,-1.000000,0.191734,1.191734,1.000000,1.000000,0.000000,C-06,0,0,0,1,1,0,0.024513,-0.264216,0.8333,0.4657,0.2616,2,ok
0,2035,226.200000,3.567185,1.118507,2.493321,0.016014,-0.026343,9.108517,0.220097,0.010530,0.041734,0.031204,1.000000,1.000000,0.000000,C-06,0,0,0,1,1,0,0.022872,-0.267131,0.8333,0.4667,0.2628,2,ok
0,2036,226.300000,3.549598,1.131779,2.501625,0.015446,-0.018038,9.130542,0.220506,0.767138,0.191734,-0.575404,1.000000,1.000000,0.000000,C-06,0,0,0,1,1,0,0.019502,-0.243358,0.7917,0.4906,0.2660,2,ok
0,2037,226.420000,3.528281,1.147506,2.520352,0.015049,0.000689,9.155227,0.221140,0.944745,0.341734,-0.603010,1.000000,1.000000,0.000000,C-06,0,0,0,1,1,0,0.017429,-0.261851,0.7292,0.4834,0.2638,2,ok
0,2038,226.520000,3.510250,1.160327,2.543447,0.013750,-0.028110,9.179959,0.222038,1.000000,0.491734,-0.508266,1.000000,1.000000,0.000000,C-06,0,0,0,1,1,0,0.015811,-0.266877,0.7708,0.4336,0.2629,2,ok
0,2039,226.640000,3.488172,1.175363,2.580373,0.012871,0.008816,9.206656,0.223418,0.748112,0.641734,-0.106377,1.000000,1.000000,0.000000,C-06,0,0,0,1,1,0,0.014826,-0.215738,0.7708,0.4436,0.2630,2,ok
0,2040,226.740000,3.469401,1.187378,2.605421,0.011877,-0.011896,9.229576,0.222957,0.144399,0.491734,0.347336,1.000000,1.000000,0.000000,C-06,0,0,0,1,1,0,0.013934,-0.174909,0.7500,0.4342,0.2663,2,ok
0,2041,226.860000,3.446560,1.201140,2.626809,0.011111,0.009492,9.256231,0.222226,-1.000000,0.341734,1.341734,1.000000,1.000000,0.000000,C-06,0,0,0,1,1,0,0.012609,-0.152818,0.7917,0.4606,0.2686,2,ok
0,2042,226.980000,3.423500,1.214318,2.639131,0.010364,-0.019615,9.283200,0.221293,-1.000000,0.191734,1.191734,1.000000,1.000000,0.000000,C-06,0,0,0,1,1,0,0.015953,-0.171534,0.7917,0.3684,0.2638,2,ok
0,2043,227.080000,3.404202,1.224955,2.641820,0.009734,-0.016927,9.305226,0.220282,-0.344201,0.041734,0.385935,1.000000,1.000000,0.000000,C-06,0,0,0,1,1,0,0.014168,-0.180551,0.8333,0.3863,0.2671,2,ok
0,2044,227.200000,3.382357,1.236837,2.652957,0.008921,-0.041210,9.330342,0.206626,0.316695,0.191734,-0.124960,0.935185,0.935185,0.000000,C-06,0,0,0,1,1,0,0.011964,-0.201614,0.8333,0.3954,0.2643,2,ok
0,2045,227.300000,3.365823,1.245661,2.669690,0.008112,-0.024477,9.349066,0.185302,1.000000,0.341734,-0.658266,0.746615,0.835185,0.088570,C-06,0,0,0,1,1,0,0.009500,-0.172761,0.8333,0.4142,0.2657,2,ok
0,2046,227.420000,3.347459,1.255392,2.699922,0.007276,0.005755,9.369831,0.172787,0.724728,0.491734,-0.232993,0.768938,0.768938,0.000000,C-06,0,0,0,1,1,0,0.008403,-0.162257,0.7917,0.4159,0.2648,2,ok
0,2047,227.520000,3.330643,1.263267,2.718888,0.007007,-0.005179,9.388642,0.191129,-0.103157,0.341734,0.444891,1.000000,0.868938,-0.131062,C-06,0,0,0,1,1,0,0.010406,-0.114017,0.7708,0.3937,0.2682,2,ok
0,2048,227.640000,3.307811,1.273019,2.732046,0.007251,0.007979,9.413468,0.212217,-0.659464,0.191734,0.851198,1.000000,0.968938,-0.031062,C-06,0,0,0,1,1,0,0.011300,-0.089683,0.7500,0.4028,0.2647,2,ok
0,2049,227.740000,3.287703,1.281625,2.734981,0.007285,-0.016790,9.435529,0.219805,-0.436269,0.041734,0.478003,1.000000,1.000000,0.000000,C-06,0,0,0,1,1,0,0.010751,-0.061591,0.7292,0.4163,0.2688,2,ok
0,2050,227.860000,3.263486,1.292059,2.728510,0.006784,-0.023261,9.461893,0.219493,-0.122654,-0.108266,0.014389,1.000000,1.000000,0.000000,C-06,0,0,0,1,1,0,0.010050,-0.051229,0.7292,0.4202,0.2728,2,ok
0,2051,227.980000,3.239764,1.302452,2.730646,0.005999,-0.047140,9.487928,0.215673,0.549194,0.041734,-0.507459,0.979463,0.979463,0.000000,C-06,0,0,0,1,1,0,0.008816,-0.161246,0.8125,0.3810,0.2670,2,ok
0,2052,228.080000,3.219605,1.311075,2.740440,0.005119,-0.037346,9.509836,0.220070,1.000000,0.191734,-0.808266,1.000000,1.000000,0.000000,C-06,0,0,0,1,1,0,0.005963,-0.151041,0.8125,0.3902,0.2678,2,ok
0,2053,228.200000,3.196196,1.321164,2.762111,0.004026,-0.015676,9.535228,0.212337,1.000000,0.341734,-0.658266,0.954840,0.954840,0.000000,C-06,0,0,0,1,1,0,0.004787,-0.149898,0.7917,0.4001,0.2684,2,ok
0,2054,228.300000,3.178387,1.328715,2.788340,0.002779,-0.013924,9.554717,0.191498,0.900051,0.491734,-0.408317,0.746861,0.854840,0.107979,C-06,0,0,0,1,1,0,0.004084,-0.135715,0.7917,0.3986,0.2678,2,ok
0,2055,228.420000,3.156783,1.337390,2.812224,0.001728,0.009960,9.577974,0.194219,0.227938,0.341734,0.113797,0.869472,0.869472,0.000000,C-06,0,0,0,1,1,0,0.005620,-0.116101,0.7708,0.3611,0.2653,2,ok
0,2056,228.520000,3.137088,1.344083,2.823710,0.001708,-0.001506,9.598810,0.213246,-0.589678,0.191734,0.781413,1.000000,0.969472,-0.030528,C-06,0,0,0,1,1,0,0.007265,-0.092046,0.7500,0.3495,0.2640,2,ok
0,2057,228.640000,3.112081,1.352162,2.827302,0.001826,0.002086,9.625089,0.219815,-0.748824,0.041734,0.790559,1.000000,1.000000,0.000000,C-06,0,0,0,1,1,0,0.008593,-0.081206,0.7083,0.3272,0.2662,2,ok
0,2058,228.740000,3.091154,1.358906,2.828796,0.001787,-0.019127,9.647124,0.219915,0.024799,0.024799,0.000000,1.000000,1.000000,0.000000,,0,0,0,1,1,0,0.007894,-0.078322,0.7083,0.3378,0.2650,2,ok
0,2059,228.860000,3.066005,1.366999,2.836516,0.001252,-0.011407,9.673538,0.220389,0.115313,0.115313,0.000000,1.000000,1.000000,0.000000,,0,0,0,1,1,0,0.005294,-0.079041,0.7500,0.3674,0.2666,2,ok
0,2060,228.980000,3.041422,1.374994,2.854257,0.000547,-0.014040,9.699392,0.215360,0.386247,0.265313,-0.120934,0.970997,0.970997,0.000000,C-06,0,0,0,1,1,0,0.005775,-0.117933,0.8750,0.3250,0.2671,2,ok
0,2061,229.080000,3.020362,1.381643,2.868999,-0.000176,0.000701,9.721465,0.221999,0.248124,0.248124,0.000000,1.000000,1.000000,0.000000,,0,0,0,1,1,0,0.005167,-0.113314,0.8333,0.3302,0.2659,2,ok
0,2062,229.200000,2.994907,1.389018,2.876740,-0.000412,0.008443,9.746404,0.220759,0.094295,0.098124,0.003829,1.000000,1.000000,0.000000,C-06,0,0,0,1,1,0,0.006053,-0.107193,0.8333,0.3252,0.2671,2,ok
0,2063,229.300000,2.973637,1.395007,2.890748,-0.000977,0.001222,9.770047,0.221316,0.380011,0.248124,-0.131887,1.000000,1.000000,0.000000,C-06,0,0,0,1,1,0,0.005583,-0.095385,0.7917,0.3240,0.2679,2,ok
0,2064,229.420000,2.947984,1.402190,2.916936,-0.001575,0.027411,9.796680,0.222607,0.369235,0.369235,0.000000,1.000000,1.000000,0.000000,,0,0,0,1,1,0,0.005481,-0.092640,0.8125,0.3186,0.2657,2,ok
0,2065,229.520000,2.926501,1.407659,2.931098,-0.001861,0.021784,9.818821,0.221574,-0.041995,0.219235,0.261230,1.000000,1.000000,0.000000,C-06,0,0,0,1,1,0,0.006352,-0.060549,0.7708,0.3230,0.2641,2,ok
0,2066,229.640000,2.900667,1.413394,2.936898,-0.001429,0.027584,9.845281,0.220466,-0.077942,0.069235,0.147177,1.000000,1.000000,0.000000,C-06,0,0,0,1,1,0,0.007406,-0.059334,0.7708,0.3065,0.2657,2,ok
0,2067,229.740000,2.879134,1.417880,2.932697,-0.001165,0.003746,9.867243,0.219817,-0.085547,-0.080765,0.004782,1.000000,1.000000,0.000000,C-06,0,0,0,1,1,0,0.008075,-0.046287,0.6667,0.3101,0.2652,2,ok
0,2068,229.860000,2.853350,1.423240,2.916585,-0.001011,-0.012367,9.893578,0.219095,-0.299382,-0.230765,0.068617,1.000000,1.000000,0.000000,C-06,0,0,0,1,1,0,0.006802,-0.058574,0.7708,0.3166,0.2643,2,ok
0,2069,229.980000,2.827637,1.428907,2.910017,-0.001471,-0.037521,9.919883,0.219443,0.236242,-0.080765,-0.317007,1.000000,1.000000,0.000000,C-06,0,0,0,1,1,0,0.003374,-0.114288,0.8125,0.3108,0.2648,2,ok
0,2070,230.080000,2.808178,1.433501,2.913435,-0.002265,-0.034104,9.939861,0.198207,0.799140,0.069235,-0.729905,0.735062,0.900000,0.164938,C-06,0,0,0,1,1,0,0.000430,-0.135657,0.8125,0.3391,0.2669,2,ok
0,2071,230.200000,2.783634,1.438968,2.928630,-0.003095,-0.038247,9.964945,0.212267,1.000000,0.219235,-0.780765,0.964337,0.964337,0.000000,C-06,0,0,0,1,1,0,-0.001411,-0.142148,0.7917,0.3413,0.2655,2,ok
0,2072,230.300000,2.762206,1.443511,2.950586,-0.003840,-0.016290,9.986837,0.220668,1.000000,0.369235,-0.630765,1.000000,1.000000,0.000000,C-06,0,0,0,1,1,0,-0.001955,-0.105379,0.8125,0.3452,0.2697,2,ok
0,2073,230.420000,2.736346,1.448962,2.989042,-0.004789,0.003779,10.013169,0.220747,0.581126,0.519235,-0.061890,0.993741,0.993741,0.000000,C-06,0,0,0,1,1,0,-0.002205,-0.095470,0.7708,0.3618,0.2655,2,ok
0,2074,230.520000,2.714574,1.453344,3.013715,-0.005700,0.028453,10.035359,0.222127,-0.399027,0.369235,0.768262,1.000000,1.000000,0.000000,C-06,0,0,0,1,1,0,0.001192,-0.059514,0.7500,0.3448,0.2644,2,ok
0,2075,230.640000,2.688360,1.457481,3.031670,-0.005672,0.046408,10.060753,0.221052,-0.377858,0.219235,0.597093,1.000000,1.000000,0.000000,C-06,0,0,0,1,1,0,0.002399,-0.044366,0.7083,0.3314,0.2651,2,ok
0,2076,230.740000,2.666486,1.460130,3.036938,-0.005305,0.033941,10.083817,0.220288,-0.132032,0.069235,0.201268,1.000000,1.000000,0.000000,C-06,0,0,0,1,1,0,-0.000535,0.044527,0.7292,0.4178,0.2717,2,ok
0,2077,230.860000,2.640237,1.462899,3.031320,-0.004434,0.028322,10.110197,0.219869,-0.294446,-0.080765,0.213681,1.000000,1.000000,0.000000,C-06,0,0,0,1,1,0,0.002505,0.021520,0.7917,0.3703,0.2711,2,ok
0,2078,230.980000,2.614011,1.465649,3.022141,-0.003998,0.000665,10.136480,0.219643,-0.118912,-0.118912,0.000000,1.000000,1.000000,0.000000,,0,0,0,1,1,0,0.002305,-0.016417,0.8125,0.3646,0.2643,2,ok
0,2079,231.080000,2.592168,1.468244,3.022684,-0.003983,0.001208,10.158476,0.220011,0.019577,0.019577,0.000000,1.000000,1.000000,0.000000,,0,0,0,1,1,0,-0.001254,-0.036435,0.8542,0.4262,0.2694,2,ok
0,2080,231.200000,2.565937,1.471389,3.035168,-0.004296,-0.004003,10.184831,0.220305,0.680242,0.169577,-0.510665,1.000000,1.000000,0.000000,C-06,0,0,0,1,1,0,-0.000036,-0.039827,0.7708,0.3690,0.2712,2,ok
0,2081,231.300000,2.544040,1.474009,3.055389,-0.004641,0.016218,10.206881,0.220722,0.425874,0.319577,-0.106297,1.000000,1.000000,0.000000,C-06,0,0,0,1,1,0,-0.002385,-0.037296,0.7917,0.4145,0.2686,2,ok
0,2082,231.420000,2.517722,1.476885,3.069678,-0.005113,0.012838,10.233252,0.220581,0.159507,0.169577,0.010071,1.000000,1.000000,0.000000,C-06,0,0,0,1,1,0,-0.005319,0.019581,0.7917,0.5141,0.2701,2,ok
0,2083,231.520000,2.495775,1.478708,3.074890,-0.005120,0.018050,10.255275,0.220202,0.069965,0.069965,0.000000,1.000000,1.000000,0.000000,,0,0,0,1,1,0,-0.002723,0.041981,0.7292,0.4636,0.2693,2,ok
0,2084,231.640000,2.469567,1.480794,3.091929,-0.005197,0.017833,10.281497,0.219064,0.396768,0.219965,-0.176803,0.993874,0.993874,0.000000,C-06,0,0,0,1,1,0,-0.004737,0.037272,0.7083,0.5158,0.2667,2,ok
0,2085,231.740000,2.447597,1.482518,3.106780,-0.005399,0.032684,10.303533,0.220490,0.215559,0.215559,0.000000,1.000000,1.000000,0.000000,,0,0,0,1,1,0,-0.007551,0.092574,0.7708,0.5921,0.2724,2,ok
0,2086,231.860000,2.421210,1.483717,3.113079,-0.004928,0.021359,10.329846,0.220094,-0.282403,0.065559,0.347962,1.000000,1.000000,0.000000,C-06,0,0,0,1,1,0,-0.002673,0.083530,0.7917,0.5269,0.2685,2,ok
0,2087,231.980000,2.394823,1.484484,3.106996,-0.004381,0.015276,10.356239,0.219958,-0.248944,-0.084441,0.164504,1.000000,1.000000,0.000000,C-06,0,0,0,1,1,0,-0.002830,0.058113,0.8333,0.5549,0.2653,2,ok
0,2088,232.080000,2.372842,1.485104,3.092028,-0.003976,-0.016575,10.378156,0.219827,-0.232327,-0.232327,0.000000,1.000000,1.000000,0.000000,,0,0,0,1,1,0,-0.004251,0.043689,0.8542,0.6049,0.2697,2,ok
0,2089,232.200000,2.346480,1.486112,3.084548,-0.004124,-0.024055,10.404537,0.219838,0.505707,-0.082327,-0.588035,1.000000,1.000000,0.000000,C-06,0,0,0,1,1,0,-0.005270,0.005771,0.7917,0.5893,0.2643,2,ok
0,2090,232.300000,2.326501,1.487174,3.088144,-0.004534,-0.020459,10.424540,0.198004,0.611796,0.067673,-0.544124,0.714421,0.900000,0.185579,C-06,0,0,0,1,1,0,-0.006955,-0.031559,0.7708,0.6065,0.2661,2,ok
0,2091,232.420000,2.305066,1.488307,3.103740,-0.005306,-0.022526,10.445912,0.176115,0.686736,0.217673,-0.469063,0.788650,0.800000,0.011350,C-06,0,0,0,1,1,0,-0.008266,-0.044446,0.7500,0.6312,0.2677,2,ok
0,2092,232.520000,2.285837,1.489214,3.128547,-0.005918,0.002282,10.465152,0.198183,0.989374,0.367673,-0.621701,0.900224,0.900000,-0.000224,C-06,0,0,0,1,1,0,-0.006192,-0.064004,0.7083,0.5942,0.2660,2,ok
0,2093,232.640000,2.262382,1.490281,-3.135555,-0.006800,0.004135,10.488505,0.195485,0.134980,0.217673,0.082693,0.887802,0.887802,0.000000,C-06,0,0,0,1,1,0,-0.005252,0.026965,0.7083,0.6148,0.2676,2,ok
0,2094,232.740000,2.241251,1.490417,-3.130039,-0.006977,0.009651,10.509636,0.217303,-0.428814,0.067673,0.496487,1.000000,0.987802,-0.012198,C-06,0,0,0,1,1,0,-0.000643,-0.008748,0.7917,0.5392,0.2642,2,ok
0,2095,232.860000,2.214881,1.490133,-3.136126,-0.006834,-0.014441,10.535889,0.220011,-0.226951,-0.082327,0.144623,1.000000,1.000000,0.000000,C-06,0,0,0,1,1,0,-0.002097,-0.000824,0.7708,0.5916,0.2690,2,ok
0,2096,232.980000,2.189124,1.489993,-3.131296,-0.007188,-0.009611,10.561644,0.214189,0.654603,0.067673,-0.586931,0.973624,0.973624,0.000000,C-06,0,0,0,1,1,0,0.001778,-0.119872,0.8125,0.4702,0.2638,2,ok
0,2097,233.080000,2.167742,1.489885,-3.117126,-0.007491,0.004559,10.582810,0.213749,0.794953,0.217673,-0.577280,0.971847,0.971847,0.000000,C-06,0,0,0,1,1,0,-0.001030,-0.091115,0.7917,0.5206,0.2663,2,ok
0,2098,233.200000,2.143648,1.489781,-3.088382,-0.008265,0.016106,10.606977,0.199072,1.000000,0.367673,-0.632327,0.906083,0.906083,0.000000,C-06,0,0,0,1,1,0,0.001967,-0.128995,0.8333,0.4391,0.2639,2,ok
0,2099,233.300000,2.123862,1.489696,-3.054441,-0.008901,0.050048,10.626753,0.197482,0.626376,0.517673,-0.108703,0.900909,0.900909,0.000000,C-06,0,0,0,1,1,0,0.003936,-0.119597,0.7500,0.4093,0.2591,2,ok
0,2100,233.420000,2.098212,1.488738,-3.024413,-0.009240,0.061415,10.652230,0.218845,-0.164771,0.367673,0.532444,1.000000,1.000000,0.000000,C-06,0,0,0,1,1,0,0.003569,-0.122908,0.7708,0.4270,0.2637,2,ok
0,2101,233.520000,2.076384,1.486839,-3.009384,-0.008596,0.076443,10.674131,0.219106,-0.381232,0.217673,0.598904,1.000000,1.000000,0.000000,C-06,0,0,0,1,1,0,0.008687,-0.053694,0.7292,0.3729,0.2620,2,ok
0,2102,233.640000,2.050226,1.483608,-3.003340,-0.007043,0.060546,10.700339,0.219679,-0.480205,0.067673,0.547877,1.000000,1.000000,0.000000,C-06,0,0,0,1,1,0,0.010854,-0.075605,0.7500,0.3441,0.2663,2,ok
0,2103,233.740000,2.028431,1.480589,-3.007820,-0.005570,0.056065,10.722293,0.220132,-0.353922,-0.082327,0.271595,1.000000,1.000000,0.000000,C-06,0,0,0,1,1,0,0.010265,-0.039695,0.7500,0.3474,0.2655,2,ok
0,2104,233.860000,2.002265,1.477070,-3.008168,-0.004124,0.029724,10.748543,0.219998,0.001099,0.001099,0.000000,1.000000,1.000000,0.000000,,0,0,0,1,1,0,0.009302,-0.090305,0.7708,0.3465,0.2684,2,ok
0,2105,233.980000,1.976090,1.473560,-3.014401,-0.003118,0.023491,10.774934,0.220166,-0.085725,-0.085725,0.000000,1.000000,1.000000,0.000000,,0,0,0,1,1,0,0.009092,-0.122780,0.8333,0.2879,0.2642,2,ok
0,2106,234.080000,1.954271,1.470767,-3.011052,-0.002529,-0.001743,10.796836,0.219901,0.703674,0.064275,-0.639399,1.000000,1.000000,0.000000,C-06,0,0,0,1,1,0,0.005274,-0.105679,0.7708,0.3255,0.2659,2,ok
0,2107,234.200000,1.930460,1.467545,-2.996105,-0.002395,0.013204,10.820864,0.197753,0.691938,0.214275,-0.477663,0.878608,0.900000,0.021392,C-06,0,0,0,1,1,0,0.005964,-0.164528,0.8125,0.2629,0.2627,2,ok
0,2108,234.300000,1.910493,1.464860,-2.973636,-0.002299,0.035673,10.841011,0.201675,1.000000,0.364275,-0.635725,0.921307,0.921307,0.000000,C-06,0,0,0,1,1,0,0.005661,-0.169801,0.7500,0.2559,0.2661,2,ok
0,2109,234.420000,1.884916,1.461478,-2.946699,-0.002941,0.031203,10.866713,0.218045,0.356682,0.356682,0.000000,1.000000,1.000000,0.000000,,0,0,0,1,1,0,0.006919,-0.151972,0.7917,0.2313,0.2640,2,ok
0,2110,234.520000,1.863363,1.457775,-2.933174,-0.002858,0.044728,10.888581,0.218727,-0.320516,0.206682,0.527198,1.000000,1.000000,0.000000,C-06,0,0,0,1,1,0,0.008174,-0.116030,0.6875,0.2079,0.2648,2,ok
0,2111,234.640000,1.837549,1.452491,-2.928410,-0.002353,0.018522,10.914842,0.219626,-0.030846,0.056682,0.087528,1.000000,1.000000,0.000000,C-06,0,0,0,1,1,0,0.007303,-0.092145,0.7500,0.2058,0.2640,2,ok
0,2112,234.740000,1.816061,1.448012,-2.922008,-0.002238,0.024924,10.936791,0.219357,0.108469,0.108469,0.000000,1.000000,1.000000,0.000000,,0,0,0,1,1,0,0.007914,-0.087061,0.7083,0.1801,0.2651,2,ok
0,2113,234.860000,1.790306,1.442388,-2.918587,-0.002047,0.000611,10.963097,0.219706,0.043157,0.043157,0.000000,1.000000,1.000000,0.000000,,0,0,0,1,1,0,0.006874,-0.107349,0.8125,0.1763,0.2648,2,ok
0,2114,234.980000,1.764591,1.436699,-2.907467,-0.002308,0.011731,10.989433,0.219214,0.159946,0.159946,0.000000,1.000000,1.000000,0.000000,,0,0,0,1,1,0,0.003781,-0.096369,0.7917,0.2066,0.2669,2,ok
0,2115,235.080000,1.743235,1.431958,-2.889617,-0.002509,0.029581,11.009153,0.218320,0.406173,0.309946,-0.096228,1.000000,1.000000,0.000000,C-06,0,0,0,1,1,0,0.006194,-0.124066,0.7917,0.1296,0.2649,2,ok
0,2116,235.200000,1.717744,1.426137,-2.867344,-0.003225,0.027203,11.037390,0.217785,0.310883,0.310883,0.000000,1.000000,1.000000,0.000000,,0,0,0,1,1,0,0.005231,-0.094384,0.8125,0.1543,0.2663,2,ok
0,2117,235.300000,1.696599,1.420554,-2.857008,-0.003048,0.037539,11.059258,0.218791,-0.010798,0.160883,0.171681,1.000000,1.000000,0.000000,C-06,0,0,0,1,1,0,0.007716,-0.098852,0.7500,0.0927,0.2674,2,ok
0,2118,235.420000,1.671269,1.413187,-2.855441,-0.002597,0.018500,11.085581,0.219915,-0.215375,0.010883,0.226258,1.000000,1.000000,0.000000,C-06,0,0,0,1,1,0,0.007756,-0.074561,0.7708,0.0961,0.2636,3,ok
0,2119,235.520000,1.650144,1.406978,-2.862848,-0.002195,0.011093,11.107597,0.220412,-0.368678,-0.139117,0.229561,1.000000,1.000000,0.000000,C-06,0,0,0,1,1,0,0.005890,-0.068864,0.7500,0.1217,0.2655,2,ok
0,2120,235.640000,1.624753,1.399668,-2.864896,-0.002293,-0.008677,11.133971,0.220162,-0.020935,-0.020935,0.000000,1.000000,1.000000,0.000000,,0,0,0,1,1,0,0.005890,-0.068864,0.7500,0.1217,0.2655,2,ok
0,2121,235.740000,1.603608,1.393655,-2.858064,-0.002569,-0.001845,11.155952,0.219619,0.406388,0.129065,-0.277323,1.000000,1.000000,0.000000,C-06,0,0,0,1,1,0,0.003793,-0.101092,0.7708,0.0904,0.2676,2,ok
0,2122,235.860000,1.578330,1.386445,-2.839209,-0.003096,0.000826,11.182195,0.218499,0.422400,0.279065,-0.143335,1.000000,1.000000,0.000000,C-06,0,0,0,1,1,0,0.003266,-0.098171,0.8542,0.0857,0.2693,3,ok
0,2123,235.980000,1.553222,1.379207,-2.815412,-0.003689,0.024622,11.208319,0.217352,0.347731,0.347731,0.000000,1.000000,1.000000,0.000000,,0,0,0,1,1,0,0.004808,-0.080329,0.8125,0.0441,0.2645,2,ok
0,2124,236.080000,1.532427,1.372551,-2.803383,-0.003704,0.022593,11.230107,0.218442,-0.098475,0.197731,0.296207,1.000000,1.000000,0.000000,C-06,0,0,0,1,1,0,0.004530,-0.041199,0.7917,0.0774,0.2687,2,ok
0,2125,236.200000,1.507543,1.363904,-2.799429,-0.003226,0.026547,11.256446,0.219615,-0.424674,0.047731,0.472405,1.000000,1.000000,0.000000,C-06,0,0,0,1,1,0,0.005508,-0.030742,0.7917,0.0633,0.2668,3,ok
0,2126,236.300000,1.486802,1.356527,-2.804525,-0.002793,0.010427,11.278412,0.220345,-0.712303,-0.102269,0.610034,1.000000,1.000000,0.000000,C-06,0,0,0,1,1,0,0.008682,-0.047789,0.7917,-0.0037,0.2668,3,ok
0,2127,236.420000,1.461819,1.347675,-2.821214,-0.002540,-0.006262,11.304916,0.221399,-0.374815,-0.252269,0.122546,1.000000,1.000000,0.000000,C-06,0,0,0,1,1,0,0.006035,-0.023393,0.7500,0.0469,0.2689,3,ok
0,2128,236.520000,1.440914,1.340542,-2.827825,-0.002628,-0.022394,11.326987,0.220834,0.219079,-0.102269,-0.321348,1.000000,1.000000,0.000000,C-06,0,0,0,1,1,0,0.005829,-0.078602,0.6458,-0.0102,0.2654,2,ok
0,2129,236.640000,1.415811,1.332380,-2.825224,-0.003249,-0.019793,11.353376,0.219821,1.000000,0.047731,-0.952269,1.000000,1.000000,0.000000,C-06,0,0,0,1,1,0,0.004148,-0.102383,0.7917,-0.0244,0.2666,2,ok
0,2130,236.740000,1.394937,1.325560,-2.814577,-0.003756,-0.017372,11.375305,0.219271,1.000000,0.197731,-0.802269,1.000000,1.000000,0.000000,C-06,0,0,0,1,1,0,0.003295,-0.101880,0.7917,-0.0226,0.2684,2,ok
0,2131,236.860000,1.370008,1.317372,-2.797569,-0.004475,-0.000364,11.401534,0.218113,0.250674,0.250674,0.000000,1.000000,1.000000,0.000000,,0,0,0,1,1,0,0.003569,-0.096147,0.8125,-0.0536,0.2658,3,ok
0,2132,236.980000,1.345191,1.308684,-2.790117,-0.004715,0.000647,11.427798,0.219191,-0.024564,0.100674,0.125237,1.000000,1.000000,0.000000,C-06,0,0,0,1,1,0,0.002625,-0.045901,0.7708,-0.0164,0.2676,2,ok
0,2133,237.080000,1.324529,1.301123,-2.792297,-0.004717,-0.001533,11.449799,0.220157,-0.493919,-0.049326,0.444593,1.000000,1.000000,0.000000,C-06,0,0,0,1,1,0,0.004068,-0.048133,0.7917,-0.0549,0.2656,2,ok
0,2134,237.200000,1.299670,1.292084,-2.805167,-0.004776,-0.014403,11.473921,0.220852,-0.503792,-0.199326,0.304466,1.000000,1.000000,0.000000,C-06,0,0,0,1,1,0,0.005081,-0.050243,0.8125,-0.0830,0.2659,2,ok
0,2135,237.300000,1.278888,1.284730,-2.808676,-0.005171,-0.022601,11.498262,0.220403,0.078742,-0.049326,-0.128068,1.000000,1.000000,0.000000,C-06,0,0,0,1,1,0,0.001505,-0.053625,0.7500,-0.0591,0.2666,3,ok
0,2136,237.420000,1.253963,1.276099,-2.802341,-0.005805,-0.016266,11.524518,0.219576,0.827544,0.100674,-0.726871,1.000000,1.000000,0.000000,C-06,0,0,0,1,1,0,0.000913,-0.079929,0.7708,-0.0877,0.2669,2,ok
0,2137,237.520000,1.233264,1.268888,-2.788771,-0.006419,-0.007040,11.546508,0.218739,1.000000,0.250674,-0.749326,1.000000,1.000000,0.000000,C-06,0,0,0,1,1,0,0.000924,-0.073579,0.7292,-0.1013,0.2649,2,ok
0,2138,237.640000,1.208595,1.260225,-2.765796,-0.007085,0.015935,11.572646,0.217284,0.348845,0.348845,0.000000,1.000000,1.000000,0.000000,,0,0,0,1,1,0,0.001486,-0.055919,0.7708,-0.1223,0.2676,2,ok
0,2139,237.740000,1.188179,1.252485,-2.754156,-0.007066,0.024560,11.594492,0.218427,-0.384494,0.198845,0.583339,1.000000,1.000000,0.000000,C-06,0,0,0,1,1,0,0.004486,-0.043615,0.8542,-0.1505,0.2651,2,ok
0,2140,237.860000,1.163756,1.242603,-2.750497,-0.006456,0.028220,11.620832,0.219608,-1.000000,0.048845,1.048845,1.000000,1.000000,0.000000,C-06,0,0,0,1,1,0,0.004551,-0.004261,0.8125,-0.1365,0.2646,3,ok
0,2141,237.980000,1.139322,1.232542,-2.756587,-0.005795,0.020489,11.647215,0.220460,-1.000000,-0.101155,0.898845,1.000000,1.000000,0.000000,C-06,0,0,0,1,1,0,0.005817,0.008301,0.8125,-0.1390,0.2683,3,ok
0,2142,238.080000,1.118881,1.224202,-2.770011,-0.005333,0.007065,11.669288,0.221236,-0.687643,-0.251155,0.436488,1.000000,1.000000,0.000000,C-06,0,0,0,1,1,0,0.005512,0.015669,0.7917,-0.1329,0.2664,3,ok
0,2143,238.200000,1.094238,1.214383,-2.778947,-0.004988,-0.001458,11.695815,0.221039,-0.125515,-0.125515,0.000000,1.000000,1.000000,0.000000,,0,0,0,1,1,0,0.004140,0.002558,0.7292,-0.1302,0.2692,3,ok
0,2144,238.300000,1.073647,1.206411,-2.784430,-0.004913,-0.006942,11.717895,0.220770,-0.093370,-0.093370,0.000000,1.000000,1.000000,0.000000,,0,0,0,1,1,0,0.005446,-0.036113,0.7500,-0.1931,0.2665,3,ok
0,2145,238.420000,1.048854,1.196974,-2.797794,-0.004966,-0.020549,11.744425,0.221502,-0.203271,-0.203271,0.000000,1.000000,1.000000,0.000000,,0,0,0,1,1,0,0.002969,-0.049776,0.6875,-0.1697,0.2729,3,ok
0,2146,238.520000,1.028126,1.189449,-2.801432,-0.005348,-0.024186,11.766473,0.220436,0.447255,-0.053271,-0.500526,1.000000,1.000000,0.000000,C-06,0,0,0,1,1,0,0.002769,-0.040487,0.7500,-0.2100,0.2694,3,ok
0,2147,238.640000,1.003263,1.180636,-2.795475,-0.005929,-0.015556,11.792871,0.219591,0.608139,0.096729,-0.511410,1.000000,1.000000,0.000000,C-06,0,0,0,1,1,0,0.003089,-0.075613,0.8542,-0.2442,0.2675,2,ok
0,2148,238.740000,0.982614,1.173271,-2.782350,-0.006334,-0.002431,11.814791,0.218796,0.387560,0.246729,-0.140831,1.000000,1.000000,0.000000,C-06,0,0,0,1,1,0,0.003900,-0.072005,0.8333,-0.2739,0.2669,2,ok
0,2149,238.860000,0.957935,1.164173,-2.775235,-0.006565,0.007650,11.841083,0.219222,-0.683485,0.096729,0.780214,1.000000,1.000000,0.000000,C-06,0,0,0,1,1,0,0.003887,-0.028768,0.7708,-0.2596,0.2699,3,ok
0,2150,238.980000,0.933275,1.154728,-2.778213,-0.006480,0.004673,11.867489,0.220216,-0.752717,-0.053271,0.699446,1.000000,1.000000,0.000000,C-06,0,0,0,1,1,0,0.004569,-0.009375,0.7708,-0.2562,0.2630,3,ok
0,2151,239.080000,0.912674,1.146899,-2.788862,-0.006326,-0.001955,11.889588,0.220738,-0.588515,-0.203271,0.385244,1.000000,1.000000,0.000000,C-06,0,0,0,1,1,0,0.006449,-0.026410,0.7500,-0.3132,0.2652,3,ok
0,2152,239.200000,0.887835,1.137511,-2.803261,-0.006106,-0.016353,11.916141,0.221741,-0.212136,-0.212136,0.000000,1.000000,1.000000,0.000000,,0,0,0,1,1,0,0.006546,-0.043692,0.7292,-0.3415,0.2653,3,ok
0,2153,239.300000,0.867030,1.129738,-2.818206,-0.005980,-0.026775,11.938362,0.222235,-0.265576,-0.265576,0.000000,1.000000,1.000000,0.000000,,0,0,0,1,1,0,0.006744,-0.070220,0.6667,-0.3631,0.2654,3,ok
0,2154,239.420000,0.841955,1.121061,-2.827606,-0.006459,-0.036175,11.964892,0.220945,0.163166,-0.115576,-0.278742,1.000000,1.000000,0.000000,C-06,0,0,0,1,1,0,0.005218,-0.094381,0.7708,-0.3755,0.2685,3,ok
0,2155,239.520000,0.821033,1.114251,-2.826322,-0.007186,-0.028154,11.986921,0.219897,0.431202,0.034424,-0.396778,1.000000,1.000000,0.000000,C-06,0,0,0,1,1,0,0.003372,-0.104903,0.7917,-0.3941,0.2685,2,ok
0,2156,239.640000,0.795980,1.106064,-2.814310,-0.007967,-0.016142,12.013266,0.219255,0.617521,0.184424,-0.433097,1.000000,1.000000,0.000000,C-06,0,0,0,1,1,0,0.001461,-0.116671,0.8125,-0.3811,0.2713,3,ok
0,2157,239.740000,0.775159,1.099057,-2.811730,-0.008340,-0.006776,12.035288,0.219723,-0.188959,0.034424,0.223383,1.000000,1.000000,0.000000,C-06,0,0,0,1,1,0,0.002821,-0.095733,0.8333,-0.4067,0.2725,3,ok
0,2158,239.860000,0.750154,1.090509,-2.819035,-0.008580,-0.014080,12.061713,0.220472,-0.514788,-0.115576,0.399212,1.000000,1.000000,0.000000,C-06,0,0,0,1,1,0,0.003893,-0.080561,0.8125,-0.4332,0.2713,3,ok
0,2159,239.980000,0.725047,1.081961,-2.836628,-0.008698,-0.023188,12.088318,0.221553,-0.439291,-0.265576,0.173715,1.000000,1.000000,0.000000,C-06,0,0,0,1,1,0,0.006981,-0.090206,0.7917,-0.5357,0.2674,3,ok
0,2160,240.080000,0.704037,1.075113,-2.843995,-0.009002,-0.030555,12.110414,0.220933,-0.109945,-0.115576,-0.005631,1.000000,1.000000,0.000000,C-06,0,0,0,1,1,0,0.006167,-0.101937,0.7292,-0.5555,0.2682,3,ok
0,2161,240.200000,0.678732,1.067077,-2.861981,-0.009413,-0.038448,12.137050,0.221744,-0.367437,-0.265576,0.101861,1.000000,1.000000,0.000000,C-06,0,0,0,1,1,0,0.004895,-0.078075,0.7292,-0.5469,0.2659,3,ok
0,2162,240.300000,0.657562,1.060738,-2.869645,-0.010037,-0.046111,12.159141,0.220907,0.082890,-0.115576,-0.198466,1.000000,1.000000,0.000000,C-06,0,0,0,1,1,0,0.004490,-0.093455,0.7708,-0.5835,0.2643,3,ok
0,2163,240.420000,0.632136,1.053631,-2.867919,-0.011102,-0.033196,12.185629,0.219882,0.418758,0.034424,-0.384334,1.000000,1.000000,0.000000,C-06,0,0,0,1,1,0,0.000694,-0.095107,0.8542,-0.5736,0.2674,3,ok
0,2164,240.520000,0.610982,1.047707,-2.857780,-0.011885,-0.023057,12.207582,0.219392,0.548713,0.184424,-0.364289,1.000000,1.000000,0.000000,C-06,0,0,0,1,1,0,0.001454,-0.127370,0.7917,-0.6154,0.2669,3,ok
0,2165,240.640000,0.585652,1.040393,-2.854723,-0.012400,-0.008062,12.234109,0.219733,-0.161356,0.034424,0.195780,1.000000,1.000000,0.000000,C-06,0,0,0,1,1,0,0.003062,-0.142086,0.7917,-0.6699,0.2718,3,ok
0,2166,240.740000,0.564535,1.034173,-2.860762,-0.012588,-0.014100,12.256122,0.220345,-0.443469,-0.115576,0.327893,1.000000,1.000000,0.000000,C-06,0,0,0,1,1,0,0.002357,-0.031523,0.7708,-0.6573,0.2695,3,ok
0,2167,240.860000,0.539108,1.026699,-2.878815,-0.012633,-0.018833,12.282783,0.221342,-0.303919,-0.265576,0.038343,1.000000,1.000000,0.000000,C-06,0,0,0,1,1,0,0.003081,-0.120936,0.7500,-0.6931,0.2742,3,ok
0,2168,240.980000,0.513581,1.019541,-2.887856,-0.012876,-0.027875,12.309292,0.220882,-0.067427,-0.115576,-0.048149,1.000000,1.000000,0.000000,C-06,0,0,0,1,1,0,0.002748,-0.085587,0.7708,-0.7518,0.2682,3,ok
0,2169,241.080000,0.492247,1.013726,-2.903198,-0.013023,-0.028735,12.331578,0.221494,-0.725111,-0.265576,0.459535,1.000000,1.000000,0.000000,C-06,0,0,0,1,1,0,0.002646,0.010488,0.7292,-0.7499,0.2641,3,ok
0,2170,241.200000,0.466508,1.006751,-2.932909,-0.013145,-0.058446,12.358245,0.222875,-0.466778,-0.415576,0.051202,1.000000,1.000000,0.000000,C-06,0,0,0,1,1,0,0.002835,-0.039273,0.7292,-0.8188,0.2634,3,ok
0,2171,241.300000,0.446049,1.001706,-2.950240,-0.013455,-0.059731,12.379534,0.209486,0.125759,-0.265576,-0.391335,0.943799,0.943799,0.000000,C-06,0,0,0,1,1,0,-0.001602,-0.146459,0.8333,-0.7912,0.2641,3,ok
0,2172,241.420000,0.420316,0.996486,-2.959518,-0.014832,-0.069008,12.405756,0.220621,0.791089,-0.115576,-0.906665,1.000000,1.000000,0.000000,C-06,0,0,0,1,1,0,-0.006617,-0.126175,0.8542,-0.7253,0.2621,3,ok
0,2173,241.520000,0.398681,0.992468,-2.958035,-0.016082,-0.049666,12.427971,0.219967,1.000000,0.034424,-0.965576,1.000000,1.000000,0.000000,C-06,0,0,0,1,1,0,-0.009718,-0.023238,0.7708,-0.7166,0.2651,3,ok
0,2174,241.640000,0.372756,0.987675,-2.944846,-0.017492,-0.036477,12.454298,0.219449,0.465027,0.184424,-0.280603,1.000000,1.000000,0.000000,C-06,0,0,0,1,1,0,-0.007789,-0.015746,0.7708,-0.7926,0.2656,3,ok
0,2175,241.740000,0.351191,0.983535,-2.940375,-0.018148,-0.012320,12.476628,0.219599,0.063282,0.063282,0.000000,1.000000,1.000000,0.000000,,0,0,0,1,1,0,-0.009012,0.029475,0.7708,-0.7411,0.2649,3,ok
0,2176,241.860000,0.326180,0.978450,-2.945028,-0.018510,-0.016973,12.502148,0.212271,-0.071525,-0.071525,0.000000,0.964028,0.964028,0.000000,,0,0,0,1,1,0,-0.010780,0.087986,0.7500,-0.6902,0.2651,3,ok
0,2177,241.980000,0.300375,0.973374,-2.960700,-0.018577,-0.011721,12.528847,0.220473,-0.336505,-0.221525,0.114980,1.000000,1.000000,0.000000,C-06,0,0,0,1,1,0,-0.008272,0.171750,0.7500,-0.7242,0.2610,3,ok
0,2178,242.080000,0.278700,0.969145,-2.978870,-0.018590,-0.029891,12.550930,0.221138,-0.290546,-0.290546,0.000000,1.000000,1.000000,0.000000,,0,0,0,1,1,0,-0.010721,0.177150,0.7500,-0.6761,0.2617,3,ok
0,2179,242.200000,0.252592,0.964071,-3.007857,-0.018091,-0.034452,12.577940,0.222059,-0.383270,-0.383270,0.000000,1.000000,1.000000,0.000000,,0,0,0,1,1,0,-0.013370,0.096680,0.8125,-0.6116,0.2625,3,ok
0,2180,242.300000,0.230747,0.959849,-3.040125,-0.017643,-0.066719,12.600186,0.222760,-0.504376,-0.504376,0.000000,1.000000,1.000000,0.000000,,0,0,0,1,1,0,-0.013694,0.113540,0.8125,-0.6339,0.2598,3,ok
0,2181,242.420000,0.204435,0.955323,-3.081472,-0.017061,-0.082890,12.627279,0.222201,-0.514553,-0.514553,0.000000,1.000000,1.000000,0.000000,,0,0,0,1,1,0,-0.016564,0.111134,0.7917,-0.5740,0.2627,3,ok
0,2182,242.520000,0.182460,0.952771,-3.107261,-0.017776,-0.108679,12.647955,0.221035,0.263587,-0.364553,-0.628140,1.000000,1.000000,0.000000,C-06,0,0,0,1,1,0,-0.022328,0.108666,0.7708,-0.4758,0.2612,3,ok
0,2183,242.640000,0.156069,0.951003,-3.126067,-0.018969,-0.099740,12.676410,0.220329,0.735910,-0.214553,-0.950463,1.000000,1.000000,0.000000,C-06,0,0,0,1,1,0,-0.021486,0.109277,0.7500,-0.4998,0.2668,3,ok
0,2184,242.740000,0.134071,0.950415,-3.131243,-0.020788,-0.074698,12.698860,0.220045,0.903697,-0.064553,-0.968251,1.000000,1.000000,0.000000,C-06,0,0,0,1,1,0,-0.023019,0.090849,0.7292,-0.4840,0.2642,3,ok
0,2185,242.860000,0.107673,0.950123,-3.125006,-0.022841,-0.068461,12.725179,0.219982,0.213359,0.085447,-0.127913,1.000000,1.000000,0.000000,C-06,0,0,0,1,1,0,-0.024525,0.148772,0.7292,-0.4535,0.2700,3,ok
0,2186,242.980000,0.081720,0.949859,-3.115695,-0.024510,-0.026507,12.751901,0.215998,0.113373,0.113373,0.000000,0.982076,0.982076,0.000000,,0,0,0,1,1,0,-0.023320,0.114333,0.8333,-0.4117,0.2647,3,ok
0,2187,243.080000,0.059768,0.949307,-3.115064,-0.025155,-0.025875,12.773851,0.219999,0.001229,0.001229,0.000000,1.000000,1.000000,0.000000,,0,0,0,1,1,0,-0.021507,0.138716,0.7917,-0.4262,0.2616,3,ok
0,2188,243.200000,0.034092,0.948602,-3.126502,-0.025380,-0.004432,12.800421,0.213462,-0.183329,-0.148771,0.034558,0.970032,0.970032,0.000000,C-06,0,0,0,1,1,0,-0.019452,0.181756,0.8333,-0.3887,0.2629,3,ok
0,2189,243.300000,0.012188,0.948022,3.138951,-0.025230,-0.022165,12.822332,0.220076,-0.262694,-0.262694,0.000000,1.000000,1.000000,0.000000,,0,0,0,1,1,0,-0.018159,0.238903,0.8125,-0.3786,0.2672,3,ok
0,2190,243.420000,-0.014210,0.947352,3.120229,-0.024491,-0.006192,12.849603,0.220003,-0.220030,-0.220030,0.000000,1.000000,1.000000,0.000000,,0,0,0,1,1,0,-0.016174,0.191258,0.7917,-0.3937,0.2638,3,ok
0,2191,243.520000,-0.036197,0.946932,3.097185,-0.023735,-0.029236,12.871582,0.219836,-0.344877,-0.344877,0.000000,1.000000,1.000000,0.000000,,0,0,0,1,1,0,-0.015930,0.199222,0.7083,-0.3456,0.2655,3,ok
0,2192,243.640000,-0.062546,0.946612,3.062622,-0.022308,-0.029999,12.898714,0.219342,-0.429700,-0.429700,0.000000,1.000000,1.000000,0.000000,,0,0,0,1,1,0,-0.016042,0.215311,0.7292,-0.3212,0.2648,3,ok
0,2193,243.740000,-0.084459,0.947456,3.043385,-0.022051,-0.049235,12.920642,0.219225,-0.176204,-0.279700,-0.103496,1.000000,1.000000,0.000000,C-06,0,0,0,1,1,0,-0.018090,0.201321,0.7708,-0.2717,0.2680,3,ok
0,2194,243.860000,-0.110717,0.949569,3.032380,-0.022041,-0.027991,12.947744,0.219527,-0.004798,-0.129700,-0.124902,1.000000,1.000000,0.000000,C-06,0,0,0,1,1,0,-0.015930,0.129808,0.8125,-0.3020,0.2667,3,ok
0,2195,243.980000,-0.136929,0.951879,3.011312,-0.022001,-0.018387,12.974717,0.219012,-0.353782,-0.279700,0.074083,1.000000,1.000000,0.000000,C-06,0,0,0,1,1,0,-0.016310,0.142064,0.7917,-0.2619,0.2637,3,ok
0,2196,244.080000,-0.158713,0.953882,2.991410,-0.021503,-0.038289,12.996587,0.218640,-0.310597,-0.310597,0.000000,1.000000,1.000000,0.000000,,0,0,0,1,1,0,-0.015862,0.122821,0.7917,-0.2609,0.2665,3,ok
0,2197,244.200000,-0.184788,0.957294,2.978304,-0.021735,-0.023194,13.023474,0.219169,-0.131651,-0.160597,-0.028946,1.000000,1.000000,0.000000,C-06,0,0,0,1,1,0,-0.015419,0.099242,0.8125,-0.2625,0.2653,3,ok
0,2198,244.300000,-0.206487,0.960733,2.974919,-0.022077,-0.026579,13.045441,0.219792,-0.037165,-0.037165,0.000000,1.000000,1.000000,0.000000,,0,0,0,1,1,0,-0.016262,0.116670,0.7500,-0.2359,0.2687,3,ok
0,2199,244.420000,-0.232518,0.965046,2.973289,-0.022435,-0.002260,13.072430,0.219883,-0.020595,-0.020595,0.000000,1.000000,1.000000,0.000000,,0,0,0,1,1,0,-0.016033,0.091568,0.7083,-0.2339,0.2683,3,ok
0,2200,244.520000,-0.253705,0.968655,2.963477,-0.022436,-0.012072,13.093923,0.214099,-0.314952,-0.170595,0.144357,0.974576,0.974576,0.000000,C-06,0,0,0,1,1,0,-0.016166,0.148642,0.7917,-0.1862,0.2722,3,ok
0,2201,244.640000,-0.279054,0.973163,2.961257,-0.022411,0.009177,13.120176,0.214580,0.040350,-0.020595,-0.060944,0.975922,0.975922,0.000000,C-06,0,0,0,1,1,0,-0.014414,0.120709,0.8542,-0.1968,0.2668,3,ok
0,2202,244.740000,-0.300632,0.976992,2.958752,-0.022070,0.006672,13.142089,0.219753,-0.041335,-0.041335,0.000000,1.000000,1.000000,0.000000,,0,0,0,1,1,0,-0.012522,0.110910,0.8125,-0.2220,0.2669,3,ok
0,2203,244.860000,-0.326561,0.981646,2.945220,-0.021459,0.014627,13.168929,0.219259,-0.400842,-0.191335,0.209507,1.000000,1.000000,0.000000,C-06,0,0,0,1,1,0,-0.012146,0.120036,0.8125,-0.2051,0.2672,3,ok
0,2204,244.980000,-0.352391,0.986301,2.920825,-0.020514,-0.009768,13.195158,0.218192,-0.521503,-0.341335,0.180168,1.000000,1.000000,0.000000,C-06,0,0,0,1,1,0,-0.010416,0.118068,0.7917,-0.1868,0.2640,3,ok
0,2205,245.080000,-0.373812,0.990404,2.902718,-0.019759,-0.008171,13.217309,0.218067,-0.293645,-0.293645,0.000000,1.000000,1.000000,0.000000,,0,0,0,1,1,0,-0.012061,0.126529,0.8125,-0.1539,0.2646,3,ok
0,2206,245.200000,-0.399425,0.996247,2.891636,-0.019561,-0.019253,13.243580,0.218984,0.023596,-0.143645,-0.167240,1.000000,1.000000,0.000000,C-06,0,0,0,1,1,0,-0.012093,0.079701,0.7292,-0.1624,0.2632,3,ok
0,2207,245.300000,-0.420707,1.001277,2.878578,-0.019352,-0.014319,13.265783,0.218398,-0.224911,-0.224911,0.000000,1.000000,1.000000,0.000000,,0,0,0,1,1,0,-0.013501,0.090073,0.7500,-0.1228,0.2672,3,ok
0,2208,245.420000,-0.446176,1.007932,2.872486,-0.019524,-0.020411,13.292106,0.219440,0.435329,-0.074911,-0.510240,1.000000,1.000000,0.000000,C-06,0,0,0,1,1,0,-0.011531,0.060660,0.7917,-0.1536,0.2641,3,ok
0,2209,245.520000,-0.467393,1.013767,2.876205,-0.019709,-0.000282,13.314466,0.220204,0.338709,0.075089,-0.263620,1.000000,1.000000,0.000000,C-06,0,0,0,1,1,0,-0.012000,0.068448,0.8333,-0.1351,0.2638,3,ok
0,2210,245.640000,-0.492888,1.020790,2.881784,-0.019753,0.005297,13.340911,0.220510,0.078038,0.078038,0.000000,1.000000,1.000000,0.000000,,0,0,0,1,1,0,-0.012112,0.078955,0.8125,-0.1000,0.2687,3,ok
0,2211,245.740000,-0.514067,1.026434,2.878238,-0.019411,0.016876,13.363102,0.218956,-0.180870,-0.071962,0.108909,0.996126,0.996126,0.000000,C-06,0,0,0,1,1,0,-0.011403,0.107250,0.8125,-0.0902,0.2652,3,ok
0,2212,245.860000,-0.539498,1.033186,2.863285,-0.018842,0.001923,13.389407,0.218933,-0.395846,-0.221962,0.173885,1.000000,1.000000,0.000000,C-06,0,0,0,1,1,0,-0.011194,0.120232,0.7917,-0.0715,0.2642,3,ok
0,2213,245.980000,-0.564860,1.040262,2.857644,-0.018321,0.010178,13.416018,0.219449,-0.065206,-0.071962,-0.006756,1.000000,1.000000,0.000000,C-06,0,0,0,1,1,0,-0.009600,0.084823,0.7708,-0.0789,0.2648,3,ok
0,2214,246.080000,-0.585965,1.046262,2.853177,-0.017896,0.005710,13.437956,0.219414,-0.076209,-0.076209,0.000000,1.000000,1.000000,0.000000,,0,0,0,1,1,0,-0.010049,0.096026,0.7292,-0.0512,0.2701,3,ok
0,2215,246.200000,-0.611255,1.053592,2.847889,-0.017317,0.012244,13.464476,0.219419,-0.075042,-0.075042,0.000000,1.000000,1.000000,0.000000,,0,0,0,1,1,0,-0.007690,0.082284,0.7083,-0.0739,0.2618,3,ok
0,2216,246.300000,-0.632275,1.059818,2.835407,-0.016890,-0.000238,13.486394,0.218869,-0.284728,-0.225042,0.059685,1.000000,1.000000,0.000000,C-06,0,0,0,1,1,0,-0.010250,0.108891,0.7917,-0.0165,0.2684,3,ok
0,2217,246.420000,-0.657421,1.067604,2.829475,-0.016500,0.005052,13.512901,0.219407,0.110499,-0.075042,-0.185541,1.000000,1.000000,0.000000,C-06,0,0,0,1,1,0,-0.009069,0.094189,0.8125,-0.0228,0.2642,3,ok
0,2218,246.520000,-0.678369,1.074348,2.833267,-0.016345,0.008844,13.534908,0.220227,0.564898,0.074958,-0.489940,1.000000,1.000000,0.000000,C-06,0,0,0,1,1,0,-0.008713,0.070294,0.8125,-0.0240,0.2651,3,ok
0,2219,246.640000,-0.703509,1.082357,2.828774,-0.015940,0.013926,13.561415,0.219705,-0.153789,-0.075042,0.078747,1.000000,1.000000,0.000000,C-06,0,0,0,1,1,0,-0.008901,0.099315,0.8125,0.0231,0.2646,3,ok
0,2220,246.740000,-0.724402,1.089048,2.816542,-0.015581,0.001694,13.583351,0.219005,-0.225165,-0.225042,0.000123,1.000000,1.000000,0.000000,C-06,0,0,0,1,1,0,-0.007183,0.082486,0.7917,0.0046,0.2662,3,ok
0,2221,246.860000,-0.749378,1.097206,2.807066,-0.015115,0.000831,13.609791,0.218956,-0.131393,-0.131393,0.000000,1.000000,1.000000,0.000000,,0,0,0,1,1,0,-0.007686,0.075560,0.8125,0.0174,0.2639,3,ok
0,2222,246.980000,-0.774273,1.105584,2.797528,-0.014783,-0.008707,13.636056,0.218884,-0.140088,-0.140088,0.000000,1.000000,1.000000,0.000000,,0,0,0,1,1,0,-0.010287,0.087243,0.7500,0.0770,0.2682,2,ok
0,2223,247.080000,-0.794981,1.112982,2.797490,-0.014795,-0.001451,13.658150,0.219998,0.716587,0.009912,-0.706675,1.000000,1.000000,0.000000,C-06,0,0,0,1,1,0,-0.009125,0.061488,0.7292,0.0534,0.2636,3,ok
0,2224,247.200000,-0.819838,1.121888,2.798562,-0.014789,-0.000379,13.684554,0.220071,0.016148,0.016148,0.000000,1.000000,1.000000,0.000000,,0,0,0,1,1,0,-0.010602,0.074209,0.7917,0.0929,0.2688,2,ok
0,2225,247.300000,-0.840585,1.129288,2.807161,-0.014653,0.014721,13.706673,0.220551,0.323860,0.166148,-0.157711,1.000000,1.000000,0.000000,C-06,0,0,0,1,1,0,-0.008637,0.056856,0.7708,0.0651,0.2657,3,ok
0,2226,247.420000,-0.865552,1.138136,2.813913,-0.014390,0.021473,13.733160,0.220772,0.094061,0.094061,0.000000,1.000000,1.000000,0.000000,,0,0,0,1,1,0,-0.008079,0.079055,0.8125,0.0920,0.2657,2,ok
0,2227,247.520000,-0.886375,1.145231,2.811413,-0.013836,0.024265,13.755215,0.219829,-0.873852,-0.055939,0.817913,1.000000,1.000000,0.000000,C-06,0,0,0,1,1,0,-0.005367,0.085779,0.8125,0.0981,0.2684,3,ok
0,2228,247.640000,-0.911295,1.153762,2.798136,-0.013173,0.010987,13.781547,0.219062,-0.859083,-0.205939,0.653144,1.000000,1.000000,0.000000,C-06,0,0,0,1,1,0,-0.005703,0.100790,0.7917,0.1167,0.2659,3,ok
0,2229,247.740000,-0.931941,1.160873,2.778781,-0.012612,-0.004619,13.803424,0.217705,-0.554103,-0.355939,0.198164,1.000000,1.000000,0.000000,C-06,0,0,0,1,1,0,-0.003786,0.071215,0.7500,0.0828,0.2653,3,ok
0,2230,247.860000,-0.956551,1.169850,2.764274,-0.012377,-0.019127,13.829620,0.218368,0.183848,-0.205939,-0.389787,1.000000,1.000000,0.000000,C-06,0,0,0,1,1,0,-0.006411,0.050755,0.7292,0.1267,0.2660,2,ok
0,2231,247.980000,-0.981069,1.179464,2.759868,-0.012686,-0.020426,13.856015,0.219549,1.000000,-0.055939,-1.055939,1.000000,1.000000,0.000000,C-06,0,0,0,1,1,0,-0.007342,0.016500,0.6875,0.1089,0.2648,3,ok
0,2232,248.080000,-1.001503,1.187656,2.764643,-0.013074,-0.015651,13.878027,0.220351,1.000000,0.094061,-0.905939,1.000000,1.000000,0.000000,C-06,0,0,0,1,1,0,-0.010149,0.016778,0.7708,0.1686,0.2669,2,ok
0,2233,248.200000,-1.026121,1.197447,2.780303,-0.013477,0.002073,13.904508,0.221316,0.821869,0.244061,-0.577808,1.000000,1.000000,0.000000,C-06,0,0,0,1,1,0,-0.011496,0.039105,0.8750,0.2109,0.2679,3,ok
0,2234,248.300000,-1.046759,1.205601,2.795780,-0.013772,0.017550,13.926696,0.222335,0.276181,0.276181,0.000000,1.000000,1.000000,0.000000,,0,0,0,1,1,0,-0.010347,0.035690,0.8125,0.1965,0.2666,3,ok
0,2235,248.420000,-1.071640,1.214825,2.805091,-0.013516,0.027744,13.953272,0.221044,0.050628,0.126181,0.075553,1.000000,1.000000,0.000000,C-06,0,0,0,1,1,0,-0.007704,0.067102,0.7917,0.2181,0.2676,2,ok
0,2236,248.520000,-1.092405,1.222103,2.804339,-0.012880,0.026992,13.975267,0.219925,-0.468032,-0.023819,0.444214,1.000000,1.000000,0.000000,C-06,0,0,0,1,1,0,-0.004887,0.081017,0.7917,0.2138,0.2681,2,ok
0,2237,248.640000,-1.117272,1.230839,2.793189,-0.012147,0.015506,14.001605,0.219267,-0.765164,-0.173819,0.591345,1.000000,1.000000,0.000000,C-06,0,0,0,1,1,0,-0.005327,0.112829,0.7500,0.2399,0.2707,3,ok
0,2238,248.740000,-1.137914,1.238123,2.783496,-0.011576,0.005813,14.023486,0.218634,-0.171569,-0.171569,0.000000,1.000000,1.000000,0.000000,,0,0,0,1,1,0,-0.005403,0.075406,0.7708,0.2531,0.2671,2,ok
0,2239,248.860000,-1.162626,1.247321,2.781358,-0.011362,0.002923,14.049830,0.219825,0.518796,-0.021569,-0.540366,1.000000,1.000000,0.000000,C-06,0,0,0,1,1,0,-0.008462,0.084524,0.7708,0.3139,0.2665,2,ok
0,2240,248.980000,-1.187366,1.256626,2.789394,-0.011271,0.010959,14.076261,0.220555,0.992207,0.128431,-0.863776,1.000000,1.000000,0.000000,C-06,0,0,0,1,1,0,-0.009654,0.082888,0.7292,0.3358,0.2686,2,ok
0,2241,249.080000,-1.208068,1.264364,2.804376,-0.011160,0.023431,14.098349,0.221495,0.856861,0.278431,-0.578431,1.000000,1.000000,0.000000,C-06,0,0,0,1,0,0,-0.009654,0.082888,0.7292,0.3358,0.2686,2,ok
0,2242,249.200000,-1.233098,1.273647,2.833109,-0.010976,0.052164,14.125045,0.223349,0.590645,0.428431,-0.162214,1.000000,1.000000,0.000000,C-06,0,0,0,1,1,0,-0.004473,0.070736,0.8125,0.3277,0.2671,2,ok
0,2243,249.300000,-1.254116,1.280917,2.849937,-0.010353,0.065114,14.147246,0.222306,-0.483099,0.278431,0.761530,1.000000,1.000000,0.000000,C-06,0,0,0,1,1,0,-0.004292,0.126647,0.8542,0.3925,0.2667,2,ok
0,2244,249.420000,-1.279439,1.288833,2.859556,-0.008861,0.074733,14.173735,0.221023,-0.999507,0.128431,1.127937,1.000000,1.000000,0.000000,C-06,0,0,0,1,1,0,-0.001487,0.157788,0.7917,0.4182,0.2653,2,ok
0,2245,249.520000,-1.300570,1.294991,2.858914,-0.007230,0.068901,14.195641,0.220000,-1.000000,-0.021569,0.978431,1.000000,1.000000,0.000000,C-06,0,0,0,1,1,0,0.001963,0.174470,0.7708,0.4329,0.2668,3,ok
0,2246,249.640000,-1.325883,1.302357,2.847562,-0.005378,0.057548,14.221938,0.219357,-0.946893,-0.171569,0.775323,1.000000,1.000000,0.000000,C-06,0,0,0,1,1,0,0.004122,0.164189,0.7500,0.4263,0.2614,3,ok
0,2247,249.740000,-1.346883,1.308495,2.829598,-0.003867,0.039584,14.240971,0.218258,-0.619335,-0.321569,0.297765,1.000000,1.000000,0.000000,C-06,0,0,0,1,1,0,0.003684,0.160135,0.7500,0.4656,0.2632,2,ok
0,2248,249.860000,-1.371954,1.316219,2.817001,-0.002654,0.020535,14.269941,0.218654,-0.058050,-0.171569,-0.113519,1.000000,1.000000,0.000000,C-06,0,0,0,1,1,0,0.002047,0.149313,0.7083,0.5018,0.2650,2,ok
0,2249,249.980000,-1.395984,1.324354,2.814895,-0.002187,0.010564,14.295286,0.210919,0.008593,-0.021569,-0.030163,0.958305,0.958305,0.000000,C-06,0,0,0,1,1,0,0.003482,0.126298,0.7292,0.4830,0.2661,2,ok
0,2250,250.080000,-1.416715,1.331127,2.821681,-0.001720,0.017350,14.317091,0.219515,0.453270,0.128431,-0.324840,1.000000,1.000000,0.000000,C-06,0,0,0,1,1,0,0.003650,0.065452,0.7917,0.4944,0.2677,2,ok
0,2251,250.200000,-1.441847,1.339253,2.840199,-0.001073,0.035869,14.343070,0.220672,0.841810,0.278431,-0.563379,1.000000,1.000000,0.000000,C-06,0,0,0,1,1,0,0.003461,0.074824,0.8125,0.5331,0.2673,2,ok
0,2252,250.300000,-1.462930,1.346025,2.864594,-0.000656,0.050260,14.365628,0.222104,1.000000,0.428431,-0.571569,1.000000,1.000000,0.000000,C-06,0,0,0,1,1,0,0.006084,0.054796,0.8125,0.5225,0.2664,2,ok
0,2253,250.420000,-1.488397,1.353940,2.885076,0.000102,0.070742,14.392286,0.222218,-0.216227,0.278431,0.494658,1.000000,1.000000,0.000000,C-06,0,0,0,1,1,0,0.009131,0.079645,0.8125,0.5183,0.2663,2,ok
0,2254,250.520000,-1.509702,1.359841,2.893458,0.001221,0.068083,14.414366,0.220973,-1.000000,0.128431,1.128431,1.000000,1.000000,0.000000,C-06,0,0,0,1,1,0,0.014315,0.074192,0.7708,0.4913,0.2654,2,ok
0,2255,250.640000,-1.535293,1.366376,2.892634,0.003065,0.067260,14.440714,0.220008,-1.000000,-0.021569,0.978431,1.000000,1.000000,0.000000,C-06,0,0,0,1,1,0,0.014315,0.074192,0.7708,0.4913,0.2654,2,ok
0,2256,250.740000,-1.556590,1.371799,2.883115,0.004339,0.044852,14.462710,0.219526,-0.404479,-0.171569,0.232910,1.000000,1.000000,0.000000,C-06,0,0,0,1,1,0,0.021070,0.037234,0.7500,0.4432,0.2619,2,ok
0,2257,250.860000,-1.582040,1.378306,2.860950,0.005734,0.022687,14.488941,0.218299,-0.349382,-0.321569,0.027813,1.000000,1.000000,0.000000,C-06,0,0,0,1,1,0,0.023693,-0.001618,0.7917,0.4069,0.2561,2,ok
0,2258,250.980000,-1.607357,1.385203,2.848191,0.006495,-0.005468,14.515247,0.218697,0.268739,-0.171569,-0.440309,1.000000,1.000000,0.000000,C-06,0,0,0,1,1,0,0.018560,-0.068972,0.8125,0.4479,0.2606,2,ok
0,2259,251.080000,-1.628409,1.391501,2.846219,0.006495,-0.007440,14.537221,0.219831,0.529962,-0.021569,-0.551531,1.000000,1.000000,0.000000,C-06,0,0,0,1,1,0,0.017338,-0.112274,0.8333,0.4374,0.2611,2,ok
0,2260,251.200000,-1.653695,1.399184,2.854568,0.006131,-0.017458,14.563760,0.220485,1.000000,0.128431,-0.871569,1.000000,1.000000,0.000000,C-06,0,0,0,1,1,0,0.017130,-0.152110,0.8125,0.4074,0.2615,2,ok
0,2261,251.300000,-1.674839,1.405590,2.870159,0.005659,-0.001867,14.585849,0.221363,0.860004,0.278431,-0.581573,1.000000,1.000000,0.000000,C-06,0,0,0,1,1,0,0.016963,-0.168746,0.7917,0.3878,0.2616,2,ok
0,2262,251.420000,-1.700372,1.413277,2.900283,0.004925,0.008507,14.612609,0.222952,0.470879,0.428431,-0.042448,1.000000,1.000000,0.000000,C-06,0,0,0,1,1,0,0.015683,-0.149226,0.7708,0.3970,0.2671,2,ok
0,2263,251.520000,-1.721781,1.419225,2.917936,0.004520,0.026160,14.634825,0.222095,0.080263,0.278431,0.198168,1.000000,1.000000,0.000000,C-06,0,0,0,1,1,0,0.016471,-0.125558,0.7292,0.3711,0.2686,2,ok
0,2264,251.640000,-1.747554,1.425464,2.928073,0.004763,0.012276,14.661460,0.220903,-0.160754,0.128431,0.289185,1.000000,1.000000,0.000000,C-06,0,0,0,1,1,0,0.017608,-0.128359,0.7500,0.3327,0.2675,2,ok
0,2265,251.740000,-1.769061,1.430220,2.930470,0.004992,0.014673,14.683485,0.220217,0.032071,0.032071,0.000000,1.000000,1.000000,0.000000,,0,0,0,1,1,0,0.015168,-0.100135,0.7292,0.3582,0.2680,2,ok
0,2266,251.860000,-1.794907,1.435843,2.943099,0.005359,0.027302,14.707884,0.220681,0.193896,0.182071,-0.011824,1.000000,1.000000,0.000000,C-06,0,0,0,1,1,0,0.015204,-0.122528,0.7917,0.3469,0.2661,2,ok
0,2267,251.980000,-1.820839,1.441463,2.964105,0.005078,0.020989,14.736590,0.221513,0.286817,0.286817,0.000000,1.000000,1.000000,0.000000,,0,0,0,1,1,0,0.011886,-0.139756,0.8125,0.3635,0.2682,2,ok
0,2268,252.080000,-1.842521,1.445949,2.978336,0.005094,0.035220,14.758731,0.221367,0.220022,0.220022,0.000000,1.000000,1.000000,0.000000,,0,0,0,1,1,0,0.011886,-0.139756,0.8125,0.3635,0.2682,2,ok
0,2269,252.200000,-1.868612,1.451072,2.999396,0.004566,0.025065,14.785489,0.221628,0.277789,0.277789,0.000000,1.000000,1.000000,0.000000,,0,0,0,1,1,0,0.012102,-0.112876,0.7917,0.3334,0.2653,2,ok
0,2270,252.300000,-1.890405,1.454592,3.008553,0.004798,0.034222,14.807563,0.220662,-0.011147,0.127789,0.138937,1.000000,1.000000,0.000000,C-06,0,0,0,1,1,0,0.010665,-0.081586,0.8125,0.3545,0.2681,2,ok
0,2271,252.420000,-1.916573,1.458114,3.008875,0.005138,0.003755,14.834137,0.219997,-0.003549,-0.003549,0.000000,1.000000,1.000000,0.000000,,0,0,0,1,1,0,0.011072,-0.083095,0.7917,0.3424,0.2650,2,ok
0,2272,252.520000,-1.938384,1.461023,3.012200,0.005217,0.007080,14.856141,0.220086,0.055022,0.055022,0.000000,1.000000,1.000000,0.000000,,0,0,0,1,1,0,0.009325,-0.097978,0.7292,0.3423,0.2665,2,ok
0,2273,252.640000,-1.964587,1.464513,3.027389,0.004824,-0.007150,14.882775,0.220475,0.474259,0.205022,-0.269237,1.000000,1.000000,0.000000,C-06,0,0,0,1,1,0,0.004909,-0.042040,0.7083,0.3993,0.2730,2,ok
0,2274,252.740000,-1.986468,1.467422,3.048900,0.004042,0.014361,14.904834,0.220953,0.337038,0.337038,0.000000,1.000000,1.000000,0.000000,,0,0,0,1,1,0,0.006514,-0.062811,0.7708,0.3783,0.2648,2,ok
0,2275,252.860000,-2.012773,1.470531,3.064746,0.003323,0.003731,14.931394,0.220683,-0.069142,0.187038,0.256180,1.000000,1.000000,0.000000,C-06,0,0,0,1,1,0,0.006552,-0.062140,0.7708,0.3703,0.2657,3,ok
0,2276,252.980000,-2.039100,1.472715,3.068456,0.003094,0.007441,14.957810,0.220111,-0.200247,0.037038,0.237284,1.000000,1.000000,0.000000,C-06,0,0,0,1,1,0,0.006283,-0.048294,0.8125,0.4095,0.2695,2,ok
0,2277,253.080000,-2.061036,1.474340,3.061709,0.003047,-0.022327,14.979857,0.219900,-0.217715,-0.112962,0.104753,1.000000,1.000000,0.000000,C-06,0,0,0,1,1,0,0.006277,-0.027800,0.7708,0.3989,0.2663,2,ok
0,2278,253.200000,-2.087353,1.476450,3.063964,0.002457,-0.020072,15.006252,0.220046,0.195467,0.037038,-0.158429,1.000000,1.000000,0.000000,C-06,0,0,0,1,1,0,0.005594,-0.066548,0.7917,0.3695,0.2666,2,ok
0,2279,253.300000,-2.109296,1.478217,3.075570,0.001956,-0.008466,15.028260,0.220221,0.338047,0.187038,-0.151009,1.000000,1.000000,0.000000,C-06,0,0,0,1,1,0,0.004971,-0.081426,0.8125,0.3658,0.2654,2,ok
0,2280,253.420000,-2.135656,1.480338,3.099655,0.000854,-0.002956,15.054720,0.220505,0.304276,0.304276,0.000000,1.000000,1.000000,0.000000,,0,0,0,1,1,0,0.003136,-0.076081,0.7917,0.3865,0.2700,2,ok
0,2281,253.520000,-2.157342,1.482109,3.130242,-0.000087,0.027631,15.076459,0.217250,0.523927,0.454276,-0.069652,0.984296,0.984296,0.000000,C-06,0,0,0,1,1,0,0.005240,-0.055830,0.6875,0.3760,0.2678,2,ok
0,2282,253.640000,-2.183704,1.483936,-3.119398,-0.001278,0.044043,15.102852,0.220269,0.393208,0.393208,0.000000,1.000000,1.000000,0.000000,,0,0,0,1,1,0,0.007646,-0.025781,0.7292,0.3463,0.2641,2,ok
0,2283,253.740000,-2.205693,1.484289,-3.101858,-0.001168,0.061583,15.124843,0.219839,-0.103109,0.243208,0.346317,1.000000,1.000000,0.000000,C-06,0,0,0,1,1,0,0.005699,0.009715,0.7500,0.4015,0.2730,2,ok
0,2284,253.860000,-2.232067,1.483622,-3.093323,-0.000253,0.052476,15.151195,0.219852,-0.123619,0.093208,0.216827,1.000000,1.000000,0.000000,C-06,0,0,0,1,1,0,0.010603,0.042737,0.7500,0.3446,0.2692,2,ok
0,2285,253.980000,-2.258438,1.482377,-3.097222,0.001093,0.048577,15.177562,0.220036,-0.472916,-0.056792,0.416124,1.000000,1.000000,0.000000,C-06,0,0,0,1,1,0,0.011433,0.032584,0.8125,0.3576,0.2627,2,ok
0,2286,254.080000,-2.280421,1.481318,-3.110452,0.002019,0.018131,15.199574,0.220143,-1.000000,-0.206792,0.793208,1.000000,1.000000,0.000000,C-06,0,0,0,1,1,0,0.009217,0.045631,0.7917,0.4197,0.2668,3,ok
0,2287,254.200000,-2.306813,1.480051,-3.123148,0.002982,0.005436,15.225978,0.220203,-0.148017,-0.148017,0.000000,1.000000,1.000000,0.000000,,0,0,0,1,1,0,0.009217,0.045631,0.7917,0.4197,0.2668,3,ok
0,2288,254.300000,-2.328810,1.479609,-3.123955,0.002971,-0.012619,15.248037,0.220000,0.564464,0.001983,-0.562481,1.000000,1.000000,0.000000,C-06,0,0,0,1,1,0,0.007618,-0.016467,0.7708,0.3968,0.2668,2,ok
0,2289,254.420000,-2.355203,1.479146,-3.112197,0.002627,-0.000861,15.274432,0.219942,0.660067,0.151983,-0.508084,1.000000,1.000000,0.000000,C-06,0,0,0,1,1,0,0.006615,-0.061756,0.7708,0.4025,0.2649,2,ok
0,2290,254.520000,-2.377186,1.478761,-3.092316,0.002226,0.001370,15.296456,0.219779,1.000000,0.301983,-0.698017,1.000000,1.000000,0.000000,C-06,0,0,0,1,1,0,0.006350,-0.032467,0.6875,0.3962,0.2689,2,ok
0,2291,254.640000,-2.403526,1.478298,-3.056528,0.001428,0.037158,15.322788,0.219269,0.511154,0.451983,-0.059171,1.000000,1.000000,0.000000,C-06,0,0,0,1,1,0,0.004477,-0.022214,0.7917,0.4362,0.2703,2,ok
0,2292,254.740000,-2.425424,1.477373,-3.035617,0.001305,0.058069,15.342116,0.219103,-0.143058,0.301983,0.445042,1.000000,1.000000,0.000000,C-06,0,0,0,1,1,0,0.007381,0.031882,0.7917,0.4303,0.2668,2,ok
0,2293,254.860000,-2.451657,1.475129,-3.022811,0.001791,0.053167,15.371051,0.219409,-0.495706,0.151983,0.647689,1.000000,1.000000,0.000000,C-06,0,0,0,1,1,0,0.007850,0.036976,0.8333,0.4676,0.2700,3,ok
0,2294,254.980000,-2.477868,1.472031,-3.021871,0.003175,0.054108,15.394327,0.219991,-0.626833,0.001983,0.628816,1.000000,1.000000,0.000000,C-06,0,0,0,1,1,0,0.011828,0.048083,0.7917,0.4039,0.2690,2,ok
0,2295,255.080000,-2.499720,1.469411,-3.030598,0.003884,0.027718,15.419464,0.220198,-1.000000,-0.148017,0.851983,1.000000,1.000000,0.000000,C-06,0,0,0,1,1,0,0.011425,0.027813,0.8125,0.4473,0.2689,3,ok
0,2296,255.200000,-2.525960,1.466489,-3.031232,0.004582,0.027084,15.445857,0.219998,0.193201,0.001983,-0.191217,1.000000,1.000000,0.000000,C-06,0,0,0,1,1,0,0.010898,0.032709,0.7708,0.4348,0.2651,3,ok
0,2297,255.300000,-2.547816,1.464068,-3.022340,0.004818,0.018303,15.467917,0.219789,0.423370,0.151983,-0.271387,1.000000,1.000000,0.000000,C-06,0,0,0,1,1,0,0.008876,0.018473,0.7917,0.4709,0.2706,2,ok
0,2298,255.420000,-2.574023,1.461045,-3.018891,0.005208,0.021752,15.494294,0.219837,0.037255,0.037255,0.000000,1.000000,1.000000,0.000000,,0,0,0,1,1,0,0.009771,0.014094,0.7292,0.4457,0.2664,2,ok
0,2299,255.520000,-2.595843,1.458486,-3.007587,0.005241,0.015327,15.516363,0.219544,0.601005,0.187255,-0.413750,1.000000,1.000000,0.000000,C-06,0,0,0,1,1,0,0.009507,-0.001753,0.7292,0.4635,0.2667,2,ok
0,2300,255.640000,-2.621961,1.455415,-2.982343,0.005192,0.040571,15.542661,0.218760,0.623706,0.337255,-0.286451,1.000000,1.000000,0.000000,C-06,0,0,0,1,1,0,0.008938,-0.000273,0.7708,0.4821,0.2686,2,ok
0,2301,255.740000,-2.643658,1.452464,-2.969383,0.005310,0.036318,15.564649,0.218978,0.191832,0.191832,0.000000,1.000000,1.000000,0.000000,,0,0,0,1,1,0,0.011520,0.036893,0.8125,0.4558,0.2701,2,ok
0,2302,255.860000,-2.669657,1.448092,-2.965449,0.006111,0.040252,15.591001,0.219756,-0.139786,0.041832,0.181618,1.000000,1.000000,0.000000,C-06,0,0,0,1,1,0,0.012589,0.016817,0.8333,0.4580,0.2660,3,ok
0,2303,255.980000,-2.695663,1.443472,-2.972800,0.006905,0.014107,15.617517,0.220267,-0.783326,-0.108168,0.675157,1.000000,1.000000,0.000000,C-06,0,0,0,1,1,0,0.013774,0.022484,0.7917,0.4608,0.2676,3,ok
0,2304,256.100000,-2.721697,1.438890,-2.976736,0.007444,0.010171,15.643946,0.220282,-0.048685,-0.048685,0.000000,1.000000,1.000000,0.000000,,0,0,0,1,1,0,0.011303,0.011614,0.7917,0.5109,0.2654,2,ok
0,2305,256.220000,-2.747726,1.434550,-2.969880,0.007494,-0.000772,15.670459,0.219755,0.682697,0.101315,-0.581382,1.000000,1.000000,0.000000,C-06,0,0,0,1,1,0,0.012308,-0.040289,0.7500,0.4657,0.2659,2,ok
0,2306,256.340000,-2.773697,1.430224,-2.951660,0.007351,0.017448,15.696788,0.219066,0.294831,0.251315,-0.043516,1.000000,1.000000,0.000000,C-06,0,0,0,1,1,0,0.011479,-0.043734,0.7292,0.4675,0.2613,3,ok
0,2307,256.440000,-2.795251,1.426619,-2.927492,0.006990,0.022641,15.718809,0.218041,0.486584,0.401315,-0.085270,1.000000,1.000000,0.000000,C-06,0,0,0,1,1,0,0.010883,-0.006303,0.6875,0.5050,0.2631,2,ok
0,2308,256.540000,-2.816671,1.423005,-2.894699,0.006406,0.055434,15.740523,0.216580,0.640772,0.551315,-0.089458,1.000000,1.000000,0.000000,C-06,0,0,0,1,1,0,0.006990,0.127326,0.7500,0.5949,0.2778,2,ok
0,2309,256.660000,-2.842170,1.417608,-2.865170,0.006696,0.066177,15.766677,0.217192,0.158160,0.401315,0.243155,1.000000,1.000000,0.000000,C-06,0,0,0,1,1,0,0.006598,0.132520,0.8125,0.6803,0.2719,2,ok
0,2310,256.780000,-2.867498,1.411030,-2.846743,0.007905,0.084604,15.792818,0.218120,-0.732253,0.251315,0.983568,1.000000,1.000000,0.000000,C-06,0,0,0,1,1,0,0.013409,0.121520,0.8125,0.6247,0.2660,3,ok
0,2311,256.880000,-2.888525,1.404868,-2.840101,0.009595,0.091246,15.812513,0.219212,-0.258211,0.101315,0.359525,1.000000,1.000000,0.000000,C-06,0,0,0,1,1,0,0.014879,0.140366,0.8542,0.6567,0.2652,3,ok
0,2312,256.980000,-2.909538,1.398349,-2.842311,0.011075,0.068881,15.836834,0.220144,-0.419212,-0.048685,0.370527,1.000000,1.000000,0.000000,C-06,0,0,0,1,1,0,0.015904,0.150456,0.8333,0.6883,0.2658,3,ok
0,2313,257.100000,-2.934812,1.390530,-2.855528,0.012898,0.055665,15.863227,0.220846,-0.582542,-0.198685,0.383856,1.000000,1.000000,0.000000,C-06,0,0,0,1,1,0,0.017774,0.186561,0.7708,0.6717,0.2716,3,ok
0,2314,257.220000,-2.960221,1.382713,-2.879380,0.014271,0.012763,15.889992,0.222179,-0.565492,-0.348685,0.216807,1.000000,1.000000,0.000000,C-06,0,0,0,1,1,0,0.014158,0.180161,0.7917,0.7759,0.2710,2,ok
0,2315,257.340000,-2.985771,1.375343,-2.894449,0.015151,-0.002307,15.916570,0.221530,-0.157623,-0.198685,-0.041062,1.000000,1.000000,0.000000,C-06,0,0,0,1,1,0,0.016115,0.055070,0.7083,0.6873,0.2672,2,ok
0,2316,257.440000,-3.007114,1.369827,-2.898035,0.014765,-0.026989,15.938966,0.220358,0.607822,-0.048685,-0.656507,1.000000,1.000000,0.000000,C-06,0,0,0,1,1,0,0.004375,0.204772,0.6875,0.8863,0.2848,2,ok
0,2317,257.540000,-3.028453,1.364514,-2.892709,0.014165,-0.021663,15.960948,0.219728,0.639835,0.101315,-0.538520,1.000000,1.000000,0.000000,C-06,0,0,0,1,1,0,0.003395,0.191981,0.7292,0.9355,0.2829,2,ok
0,2318,257.660000,-3.053985,1.358154,-2.875519,0.013142,-0.025234,15.987491,0.218822,0.727962,0.251315,-0.476647,1.000000,1.000000,0.000000,C-06,0,0,0,1,1,0,-0.000622,0.038646,0.8125,1.0626,0.2736,2,ok
0,2319,257.780000,-3.079381,1.351782,-2.854122,0.012005,-0.003837,16.013649,0.217778,0.303956,0.303956,0.000000,1.000000,1.000000,0.000000,,0,0,0,1,1,0,-0.001552,0.240767,0.8333,1.1160,0.2778,2,ok
0,2320,257.880000,-3.100422,1.346184,-2.836234,0.011059,-0.008374,16.035683,0.217705,0.305976,0.305976,0.000000,1.000000,1.000000,0.000000,,0,0,0,1,1,0,-0.001323,0.255189,0.8125,1.1379,0.2765,2,ok
0,2321,257.980000,-3.121350,1.340126,-2.820104,0.010371,0.007757,16.057459,0.217875,0.276688,0.276688,0.000000,1.000000,1.000000,0.000000,,0,0,0,1,1,0,-0.005168,0.184608,0.8125,1.2436,0.2752,2,ok
0,2322,258.100000,-3.146349,1.332129,-2.808937,0.010094,-0.003905,16.083925,0.218776,0.154744,0.154744,0.000000,1.000000,1.000000,0.000000,,0,0,0,1,1,0,0.002032,0.040207,0.7500,1.1083,0.2691,2,ok
0,2323,258.220000,-3.171274,1.323693,-2.802827,0.009870,0.002205,16.110238,0.219323,0.084367,0.084367,0.000000,1.000000,1.000000,0.000000,,0,0,0,1,1,0,-0.002324,0.306721,0.7500,1.2503,0.2732,2,ok
0,2324,258.340000,-3.196109,1.315073,-2.787588,0.009646,-0.007055,16.136770,0.218572,0.614457,0.234367,-0.380090,1.000000,1.000000,0.000000,C-06,0,0,0,1,1,0,-0.005094,0.122930,0.7292,1.3278,0.2730,2,ok
0,2325,258.440000,-3.216681,1.307870,-2.770872,0.009142,0.009661,16.158561,0.217638,0.301488,0.301488,0.000000,1.000000,1.000000,0.000000,,0,0,0,1,1,0,-0.000600,0.053159,0.7083,1.2480,0.2654,2,ok
0,2326,258.540000,-3.236179,1.300538,-2.761999,0.009139,0.018534,16.179392,0.207732,0.061599,0.151488,0.089889,0.949720,0.949720,0.000000,C-06,0,0,0,1,1,0,-0.001209,0.320000,0.7500,1.3246,0.2767,2,ok
0,2327,258.660000,-3.260493,1.290939,-2.757785,0.008948,-0.002486,16.205765,0.219542,0.056916,0.056916,0.000000,1.000000,1.000000,0.000000,,0,0,0,1,1,0,0.000437,0.320000,0.8333,1.3240,0.2736,2,ok
0,2328,258.780000,-3.284334,1.281290,-2.744732,0.008926,0.010567,16.231484,0.213459,0.619538,0.206916,-0.412622,0.974360,0.974360,0.000000,C-06,0,0,0,1,1,0,-0.000642,0.009081,0.7917,1.3920,0.2675,2,ok
0,2329,258.880000,-3.304168,1.273224,-2.726032,0.008466,0.001863,16.253125,0.213609,0.849482,0.356916,-0.492566,0.982181,0.982181,0.000000,C-06,0,0,0,1,1,0,0.000960,-0.052084,0.7500,1.3727,0.2635,2,ok
0,2330,258.980000,-3.324135,1.264969,-2.699492,0.008039,0.028404,16.274727,0.216268,0.815981,0.506916,-0.309065,1.000000,1.000000,0.000000,C-06,0,0,0,1,1,0,0.005525,0.026739,0.7292,1.2738,0.2684,2,ok
0,2331,259.100000,-3.347799,1.254361,-2.664939,0.007943,0.033477,16.300884,0.216193,0.548188,0.548188,0.000000,1.000000,1.000000,0.000000,,0,0,0,1,1,0,0.001240,0.254435,0.7708,1.4303,0.2693,2,ok
0,2332,259.220000,-3.371097,1.242674,-2.639522,0.008606,0.058894,16.326941,0.217377,-0.794288,0.398188,1.192475,1.000000,1.000000,0.000000,C-06,0,0,0,1,1,0,0.004163,-0.013704,0.7917,1.3947,0.2698,2,ok
0,2333,259.340000,-3.394135,1.230198,-2.623736,0.009732,0.039447,16.353419,0.218434,-1.000000,0.248188,1.248188,1.000000,1.000000,0.000000,C-06,0,0,0,1,1,0,0.011883,-0.022063,0.6875,1.2477,0.2606,2,ok
0,2334,259.440000,-3.413220,1.219387,-2.618440,0.010685,0.044743,16.375332,0.219389,-0.903098,0.098188,1.001285,1.000000,1.000000,0.000000,C-06,0,0,0,1,1,0,0.005495,0.198230,0.7292,1.4131,0.2753,2,ok
0,2335,259.540000,-3.431124,1.209052,-2.612036,0.011752,0.051147,16.395978,0.205339,0.130787,0.130787,0.000000,0.935637,0.935637,0.000000,,0,0,0,1,1,0,0.005132,0.035942,0.7292,1.4295,0.2780,2,ok
0,2336,259.660000,-3.453394,1.196073,-2.604912,0.012279,0.017561,16.422164,0.216410,0.117177,0.117177,0.000000,0.986827,0.986827,0.000000,,0,0,0,1,1,0,0.007027,-0.080984,0.8333,1.4093,0.2728,2,ok
0,2337,259.780000,-3.474110,1.183710,-2.589661,0.013022,0.032812,16.446277,0.199163,0.620868,0.267177,-0.353691,0.910882,0.910882,0.000000,C-06,0,0,0,1,1,0,0.008378,-0.169088,0.7708,1.3506,0.2620,2,ok
0,2338,259.880000,-3.492311,1.172636,-2.569649,0.012973,0.006824,16.468295,0.217938,0.815783,0.417177,-0.398606,1.000000,1.000000,0.000000,C-06,0,0,0,1,1,0,0.007476,-0.219499,0.7917,1.3683,0.2651,2,ok
0,2339,259.980000,-3.510148,1.161090,-2.542966,0.013247,0.033508,16.489540,0.210653,0.648098,0.567177,-0.080921,0.968068,0.968068,0.000000,C-06,0,0,0,1,1,0,0.010779,-0.080579,0.7292,1.2701,0.2705,2,ok
0,2340,260.100000,-3.531660,1.146336,-2.513709,0.013867,0.011696,16.516362,0.218407,0.507977,0.507977,0.000000,1.000000,1.000000,0.000000,,0,0,0,1,1,0,0.008983,-0.229175,0.7917,1.3176,0.2639,2,ok
0,2341,260.220000,-3.552858,1.130805,-2.492927,0.014313,0.032477,16.542637,0.219161,0.319147,0.357977,0.038830,1.000000,1.000000,0.000000,C-06,0,0,0,1,1,0,0.011882,0.087398,0.7292,1.2490,0.2712,2,ok
0,2342,260.340000,-3.573796,1.114815,-2.480870,0.015055,-0.011089,16.569787,0.219615,0.098835,0.207977,0.109141,1.000000,1.000000,0.000000,C-06,0,0,0,1,1,0,0.008373,-0.056454,0.6875,1.3306,0.2725,2,ok
0,2343,260.440000,-3.591086,1.101273,-2.468775,0.014943,0.001006,16.591749,0.219638,0.267863,0.267863,0.000000,1.000000,1.000000,0.000000,,0,0,0,1,1,0,0.018661,-0.115189,0.6667,1.0627,0.2659,2,ok
0,2344,260.540000,-3.607543,1.087977,-2.450406,0.015155,0.019375,16.612904,0.210825,0.436786,0.417863,-0.018923,0.959382,0.959382,0.000000,C-06,0,0,0,1,1,0,0.009886,-0.170373,0.7917,1.2336,0.2653,2,ok
0,2345,260.660000,-3.626564,1.071936,-2.431005,0.014994,-0.017184,16.638667,0.207258,0.356379,0.356379,0.000000,0.941375,0.941375,0.000000,,0,0,0,1,1,0,0.009845,-0.107749,0.8125,1.2004,0.2716,2,ok
0,2346,260.780000,-3.644335,1.056388,-2.410308,0.014795,0.003513,16.662278,0.196148,0.380287,0.380287,0.000000,0.888614,0.888614,0.000000,,0,0,0,1,1,0,0.006914,-0.268128,0.7917,1.2496,0.2661,2,ok
0,2347,260.880000,-3.658632,1.043395,-2.386194,0.014830,-0.028630,16.682464,0.192763,0.775991,0.530287,-0.245705,0.871644,0.871644,0.000000,C-06,0,0,0,1,1,0,0.027725,-0.250749,0.7500,0.5344,0.2257,2,ok
0,2348,260.980000,-3.672640,1.029866,-2.358138,0.014492,-0.000574,16.701936,0.194873,0.590588,0.590588,0.000000,0.885236,0.885236,0.000000,,0,0,0,1,1,0,0.007307,-0.299051,0.7708,1.1876,0.2638,2,ok
0,2349,261.100000,-3.690106,1.012046,-2.332189,0.014742,0.025376,16.726887,0.210884,0.361709,0.440588,0.078879,0.961287,0.961287,0.000000,C-06,0,0,0,1,1,0,0.013605,-0.181665,0.7500,1.0022,0.2645,2,ok
0,2350,261.220000,-3.707950,0.992946,-2.302834,0.014664,-0.001352,16.753858,0.218995,0.529743,0.529743,0.000000,1.000000,1.000000,0.000000,,0,0,0,1,1,0,0.013775,-0.276988,0.7500,1.0050,0.2606,2,ok
0,2351,261.340000,-3.724602,0.974000,-2.279987,0.014874,0.021494,16.779081,0.209526,0.411855,0.411855,0.000000,0.953267,0.953267,0.000000,,0,0,0,1,1,0,0.012028,-0.178967,0.7500,1.0220,0.2619,2,ok
0,2352,261.440000,-3.738160,0.958001,-2.267491,0.015019,-0.021241,16.800885,0.209782,0.266799,0.266799,0.000000,0.953252,0.953252,0.000000,,0,0,0,1,1,0,0.011764,0.069160,0.6667,0.9881,0.2729,2,ok
0,2353,261.540000,-3.751371,0.942093,-2.259505,0.014629,-0.013256,16.821560,0.206540,0.169423,0.169423,0.000000,0.938344,0.938344,0.000000,,0,0,0,1,1,0,0.009897,0.048688,0.7083,1.0085,0.2772,2,ok
0,2354,261.660000,-3.766986,0.922993,-2.251264,0.014354,-0.005014,16.846230,0.205549,0.150340,0.150340,0.000000,0.933642,0.933642,0.000000,,0,0,0,1,1,0,0.008310,-0.116903,0.7917,1.0261,0.2693,2,ok
0,2355,261.780000,-3.781975,0.904263,-2.235298,0.013226,-0.042873,16.870954,0.199649,0.422502,0.300340,-0.122162,0.905246,0.905246,0.000000,C-06,0,0,0,1,1,0,0.005330,-0.247196,0.8125,1.0093,0.2689,2,ok
0,2356,261.880000,-3.794592,0.887798,-2.214953,0.012542,-0.022528,16.891686,0.209802,0.822941,0.450340,-0.372601,0.950797,0.950797,0.000000,C-06,0,0,0,1,1,0,0.006168,-0.307114,0.7708,0.9350,0.2636,2,ok
0,2357,261.980000,-3.807015,0.871143,-2.187299,0.011780,-0.046907,16.913099,0.208013,0.714476,0.600340,-0.114136,0.935965,0.935965,0.000000,C-06,0,0,0,1,1,0,0.004202,-0.289405,0.7500,0.9548,0.2661,2,ok
0,2358,262.100000,-3.821671,0.849802,-2.160830,0.010890,-0.020437,16.938973,0.218100,0.339673,0.450340,0.110666,0.989452,0.989452,0.000000,C-06,0,0,0,1,1,0,0.004494,-0.282877,0.7708,0.9107,0.2701,2,ok
0,2359,262.220000,-3.835407,0.829370,-2.130802,0.010288,0.009591,16.962873,0.204896,0.515447,0.515447,0.000000,0.918785,0.918785,0.000000,,0,0,0,1,1,0,0.005617,-0.280242,0.7292,0.8339,0.2624,2,ok
0,2360,262.340000,-3.848699,0.807172,-2.091493,0.009637,-0.001745,16.989976,0.219772,0.718513,0.665447,-0.053067,0.996140,0.996140,0.000000,C-06,0,0,0,1,1,0,-0.000748,-0.092830,0.7292,0.9707,0.2740,2,ok
0,2361,262.440000,-3.859759,0.787911,-2.057018,0.009526,0.032730,17.012187,0.223579,0.672469,0.672469,0.000000,1.000000,1.000000,0.000000,,0,0,0,1,1,0,-0.000748,-0.092830,0.7292,0.9707,0.2740,2,ok
0,2362,262.540000,-3.870599,0.768319,-2.029157,0.009027,0.012585,17.035018,0.224016,-0.072299,0.522469,0.594768,1.000000,1.000000,0.000000,C-06,0,0,0,1,1,0,0.001744,0.075273,0.6667,0.8988,0.2831,2,ok
0,2363,262.660000,-3.882796,0.744503,-2.004749,0.008919,0.036994,17.061776,0.222967,-0.813797,0.372469,1.186266,1.000000,1.000000,0.000000,C-06,0,0,0,1,1,0,0.003496,0.068543,0.7083,0.8742,0.2830,2,ok
0,2364,262.780000,-3.894240,0.720464,-1.989679,0.008911,0.006280,17.088838,0.221789,-1.000000,0.222469,1.222469,1.000000,1.000000,0.000000,C-06,0,0,0,1,1,0,0.007350,0.014471,0.7917,0.8017,0.2762,2,ok
0,2365,262.880000,-3.903301,0.700344,-1.985169,0.008864,0.010789,17.110904,0.220578,-0.539992,0.072469,0.612461,1.000000,1.000000,0.000000,C-06,0,0,0,1,1,0,0.007138,0.000291,0.7917,0.7868,0.2745,2,ok
0,2366,262.980000,-3.912200,0.680159,-1.973786,0.008990,0.022173,17.130260,0.220991,0.431942,0.222469,-0.209473,1.000000,1.000000,0.000000,C-06,0,0,0,1,1,0,0.004747,-0.088965,0.8125,0.8304,0.2667,2,ok
0,2367,263.100000,-3.922200,0.657314,-1.950175,0.008082,0.002822,17.158247,0.207273,0.841563,0.372469,-0.469094,0.929932,0.929932,0.000000,C-06,0,0,0,1,1,0,0.006694,-0.137727,0.7500,0.7222,0.2594,2,ok
0,2368,263.220000,-3.932080,0.632926,-1.915640,0.007975,0.037357,17.184560,0.222684,1.000000,0.522469,-0.477531,1.000000,1.000000,0.000000,C-06,0,0,0,1,1,0,0.004146,-0.157038,0.7708,0.8195,0.2692,2,ok
0,2369,263.340000,-3.941772,0.607964,-1.889328,0.007150,0.022649,17.211663,0.223182,0.216093,0.372469,0.156376,1.000000,1.000000,0.000000,C-06,0,0,0,1,1,0,0.006164,-0.113202,0.7083,0.7847,0.2674,2,ok
0,2370,263.440000,-3.949124,0.587023,-1.875879,0.007169,0.036097,17.233856,0.221842,-1.000000,0.222469,1.222469,1.000000,1.000000,0.000000,C-06,0,0,0,1,1,0,0.006848,-0.061849,0.7292,0.7718,0.2652,2,ok
0,2371,263.540000,-3.955898,0.566022,-1.871030,0.007167,0.003140,17.256192,0.220582,-0.628610,0.072469,0.701079,1.000000,1.000000,0.000000,C-06,0,0,0,1,1,0,0.008118,-0.033921,0.6875,0.7343,0.2649,2,ok
0,2372,263.660000,-3.963123,0.543160,-1.875694,0.007056,-0.001524,17.280167,0.198114,-0.214838,-0.077531,0.137307,0.866017,0.900000,0.033983,C-06,0,0,0,1,1,0,0.005933,-0.012539,0.7083,0.7701,0.2710,2,ok
0,2373,263.780000,-3.970640,0.518537,-1.871278,0.006768,-0.032923,17.306173,0.219608,0.607342,0.072469,-0.534873,1.000000,1.000000,0.000000,C-06,0,0,0,1,1,0,0.006064,-0.156075,0.8333,0.7012,0.2653,2,ok
0,2374,263.880000,-3.976819,0.498494,-1.859395,0.006037,-0.021040,17.327134,0.208735,0.944133,0.222469,-0.721664,0.945807,0.945807,0.000000,C-06,0,0,0,1,1,0,0.006664,-0.199417,0.7500,0.6482,0.2634,2,ok
0,2375,263.980000,-3.982967,0.477528,-1.837994,0.005577,0.000361,17.348977,0.220843,1.000000,0.372469,-0.627531,1.000000,1.000000,0.000000,C-06,0,0,0,1,1,0,0.004955,-0.218377,0.7500,0.6647,0.2638,2,ok
0,2376,264.100000,-3.990341,0.451946,-1.801019,0.004284,0.003887,17.375749,0.222750,1.000000,0.522469,-0.477531,1.000000,1.000000,0.000000,C-06,0,0,0,1,1,0,0.003689,-0.141379,0.7500,0.6873,0.2698,2,ok
0,2377,264.220000,-3.997714,0.426110,-1.751992,0.003047,0.052915,17.402589,0.224864,1.000000,0.672469,-0.327531,1.000000,1.000000,0.000000,C-06,0,0,0,1,1,0,0.005401,-0.154986,0.7500,0.6515,0.2633,2,ok
0,2378,264.340000,-4.004155,0.400052,-1.711258,0.001973,0.060546,17.429501,0.223405,-1.000000,0.522469,1.522469,1.000000,1.000000,0.000000,C-06,0,0,0,1,1,0,0.010205,-0.117140,0.7500,0.5668,0.2632,2,ok
0,2379,264.440000,-4.008358,0.378232,-1.686256,0.002228,0.085549,17.451721,0.222026,-0.744445,0.372469,1.116914,1.000000,1.000000,0.000000,C-06,0,0,0,1,1,0,0.012444,-0.084946,0.6667,0.5383,0.2657,2,ok
0,2380,264.540000,-4.011595,0.356359,-1.670843,0.002926,0.067227,17.473896,0.221004,-0.607774,0.222469,0.830243,1.000000,1.000000,0.000000,C-06,0,0,0,1,1,0,0.012580,-0.010438,0.6458,0.5646,0.2627,2,ok
0,2381,264.660000,-4.014510,0.330082,-1.664361,0.004532,0.073709,17.500285,0.220276,-0.337304,0.072469,0.409773,1.000000,1.000000,0.000000,C-06,0,0,0,1,1,0,0.012580,-0.010438,0.6458,0.5646,0.2627,2,ok
0,2382,264.780000,-4.017273,0.303789,-1.657402,0.005732,0.046808,17.526876,0.220319,0.087917,0.087917,0.000000,1.000000,1.000000,0.000000,,0,0,0,1,1,0,0.015244,-0.037938,0.7708,0.5045,0.2704,2,ok
0,2383,264.880000,-4.019506,0.281859,-1.643158,0.006491,0.061052,17.548906,0.220545,0.224194,0.224194,0.000000,1.000000,1.000000,0.000000,,0,0,0,1,1,0,0.013564,-0.043333,0.7708,0.5317,0.2634,2,ok
0,2384,264.980000,-4.021712,0.259906,-1.629106,0.007059,0.040324,17.571246,0.220636,0.205966,0.205966,0.000000,1.000000,1.000000,0.000000,,0,0,0,1,1,0,0.011695,-0.038484,0.7917,0.6005,0.2703,2,ok
0,2385,265.100000,-4.023803,0.234154,-1.616232,0.007432,0.053198,17.597081,0.214944,0.153707,0.153707,0.000000,0.975311,0.975311,0.000000,,0,0,0,1,1,0,0.013244,-0.051550,0.7708,0.5491,0.2688,2,ok
0,2386,265.220000,-4.025088,0.210498,-1.610925,0.008407,0.058505,17.620148,0.195842,0.056825,0.056825,0.000000,0.889706,0.889706,0.000000,,0,0,0,1,1,0,0.014864,-0.039080,0.7292,0.5118,0.2619,2,ok
0,2387,265.340000,-4.026088,0.185057,-1.613785,0.008978,0.021395,17.646481,0.217104,-0.041650,-0.041650,0.000000,0.987027,0.987027,0.000000,,0,0,0,1,1,0,0.014308,-0.035484,0.7083,0.5274,0.2605,2,ok
0,2388,265.440000,-4.026918,0.163111,-1.626159,0.009524,0.009022,17.668435,0.219828,-0.228252,-0.191650,0.036602,1.000000,1.000000,0.000000,C-06,0,0,0,1,1,0,0.011958,-0.054214,0.7292,0.5492,0.2643,2,ok
0,2389,265.540000,-4.027999,0.141148,-1.629821,0.009259,-0.027090,17.690755,0.219909,0.882708,-0.041650,-0.924358,1.000000,1.000000,0.000000,C-06,0,0,0,1,1,0,0.009540,-0.053540,0.6667,0.5742,0.2638,2,ok
0,2390,265.660000,-4.029536,0.114788,-1.621604,0.008457,-0.018872,17.717147,0.220089,0.938909,0.108350,-0.830559,1.000000,1.000000,0.000000,C-06,0,0,0,1,1,0,0.007251,-0.107344,0.7500,0.5516,0.2660,2,ok
0,2391,265.780000,-4.030898,0.090811,-1.602196,0.007402,-0.029055,17.741365,0.198217,0.871960,0.258350,-0.613610,0.831742,0.900000,0.068258,C-06,0,0,0,1,1,0,0.003727,-0.120775,0.7708,0.5947,0.2640,2,ok
0,2392,265.880000,-4.032001,0.069423,-1.574622,0.006299,-0.001481,17.762752,0.220269,0.814442,0.408350,-0.406092,1.000000,1.000000,0.000000,C-06,0,0,0,1,1,0,0.005778,-0.124944,0.7917,0.5239,0.2605,2,ok
0,2393,265.980000,-4.033024,0.049033,-1.553019,0.005276,0.020121,17.781675,0.202384,0.300007,0.300007,0.000000,0.919112,0.919112,0.000000,,0,0,0,1,1,0,0.004617,-0.015924,0.7708,0.5740,0.2747,2,ok
0,2394,266.100000,-4.033174,0.023074,-1.539616,0.004403,0.005150,17.809227,0.219898,-0.342094,0.150007,0.492101,1.000000,1.000000,0.000000,C-06,0,0,0,1,1,0,0.005702,-0.069791,0.7708,0.5515,0.2619,2,ok
0,2395,266.220000,-4.032376,-0.003313,-1.538888,0.004507,0.005878,17.834894,0.220000,-0.266172,0.000007,0.266179,1.000000,1.000000,0.000000,C-06,0,0,0,1,1,0,0.004670,-0.040354,0.7083,0.5853,0.2693,2,ok
0,2396,266.340000,-4.031533,-0.029695,-1.527403,0.003943,-0.008711,17.862133,0.219910,0.380967,0.150007,-0.230960,1.000000,1.000000,0.000000,C-06,0,0,0,1,1,0,0.005069,-0.103143,0.6667,0.5333,0.2651,2,ok
0,2397,266.440000,-4.030840,-0.051115,-1.507997,0.003512,0.010695,17.883560,0.213449,0.538165,0.300007,-0.238158,0.971558,0.971558,0.000000,C-06,0,0,0,1,1,0,0.002120,-0.062824,0.7292,0.6019,0.2631,2,ok
0,2398,266.540000,-4.030161,-0.071575,-1.486254,0.002694,0.007567,17.904105,0.203689,0.327850,0.327850,0.000000,0.928569,0.928569,0.000000,,0,0,0,1,1,0,0.004685,-0.056026,0.6458,0.5353,0.2673,2,ok
0,2399,266.660000,-4.028831,-0.094883,-1.471293,0.002175,0.022528,17.927445,0.193903,-0.165083,0.177850,0.342933,0.883872,0.883872,0.000000,C-06,0,0,0,1,1,0,0.003141,-0.034504,0.7083,0.5947,0.2653,2,ok
0,2400,266.780000,-4.026426,-0.120149,-1.468476,0.002305,0.000364,17.952879,0.216347,-0.413783,0.027850,0.441633,1.000000,0.983872,-0.016128,C-06,0,0,0,1,1,0,0.001993,-0.015487,0.7917,0.6495,0.2624,2,ok
0,2401,266.880000,-4.024310,-0.142000,-1.465417,0.002174,0.003422,17.974831,0.219820,0.047488,0.047488,0.000000,1.000000,1.000000,0.000000,,0,0,0,1,1,0,0.001578,-0.018519,0.7708,0.6498,0.2619,2,ok
0,2402,266.980000,-4.022170,-0.163864,-1.453416,0.002066,0.015423,17.994111,0.219550,0.699070,0.197488,-0.501582,1.000000,1.000000,0.000000,C-06,0,0,0,1,1,0,0.001205,-0.018545,0.7500,0.6609,0.2684,2,ok
0,2403,267.100000,-4.019601,-0.190041,-1.427211,0.001309,0.017170,18.023138,0.218824,0.722636,0.347488,-0.375148,1.000000,1.000000,0.000000,C-06,0,0,0,1,1,0,0.002464,-0.088169,0.7292,0.6283,0.2667,2,ok
0,2404,267.220000,-4.017020,-0.216095,-1.390074,0.000638,0.054306,18.047321,0.217641,0.592678,0.497488,-0.095190,1.000000,1.000000,0.000000,C-06,0,0,0,1,1,0,0.014577,-0.101290,0.6875,0.2754,0.2473,2,ok
0,2405,267.340000,-4.013334,-0.241997,-1.363306,0.000327,0.057441,18.075489,0.217983,-0.194864,0.347488,0.542352,1.000000,1.000000,0.000000,C-06,0,0,0,1,1,0,0.005781,0.024392,0.7083,0.6444,0.2714,2,ok
0,2406,267.440000,-4.009325,-0.263494,-1.350362,0.001051,0.070384,18.097345,0.218730,-0.618706,0.197488,0.816194,1.000000,1.000000,0.000000,C-06,0,0,0,1,1,0,0.007319,0.028604,0.6667,0.6417,0.2637,2,ok
0,2407,267.540000,-4.004656,-0.284951,-1.346708,0.001990,0.049460,18.119312,0.219676,-0.270287,0.047488,0.317775,1.000000,1.000000,0.000000,C-06,0,0,0,1,1,0,0.006848,0.075167,0.6250,0.6908,0.2697,2,ok
0,2408,267.660000,-3.998795,-0.310700,-1.350247,0.003284,0.045922,18.145688,0.220170,-0.055375,-0.055375,0.000000,1.000000,1.000000,0.000000,,0,0,0,1,1,0,0.001278,0.159651,0.7292,0.8675,0.2715,2,ok
0,2409,267.780000,-3.993020,-0.336444,-1.344002,0.004070,0.027220,18.172141,0.219707,0.191839,0.094625,-0.097214,1.000000,1.000000,0.000000,C-06,0,0,0,1,1,0,0.006598,0.002781,0.7708,0.7482,0.2658,2,ok
0,2410,267.880000,-3.988212,-0.357869,-1.339206,0.004583,0.032016,18.194093,0.219471,0.077437,0.077437,0.000000,1.000000,1.000000,0.000000,,0,0,0,1,1,0,0.006353,0.037927,0.7500,0.7708,0.2710,2,ok
0,2411,267.980000,-3.983350,-0.379270,-1.334497,0.004881,0.011463,18.216172,0.219459,0.233982,0.227437,-0.006545,1.000000,1.000000,0.000000,C-06,0,0,0,1,1,0,0.003904,0.051295,0.7500,0.8572,0.2687,2,ok
0,2412,268.100000,-3.977407,-0.404860,-1.308880,0.004955,0.037080,18.242443,0.218264,0.389910,0.377437,-0.012473,1.000000,1.000000,0.000000,C-06,0,0,0,1,1,0,0.004836,-0.058090,0.7292,0.8475,0.2684,2,ok
0,2413,268.220000,-3.971275,-0.430284,-1.287770,0.005036,0.031970,18.268717,0.217892,0.289500,0.289500,0.000000,1.000000,1.000000,0.000000,,0,0,0,1,1,0,0.021300,-0.074007,0.6875,0.3597,0.2400,2,ok
0,2414,268.340000,-3.964254,-0.455593,-1.277289,0.005600,0.042451,18.294975,0.218934,-0.089199,0.139500,0.228699,1.000000,1.000000,0.000000,C-06,0,0,0,1,1,0,0.009735,-0.020803,0.6875,0.8277,0.2655,2,ok
0,2415,268.440000,-3.958105,-0.476632,-1.271207,0.006253,0.020381,18.317060,0.219214,0.101334,0.101334,0.000000,1.000000,1.000000,0.000000,,0,0,0,1,1,0,0.010938,-0.006983,0.6667,0.8089,0.2627,2,ok
0,2416,268.540000,-3.951819,-0.497609,-1.257332,0.006552,0.034255,18.338957,0.218583,0.317206,0.251334,-0.065872,1.000000,1.000000,0.000000,C-06,0,0,0,1,1,0,0.012699,-0.019216,0.6667,0.7900,0.2618,2,ok
0,2417,268.660000,-3.944264,-0.522614,-1.230448,0.006966,0.061139,18.365075,0.216936,0.489540,0.401334,-0.088206,1.000000,1.000000,0.000000,C-06,0,0,0,1,1,0,0.013011,-0.036257,0.7083,0.7897,0.2630,2,ok
0,2418,268.780000,-3.936269,-0.546609,-1.212732,0.007400,0.050312,18.390562,0.210349,0.107818,0.251334,0.143517,0.965115,0.965115,0.000000,C-06,0,0,0,1,1,0,0.016714,-0.088000,0.7708,0.7411,0.2633,2,ok
0,2419,268.880000,-3.928785,-0.567088,-1.206431,0.008369,0.056613,18.412344,0.219185,-0.195846,0.101334,0.297180,1.000000,1.000000,0.000000,C-06,0,0,0,1,1,0,0.016714,-0.088000,0.7708,0.7411,0.2633,2,ok
0,2420,268.980000,-3.920956,-0.587640,-1.205956,0.009186,0.026071,18.434604,0.219988,0.001482,0.001482,0.000000,1.000000,1.000000,0.000000,,0,0,0,1,1,0,0.019401,-0.069714,0.7708,0.6949,0.2616,2,ok
0,2421,269.100000,-3.911607,-0.612080,-1.196470,0.009897,0.035557,18.460761,0.217575,0.205309,0.151482,-0.053827,0.991992,0.991992,0.000000,C-06,0,0,0,1,1,0,0.017540,-0.077109,0.7292,0.7132,0.2611,2,ok
0,2422,269.220000,-3.902222,-0.636420,-1.177226,0.010292,0.020819,18.487150,0.216745,0.301839,0.301482,-0.000356,0.994461,0.994461,0.000000,C-06,0,0,0,1,1,0,0.017700,-0.103600,0.7292,0.6867,0.2613,2,ok
0,2423,269.340000,-3.892682,-0.660645,-1.148350,0.010475,0.049694,18.513185,0.216592,0.569348,0.451482,-0.117866,1.000000,1.000000,0.000000,C-06,0,0,0,1,1,0,0.017991,-0.153357,0.7292,0.6677,0.2619,2,ok
0,2424,269.440000,-3.884075,-0.680632,-1.131527,0.011058,0.030127,18.535334,0.217736,0.120071,0.301482,0.181412,1.000000,1.000000,0.000000,C-06,0,0,0,1,1,0,0.018392,-0.118208,0.6875,0.6586,0.2639,2,ok
0,2425,269.540000,-3.874918,-0.700500,-1.122872,0.011664,0.038782,18.557203,0.218863,-0.297068,0.151482,0.448551,1.000000,1.000000,0.000000,C-06,0,0,0,1,1,0,0.017031,-0.008608,0.6667,0.6799,0.2689,2,ok
0,2426,269.660000,-3.863493,-0.724289,-1.122139,0.012814,0.039515,18.582993,0.219989,-0.296199,0.001482,0.297681,1.000000,1.000000,0.000000,C-06,0,0,0,1,1,0,0.018795,-0.042676,0.6875,0.6444,0.2626,2,ok
0,2427,269.780000,-3.852042,-0.748027,-1.113106,0.012830,0.009211,18.610477,0.219255,0.399339,0.151482,-0.247857,1.000000,1.000000,0.000000,C-06,0,0,0,1,1,0,0.018496,-0.190216,0.7500,0.6040,0.2678,2,ok
0,2428,269.880000,-3.842485,-0.767422,-1.098048,0.013054,0.024269,18.632097,0.215253,0.332118,0.301482,-0.030636,0.984238,0.984238,0.000000,C-06,0,0,0,1,1,0,0.015207,-0.173742,0.7500,0.6529,0.2684,2,ok
0,2429,269.980000,-3.832830,-0.786862,-1.075251,0.012708,0.005823,18.654327,0.216981,0.817902,0.451482,-0.366420,1.000000,1.000000,0.000000,C-06,0,0,0,1,1,0,0.017660,-0.220100,0.7083,0.5616,0.2683,2,ok
0,2430,270.100000,-3.820887,-0.809542,-1.042409,0.012627,0.038665,18.679959,0.213169,0.543895,0.543895,0.000000,0.983831,0.983831,0.000000,,0,0,0,1,1,0,0.015835,-0.139245,0.7292,0.6148,0.2708,2,ok
0,2431,270.220000,-3.807869,-0.832139,-1.018089,0.012942,0.021612,18.706645,0.217847,-0.195868,0.393895,0.589764,1.000000,1.000000,0.000000,C-06,0,0,0,1,1,0,0.016310,-0.163602,0.7083,0.5947,0.2678,2,ok
0,2432,270.340000,-3.794140,-0.854500,-1.003006,0.013355,0.036695,18.732880,0.218763,-0.523526,0.243895,0.767421,1.000000,1.000000,0.000000,C-06,0,0,0,1,1,0,0.015915,-0.014233,0.6667,0.6228,0.2710,2,ok
0,2433,270.440000,-3.782355,-0.873016,-0.998020,0.013817,0.002691,18.755368,0.219537,-0.380518,0.093895,0.474413,1.000000,1.000000,0.000000,C-06,0,0,0,1,1,0,0.013152,-0.049596,0.6667,0.6865,0.2702,2,ok
0,2434,270.540000,-3.770432,-0.891506,-0.998548,0.013783,0.002163,18.777368,0.220084,-0.019935,-0.019935,0.000000,1.000000,1.000000,0.000000,,0,0,0,1,1,0,0.014176,-0.054208,0.6667,0.6501,0.2677,2,ok
0,2435,270.660000,-3.756135,-0.913654,-0.991516,0.013755,0.009195,18.803699,0.219383,0.363208,0.130065,-0.233144,1.000000,1.000000,0.000000,C-06,0,0,0,1,1,0,0.013199,-0.106973,0.7292,0.6544,0.2676,2,ok
0,2436,270.780000,-3.741674,-0.935638,-0.975825,0.012977,-0.012608,18.830538,0.218810,0.569161,0.280065,-0.289097,1.000000,1.000000,0.000000,C-06,0,0,0,1,1,0,0.012367,-0.164343,0.7500,0.6355,0.2674,2,ok
0,2437,270.880000,-3.729368,-0.953737,-0.955828,0.012672,0.007390,18.852422,0.218457,0.606740,0.430065,-0.176675,1.000000,1.000000,0.000000,C-06,0,0,0,1,1,0,0.014039,-0.083815,0.7292,0.5821,0.2657,2,ok
0,2438,270.980000,-3.716765,-0.971389,-0.928967,0.012353,-0.000585,18.874506,0.216439,0.777580,0.580065,-0.197516,0.990734,0.990734,0.000000,C-06,0,0,0,1,1,0,0.013878,-0.183054,0.7708,0.5756,0.2597,2,ok
0,2439,271.100000,-3.700894,-0.992320,-0.904477,0.012521,0.023904,18.900773,0.219294,0.182644,0.430065,0.247421,1.000000,1.000000,0.000000,C-06,0,0,0,1,1,0,0.024012,-0.191998,0.7083,0.2777,0.2450,2,ok
0,2440,271.220000,-3.684479,-1.012940,-0.888634,0.012804,0.007546,18.927547,0.219733,-0.418219,0.280065,0.698283,1.000000,1.000000,0.000000,C-06,0,0,0,1,1,0,0.017086,-0.108814,0.6875,0.5589,0.2640,2,ok
0,2441,271.340000,-3.667773,-1.033364,-0.881018,0.013076,0.015162,18.953933,0.219922,-0.643828,0.130065,0.773893,1.000000,1.000000,0.000000,C-06,0,0,0,1,1,0,0.017436,-0.119630,0.6667,0.5637,0.2672,2,ok
0,2442,271.440000,-3.653749,-1.050310,-0.877597,0.013087,-0.012607,18.976373,0.219968,0.072459,0.072459,0.000000,1.000000,1.000000,0.000000,,0,0,0,1,1,0,0.019565,-0.064895,0.6250,0.5176,0.2622,2,ok
0,2443,271.540000,-3.639622,-1.067170,-0.868158,0.012832,-0.003168,18.998367,0.219993,0.229032,0.222459,-0.006574,1.000000,1.000000,0.000000,C-06,0,0,0,1,1,0,0.015334,-0.018296,0.6667,0.5990,0.2687,2,ok
0,2444,271.660000,-3.622373,-1.087189,-0.848526,0.012754,-0.014248,19.025130,0.220434,0.396187,0.372459,-0.023729,1.000000,1.000000,0.000000,C-06,0,0,0,1,1,0,0.015836,-0.146260,0.7500,0.5545,0.2667,2,ok
0,2445,271.780000,-3.604790,-1.106936,-0.835713,0.012548,-0.001434,19.051569,0.220438,0.096976,0.222459,0.125483,1.000000,1.000000,0.000000,C-06,0,0,0,1,1,0,0.015930,-0.146452,0.7500,0.5594,0.2655,2,ok
0,2446,271.880000,-3.590000,-1.123242,-0.831801,0.012578,0.002477,19.073476,0.220161,0.019027,0.072459,0.053432,1.000000,1.000000,0.000000,C-06,0,0,0,1,1,0,0.014035,-0.151885,0.7292,0.5900,0.2651,2,ok
0,2447,271.980000,-3.575106,-1.139486,-0.821932,0.012019,-0.017854,19.096013,0.220499,0.292989,0.222459,-0.070530,1.000000,1.000000,0.000000,C-06,0,0,0,1,1,0,0.010539,-0.132547,0.7917,0.6545,0.2666,2,ok
0,2448,272.100000,-3.558569,-1.157029,-0.801451,0.011752,0.002627,19.120121,0.199010,0.751858,0.372459,-0.379399,0.902882,0.902882,0.000000,C-06,0,0,0,1,1,0,0.010866,-0.147054,0.7083,0.6389,0.2672,2,ok
0,2449,272.220000,-3.542039,-1.173652,-0.771864,0.011640,0.003449,19.143904,0.194675,0.939244,0.522459,-0.416785,0.886587,0.886587,0.000000,C-06,0,0,0,1,1,0,0.010644,-0.128385,0.7500,0.6543,0.2686,2,ok
0,2450,272.340000,-3.523713,-1.191177,-0.750112,0.011938,0.025201,19.169260,0.216280,0.146449,0.372459,0.226010,1.000000,0.986587,-0.013413,C-06,0,0,0,1,1,0,0.013463,-0.124885,0.6667,0.6067,0.2703,2,ok
0,2451,272.440000,-3.507628,-1.206065,-0.739243,0.012234,0.007013,19.191546,0.219493,-0.368725,0.222459,0.591184,1.000000,1.000000,0.000000,C-06,0,0,0,1,1,0,0.015014,0.042752,0.6458,0.6327,0.2694,2,ok
0,2452,272.540000,-3.491358,-1.220852,-0.735399,0.012383,0.010856,19.213531,0.219853,-0.317415,0.072459,0.389873,1.000000,1.000000,0.000000,C-06,0,0,0,1,1,0,0.016106,0.011342,0.6667,0.6101,0.2676,2,ok
0,2453,272.660000,-3.471767,-1.238523,-0.731184,0.012511,-0.013712,19.240246,0.219865,0.076414,0.076414,0.000000,1.000000,1.000000,0.000000,,0,0,0,1,1,0,0.016883,-0.093841,0.7292,0.5950,0.2650,2,ok
0,2454,272.780000,-3.452055,-1.256039,-0.719244,0.012286,-0.001772,19.266615,0.219758,0.384448,0.226414,-0.158034,1.000000,1.000000,0.000000,C-06,0,0,0,1,1,0,0.014938,-0.076428,0.7292,0.6143,0.2663,2,ok
0,2455,272.880000,-3.435437,-1.270429,-0.706522,0.012380,0.010950,19.287908,0.219920,0.285276,0.285276,0.000000,1.000000,1.000000,0.000000,,0,0,0,1,1,0,0.014359,-0.152294,0.7500,0.6236,0.2633,2,ok
0,2456,272.980000,-3.418647,-1.284645,-0.698642,0.012085,-0.010351,19.310939,0.220028,0.167574,0.167574,0.000000,1.000000,1.000000,0.000000,,0,0,0,1,1,0,0.014723,-0.176936,0.7292,0.6150,0.2667,2,ok
0,2457,273.100000,-3.399246,-1.300707,-0.682039,0.012050,0.006252,19.336126,0.209183,0.490335,0.317574,-0.172761,0.949538,0.949538,0.000000,C-06,0,0,0,1,1,0,0.012706,-0.084000,0.7083,0.6663,0.2685,2,ok
0,2458,273.220000,-3.379376,-1.316529,-0.656902,0.011888,0.003085,19.361890,0.212357,0.658055,0.467574,-0.190481,0.961125,0.961125,0.000000,C-06,0,0,0,1,1,0,0.022665,-0.139761,0.7083,0.3156,0.2445,2,ok
0,2459,273.340000,-3.358422,-1.332395,-0.638662,0.012199,0.021325,19.388173,0.220752,0.070349,0.317574,0.247225,1.000000,1.000000,0.000000,C-06,0,0,0,1,1,0,0.024137,-0.130543,0.6458,0.2936,0.2480,2,ok
0,2460,273.440000,-3.340694,-1.345523,-0.628992,0.012221,0.001606,19.410613,0.220610,0.199667,0.199667,0.000000,1.000000,1.000000,0.000000,,0,0,0,1,1,0,0.011906,-0.030075,0.6667,0.7221,0.2710,2,ok
0,2461,273.540000,-3.322883,-1.358470,-0.626148,0.012230,0.004449,19.432632,0.220157,-0.148502,0.049667,0.198169,1.000000,1.000000,0.000000,C-06,0,0,0,1,1,0,0.013719,-0.044224,0.6458,0.6897,0.2683,2,ok
0,2462,273.660000,-3.301411,-1.373924,-0.615226,0.012089,-0.014519,19.459404,0.220710,0.247163,0.199667,-0.047496,1.000000,1.000000,0.000000,C-06,0,0,0,1,1,0,0.014406,-0.102317,0.7292,0.6553,0.2670,2,ok
0,2463,273.780000,-3.279709,-1.389145,-0.595654,0.011859,0.005053,19.485910,0.221479,0.399486,0.349667,-0.049819,1.000000,1.000000,0.000000,C-06,0,0,0,1,1,0,0.012167,-0.133089,0.7083,0.7172,0.2670,2,ok
0,2464,273.880000,-3.261434,-1.401558,-0.585534,0.011815,-0.013945,19.508383,0.220910,0.147152,0.199667,0.052515,1.000000,1.000000,0.000000,C-06,0,0,0,1,1,0,0.010855,0.037047,0.7083,0.7659,0.2737,2,ok
0,2465,273.980000,-3.243031,-1.413814,-0.574004,0.011450,-0.002415,19.530491,0.221178,0.239642,0.239642,0.000000,1.000000,1.000000,0.000000,,0,0,0,1,1,0,0.010855,0.037047,0.7083,0.7659,0.2737,2,ok
0,2466,274.100000,-3.221118,-1.428033,-0.551534,0.011331,0.020055,19.556305,0.217803,0.673289,0.389642,-0.283647,0.980123,0.980123,0.000000,C-06,0,0,0,1,1,0,0.008770,-0.122643,0.6875,0.8382,0.2693,2,ok
0,2467,274.220000,-3.199499,-1.441543,-0.519640,0.010862,0.021870,19.582444,0.212555,0.782615,0.539642,-0.242974,0.950344,0.950344,0.000000,C-06,0,0,0,1,1,0,0.008770,-0.122643,0.6875,0.8382,0.2693,2,ok
0,2468,274.340000,-3.176584,-1.454645,-0.495133,0.011426,0.046377,19.608834,0.222089,0.335971,0.389642,0.053671,1.000000,1.000000,0.000000,C-06,0,0,0,1,1,0,0.010818,-0.085450,0.6250,0.8394,0.2709,2,ok
0,2469,274.440000,-3.157157,-1.465334,-0.482148,0.011696,0.028676,19.631308,0.221716,-0.233181,0.239642,0.472823,1.000000,1.000000,0.000000,C-06,0,0,0,1,1,0,0.011626,0.013374,0.5625,0.8660,0.2687,2,ok
0,2470,274.540000,-3.137636,-1.475634,-0.476920,0.012331,0.033904,19.653371,0.220645,-0.120736,0.089642,0.210377,1.000000,1.000000,0.000000,C-06,0,0,0,1,1,0,0.043490,0.077584,0.5833,0.3802,0.2083,2,ok
0,2471,274.660000,-3.114191,-1.487754,-0.478566,0.012726,0.001552,19.680212,0.219843,-0.030389,-0.030389,0.000000,1.000000,1.000000,0.000000,,0,0,0,1,1,0,0.015724,0.038884,0.6250,0.8718,0.2632,2,ok
0,2472,274.780000,-3.090718,-1.499912,-0.471640,0.012743,0.008479,19.706646,0.220598,0.539037,0.119611,-0.419426,1.000000,1.000000,0.000000,C-06,0,0,0,1,1,0,0.018040,0.033451,0.6875,0.7919,0.2574,2,ok
0,2473,274.880000,-3.071103,-1.509938,-0.458010,0.012551,-0.010143,19.729043,0.220778,0.389439,0.269611,-0.119828,0.997383,0.997383,0.000000,C-06,0,0,0,1,1,0,0.017481,0.009366,0.6875,0.7920,0.2588,2,ok
0,2474,274.980000,-3.051976,-1.519667,-0.441764,0.012100,0.006103,19.750498,0.214298,0.309255,0.309255,0.000000,0.963068,0.963068,0.000000,,0,0,0,1,1,0,0.019297,-0.141187,0.7292,0.7279,0.2615,2,ok
0,2475,275.100000,-3.028072,-1.531050,-0.412827,0.012054,0.002129,19.777362,0.222580,0.633526,0.459255,-0.174271,1.000000,1.000000,0.000000,C-06,0,0,0,1,1,0,0.019601,-0.145577,0.7292,0.7083,0.2618,2,ok
0,2476,275.220000,-3.003778,-1.542147,-0.391818,0.011760,0.023138,19.804069,0.222575,0.106880,0.309255,0.202375,1.000000,1.000000,0.000000,C-06,0,0,0,1,1,0,0.021939,-0.197316,0.7083,0.6540,0.2626,2,ok
0,2477,275.340000,-2.979320,-1.552522,-0.380568,0.012000,0.001558,19.831093,0.221315,-0.274500,0.159255,0.433755,1.000000,1.000000,0.000000,C-06,0,0,0,1,1,0,0.023578,-0.140326,0.7083,0.6233,0.2621,2,ok
0,2478,275.440000,-2.958887,-1.560723,-0.379385,0.011952,0.002741,19.853110,0.220075,-0.159141,0.009255,0.168396,1.000000,1.000000,0.000000,C-06,0,0,0,1,1,0,0.023004,-0.213351,0.7083,0.5937,0.2656,2,ok
0,2479,275.540000,-2.938421,-1.568871,-0.371177,0.011964,0.010949,19.875139,0.220576,0.286927,0.159255,-0.127672,1.000000,1.000000,0.000000,C-06,0,0,0,1,1,0,0.022169,-0.249085,0.7292,0.5711,0.2650,2,ok
0,2480,275.660000,-2.914159,-1.578616,-0.354819,0.011264,-0.009575,19.901629,0.218113,0.248854,0.248854,0.000000,0.981894,0.981894,0.000000,,0,0,0,1,1,0,0.022169,-0.249085,0.7292,0.5711,0.2650,2,ok
0,2481,275.780000,-2.889333,-1.588214,-0.328339,0.010754,0.016905,19.928240,0.222975,0.858621,0.398854,-0.459767,1.000000,1.000000,0.000000,C-06,0,0,0,1,1,0,0.018202,-0.298385,0.7292,0.5340,0.2638,2,ok
0,2482,275.880000,-2.868404,-1.596175,-0.297138,0.009781,0.008037,19.950988,0.224771,1.000000,0.548854,-0.451146,1.000000,1.000000,0.000000,C-06,0,0,0,1,1,0,0.017517,-0.286771,0.7292,0.5178,0.2639,2,ok
0,2483,275.980000,-2.847248,-1.603980,-0.256518,0.008901,0.048657,19.973521,0.226092,0.969737,0.698854,-0.270883,1.000000,1.000000,0.000000,C-06,0,0,0,1,1,0,0.025399,-0.263038,0.7083,0.2353,0.2487,2,ok
0,2484,276.100000,-2.821583,-1.612199,-0.215957,0.008599,0.048440,0.008771,0.224383,-1.000000,0.548854,1.548854,1.000000,1.000000,0.000000,C-06,0,0,0,1,1,0,0.025385,-0.240632,0.7083,0.2428,0.2486,2,ok
0,2485,276.220000,-2.795714,-1.619052,-0.185642,0.008764,0.078755,0.035532,0.222849,-0.568513,0.398854,0.967367,1.000000,1.000000,0.000000,C-06,0,0,0,1,1,0,0.026964,-0.187509,0.6667,0.2041,0.2522,2,ok
0,2486,276.340000,-2.769721,-1.624710,-0.166271,0.009667,0.055405,0.062573,0.221582,-0.993414,0.248854,1.242268,1.000000,1.000000,0.000000,C-06,0,0,0,1,1,0,0.023436,-0.151514,0.6667,0.3391,0.2626,2,ok
0,2487,276.440000,-2.748012,-1.628639,-0.159587,0.010507,0.062089,0.084619,0.220573,-0.463880,0.098854,0.562734,1.000000,1.000000,0.000000,C-06,0,0,0,1,1,0,0.029457,-0.081941,0.6042,0.2083,0.2494,2,ok
0,2488,276.540000,-2.726295,-1.632151,-0.162144,0.011756,0.059532,0.106583,0.219904,-0.194433,-0.051146,0.143287,1.000000,1.000000,0.000000,C-06,0,0,0,1,1,0,0.023219,-0.083082,0.6875,0.3389,0.2635,2,ok
0,2489,276.660000,-2.700227,-1.636414,-0.155144,0.012193,0.023992,0.133483,0.220234,0.122602,0.098854,-0.023748,1.000000,1.000000,0.000000,C-06,0,0,0,1,1,0,0.023943,-0.146218,0.7500,0.2799,0.2669,2,ok
0,2490,276.780000,-2.674138,-1.640604,-0.152230,0.012626,0.026906,0.159903,0.220191,0.035255,0.035255,0.000000,1.000000,1.000000,0.000000,,0,0,0,1,1,0,0.021348,-0.180350,0.7292,0.2739,0.2709,2,ok
0,2491,276.880000,-2.652376,-1.644062,-0.141124,0.012295,-0.000770,0.182435,0.220521,0.182996,0.182996,0.000000,1.000000,1.000000,0.000000,,0,0,0,1,1,0,0.019905,-0.173560,0.7292,0.2462,0.2663,2,ok
0,2492,276.980000,-2.630584,-1.647436,-0.134325,0.011910,0.006028,0.204483,0.220508,0.099123,0.099123,0.000000,1.000000,1.000000,0.000000,,0,0,0,1,1,0,0.019766,-0.186463,0.7292,0.2100,0.2641,2,ok
0,2493,277.100000,-2.604397,-1.651390,-0.118910,0.011102,-0.012534,0.231355,0.220897,0.205569,0.205569,0.000000,1.000000,1.000000,0.000000,,0,0,0,1,1,0,0.019851,-0.202520,0.7292,0.1653,0.2628,2,ok
0,2494,277.220000,-2.578156,-1.655280,-0.100528,0.009895,0.005848,0.257855,0.221070,0.234231,0.234231,0.000000,1.000000,1.000000,0.000000,,0,0,0,1,1,0,0.017326,-0.185837,0.6667,0.1966,0.2655,2,ok
0,2495,277.340000,-2.551855,-1.658977,-0.070404,0.008518,0.005403,0.284661,0.221578,0.662554,0.384231,-0.278323,1.000000,1.000000,0.000000,C-06,0,0,0,1,1,0,0.017801,-0.171867,0.6458,0.1427,0.2665,2,ok
0,2496,277.440000,-2.529897,-1.661314,-0.053626,0.007748,0.022180,0.306730,0.220709,-0.073786,0.234231,0.308017,1.000000,1.000000,0.000000,C-06,0,0,0,1,1,0,0.018845,-0.160572,0.7083,0.1021,0.2652,2,ok
0,2497,277.540000,-2.507924,-1.662797,-0.047123,0.007831,0.028683,0.325826,0.220187,-0.205493,0.084231,0.289724,1.000000,1.000000,0.000000,C-06,0,0,0,1,1,0,0.016170,-0.122524,0.6667,0.1743,0.2695,2,ok
0,2498,277.660000,-2.481556,-1.664050,-0.050471,0.007752,-0.001137,0.355337,0.219963,-0.046672,-0.046672,0.000000,1.000000,1.000000,0.000000,,0,0,0,1,1,0,0.014882,-0.094110,0.7500,0.1779,0.2693,2,ok
0,2499,277.780000,-2.455270,-1.665378,-0.042829,0.007666,0.006505,0.378785,0.219296,0.314791,0.103328,-0.211463,0.996449,0.996449,0.000000,C-06,0,0,0,1,1,0,0.012691,-0.140532,0.7292,0.1733,0.2699,2,ok
0,2500,277.880000,-2.433298,-1.666321,-0.044744,0.007151,-0.018439,0.403831,0.219978,-0.038224,-0.038224,0.000000,1.000000,1.000000,0.000000,,0,0,0,1,1,0,0.015329,-0.158807,0.7708,0.0740,0.2669,2,ok
0,2501,277.980000,-2.411317,-1.667305,-0.037938,0.006668,-0.011633,0.425829,0.220060,0.468090,0.111776,-0.356314,1.000000,1.000000,0.000000,C-06,0,0,0,1,1,0,0.014133,-0.159353,0.7292,0.0519,0.2630,2,ok
0,2502,278.100000,-2.384933,-1.668490,-0.030979,0.005689,-0.024699,0.452344,0.220114,0.082119,0.082119,0.000000,1.000000,1.000000,0.000000,,0,0,0,1,1,0,0.013527,-0.165394,0.7292,0.0374,0.2629,2,ok
0,2503,278.220000,-2.358547,-1.669321,-0.035713,0.004959,-0.029433,0.478733,0.219964,-0.163266,-0.067881,0.095384,1.000000,1.000000,0.000000,C-06,0,0,0,1,1,0,0.011374,-0.151491,0.6667,0.0515,0.2652,2,ok
0,2504,278.340000,-2.332167,-1.670127,-0.042001,0.003885,-0.053316,0.505186,0.219911,-0.076573,-0.076573,0.000000,1.000000,1.000000,0.000000,,0,0,0,1,1,0,0.008778,-0.144530,0.6458,0.0679,0.2688,2,ok
0,2505,278.440000,-2.310185,-1.671039,-0.037850,0.002677,-0.049165,0.527154,0.220038,0.462835,0.073427,-0.389408,1.000000,1.000000,0.000000,C-06,0,0,0,1,1,0,0.005015,-0.166277,0.6875,0.0679,0.2701,2,ok
0,2506,278.540000,-2.288196,-1.671972,-0.023404,0.001242,-0.049851,0.549150,0.220133,0.649668,0.223427,-0.426241,1.000000,1.000000,0.000000,C-06,0,0,0,1,1,0,0.005515,-0.189579,0.7292,-0.0042,0.2654,2,ok
0,2507,278.660000,-2.261798,-1.673092,0.007046,-0.000641,-0.019401,0.575504,0.220194,0.634468,0.373427,-0.261042,1.000000,1.000000,0.000000,C-06,0,0,0,1,1,0,0.004156,-0.177563,0.7500,-0.0074,0.2667,2,ok
0,2508,278.780000,-2.235402,-1.673771,0.026683,-0.002252,-0.012302,0.601843,0.219955,0.148535,0.223427,0.074892,1.000000,1.000000,0.000000,C-06,0,0,0,1,1,0,0.004937,-0.147091,0.7083,-0.0085,0.2690,2,ok
0,2509,278.880000,-2.213412,-1.673455,0.032421,-0.002833,-0.006565,0.623828,0.219924,-0.267036,0.073427,0.340462,1.000000,1.000000,0.000000,C-06,0,0,0,1,1,0,0.004294,-0.109330,0.7292,-0.0053,0.2673,2,ok
0,2510,278.980000,-2.191422,-1.672756,0.027929,-0.003110,-0.021783,0.645791,0.220031,-0.099627,-0.076573,0.023053,1.000000,1.000000,0.000000,C-06,0,0,0,1,1,0,0.005212,-0.101193,0.6875,-0.0473,0.2662,2,ok
0,2511,279.100000,-2.165028,-1.671891,0.009772,-0.003642,-0.039940,0.672194,0.220106,-0.245361,-0.226573,0.018787,1.000000,1.000000,0.000000,C-06,0,0,0,1,1,0,0.004248,-0.115396,0.6667,-0.0810,0.2649,2,ok
0,2512,279.220000,-2.138628,-1.671335,0.002432,-0.004532,-0.055724,0.698559,0.220033,0.301127,-0.076573,-0.377700,1.000000,1.000000,0.000000,C-06,0,0,0,1,1,0,0.002975,-0.164983,0.7083,-0.1303,0.2689,2,ok
0,2513,279.340000,-2.112228,-1.671256,0.007708,-0.006006,-0.050447,0.724918,0.219994,0.737306,0.073427,-0.663880,1.000000,1.000000,0.000000,C-06,0,0,0,1,1,0,-0.000317,-0.172525,0.7500,-0.1428,0.2659,2,ok
0,2514,279.440000,-2.090378,-1.671214,0.022292,-0.007295,-0.043158,0.746673,0.218259,0.621310,0.223427,-0.397883,0.992311,0.992311,0.000000,C-06,0,0,0,1,1,0,-0.002171,-0.179659,0.7292,-0.1191,0.2678,2,ok
0,2515,279.540000,-2.068413,-1.671170,0.047060,-0.008724,-0.018390,0.768591,0.219771,0.501926,0.373427,-0.128499,1.000000,1.000000,0.000000,C-06,0,0,0,1,1,0,-0.001575,-0.183525,0.7917,-0.1802,0.2685,2,ok
0,2516,279.660000,-2.042057,-1.670748,0.066178,-0.010070,0.000728,0.791942,0.219600,0.164635,0.223427,0.058791,1.000000,1.000000,0.000000,C-06,0,0,0,1,1,0,-0.001970,-0.131412,0.7708,-0.1646,0.2688,2,ok
0,2517,279.780000,-2.015721,-1.669294,0.072858,-0.010505,0.002418,0.821248,0.219810,-0.148239,0.073427,0.221665,1.000000,1.000000,0.000000,C-06,0,0,0,1,1,0,0.002312,-0.108793,0.7500,-0.2550,0.2681,2,ok
0,2518,279.880000,-1.993776,-1.667704,0.068374,-0.010479,-0.002066,0.842570,0.220070,-0.177022,-0.076573,0.100448,1.000000,1.000000,0.000000,C-06,0,0,0,1,1,0,0.001012,-0.084172,0.7708,-0.2356,0.2690,2,ok
0,2519,279.980000,-1.971822,-1.666097,0.060033,-0.010574,-0.014233,0.865200,0.220185,-0.125683,-0.125683,0.000000,1.000000,1.000000,0.000000,,0,0,0,1,1,0,-0.000127,-0.082842,0.7292,-0.2249,0.2680,2,ok
0,2520,280.100000,-1.945470,-1.664497,0.061286,-0.011013,-0.012980,0.891597,0.219982,0.268130,0.024317,-0.243813,1.000000,1.000000,0.000000,C-06,0,0,0,1,1,0,-0.000593,-0.085875,0.7292,-0.2590,0.2636,2,ok
0,2521,280.220000,-1.919130,-1.662919,0.074419,-0.011486,-0.002090,0.917973,0.219796,0.557210,0.174317,-0.382893,1.000000,1.000000,0.000000,C-06,0,0,0,1,1,0,0.000164,-0.070098,0.7083,-0.2859,0.2592,2,ok
0,2522,280.340000,-1.892829,-1.661340,0.099513,-0.011957,0.023004,0.943273,0.219332,0.512274,0.324317,-0.187957,1.000000,1.000000,0.000000,C-06,0,0,0,1,1,0,0.000187,-0.062307,0.7083,-0.2933,0.2593,2,ok
0,2523,280.440000,-1.870974,-1.660024,0.129845,-0.012349,0.053050,0.966207,0.218592,0.479791,0.474317,-0.005474,1.000000,1.000000,0.000000,C-06,0,0,0,1,1,0,0.000187,-0.062307,0.7083,-0.2933,0.2593,2,ok
0,2524,280.540000,-1.849192,-1.658126,0.151612,-0.012153,0.074817,0.988070,0.218579,-0.644504,0.324317,0.968822,1.000000,1.000000,0.000000,C-06,0,0,0,1,1,0,0.001648,0.059628,0.7708,-0.2353,0.2608,2,ok
0,2525,280.660000,-1.823125,-1.654712,0.165566,-0.010788,0.089637,1.014321,0.219094,-0.352497,0.174317,0.526814,1.000000,1.000000,0.000000,C-06,0,0,0,1,1,0,0.004403,0.120125,0.7500,-0.2327,0.2599,2,ok
0,2526,280.780000,-1.797093,-1.650457,0.168090,-0.008582,0.092161,1.040606,0.219862,-0.379742,0.024317,0.404059,1.000000,1.000000,0.000000,C-06,0,0,0,1,1,0,0.006152,0.176272,0.7708,-0.1588,0.2634,3,ok
0,2527,280.880000,-1.775391,-1.646780,0.160897,-0.006504,0.087952,1.062566,0.220244,-0.678128,-0.125683,0.552445,1.000000,1.000000,0.000000,C-06,0,0,0,1,1,0,0.006791,0.208666,0.7500,-0.1130,0.2636,3,ok
0,2528,280.980000,-1.753651,-1.643097,0.145734,-0.004407,0.072788,1.084516,0.220734,-0.247263,-0.247263,0.000000,1.000000,1.000000,0.000000,,0,0,0,1,1,0,0.007379,0.217359,0.7500,-0.0930,0.2639,3,ok
0,2529,281.100000,-1.727514,-1.638950,0.137516,-0.002172,0.068372,1.110884,0.220507,0.046299,-0.097263,-0.143563,1.000000,1.000000,0.000000,C-06,0,0,0,1,1,0,0.008347,0.213931,0.7083,-0.0610,0.2659,3,ok
0,2530,281.220000,-1.701368,-1.635317,0.140889,-0.000453,0.071745,1.137225,0.219892,0.142432,0.052737,-0.089695,1.000000,1.000000,0.000000,C-06,0,0,0,1,1,0,0.008347,0.213931,0.7083,-0.0610,0.2659,3,ok
0,2531,281.340000,-1.675219,-1.631609,0.134115,0.001553,0.070805,1.163561,0.220199,-0.370889,-0.097263,0.273626,1.000000,1.000000,0.000000,C-06,0,0,0,1,1,0,0.013084,0.216887,0.7708,-0.0206,0.2667,3,ok
0,2532,281.440000,-1.653396,-1.628515,0.118695,0.003269,0.055385,1.185535,0.220610,-0.574038,-0.247263,0.326774,1.000000,1.000000,0.000000,C-06,0,0,0,1,1,0,0.016384,0.204956,0.7500,-0.0400,0.2662,3,ok
0,2533,281.540000,-1.631521,-1.625420,0.093478,0.005045,0.036840,1.207541,0.221185,-0.645306,-0.397263,0.248043,1.000000,1.000000,0.000000,C-06,0,0,0,1,1,0,0.017612,0.185884,0.7292,-0.0253,0.2668,3,ok
0,2534,281.660000,-1.605210,-1.621958,0.070262,0.006950,0.013624,1.234011,0.221062,-0.281667,-0.281667,0.000000,1.000000,1.000000,0.000000,,0,0,0,1,1,0,0.019140,0.146182,0.7500,-0.0474,0.2668,3,ok
0,2535,281.780000,-1.578865,-1.619595,0.058808,0.007950,0.012204,1.260373,0.220373,0.010381,-0.131667,-0.142049,1.000000,1.000000,0.000000,C-06,0,0,0,1,1,0,0.019172,0.096868,0.7500,-0.0401,0.2673,3,ok
0,2536,281.880000,-1.556903,-1.618272,0.059329,0.008192,0.012724,1.282373,0.219990,0.315711,0.018333,-0.297378,1.000000,1.000000,0.000000,C-06,0,0,0,1,1,0,0.019886,0.082925,0.6875,-0.0364,0.2673,3,ok
0,2537,281.980000,-1.534938,-1.616983,0.053366,0.008546,0.016878,1.304291,0.220060,-0.095963,-0.095963,0.000000,1.000000,1.000000,0.000000,,0,0,0,1,1,0,0.021269,0.082280,0.6875,-0.0375,0.2663,3,ok
0,2538,282.100000,-1.509070,-1.615429,0.034399,0.009085,-0.002089,1.330199,0.215574,-0.242023,-0.242023,0.000000,0.978722,0.978722,0.000000,,0,0,0,1,1,0,0.022823,0.067947,0.7500,-0.0568,0.2661,3,ok
0,2539,282.220000,-1.482738,-1.614162,0.025638,0.009623,0.000949,1.356405,0.220137,-0.095215,-0.095215,0.000000,1.000000,1.000000,0.000000,,0,0,0,1,1,0,0.022002,0.049599,0.7708,-0.0419,0.2680,2,ok
0,2540,282.340000,-1.456345,-1.613236,0.020231,0.009949,-0.004458,1.382812,0.220069,-0.062734,-0.062734,0.000000,1.000000,1.000000,0.000000,,0,0,0,1,1,0,0.021745,0.024816,0.7917,-0.0457,0.2675,2,ok
0,2541,282.440000,-1.434347,-1.612535,0.006156,0.010340,-0.008705,1.404714,0.220106,-0.222189,-0.212734,0.009456,1.000000,1.000000,0.000000,C-06,0,0,0,1,1,0,0.022019,0.018762,0.7917,-0.0444,0.2671,2,ok
0,2542,282.540000,-1.412348,-1.611834,-0.012442,0.010770,-0.027303,1.426720,0.220097,-0.267714,-0.267714,0.000000,1.000000,1.000000,0.000000,,0,0,0,1,1,0,0.021314,0.000403,0.7708,-0.0411,0.2679,2,ok
0,2543,282.660000,-1.385952,-1.611684,-0.023188,0.010816,-0.030201,1.452983,0.219943,-0.094183,-0.117714,-0.023531,1.000000,1.000000,0.000000,C-06,0,0,0,1,1,0,0.020050,-0.027972,0.7500,-0.0454,0.2675,2,ok
0,2544,282.780000,-1.359564,-1.611757,-0.035710,0.010743,-0.042724,1.479372,0.219869,-0.152445,-0.152445,0.000000,1.000000,1.000000,0.000000,,0,0,0,1,1,0,0.020050,-0.027972,0.7500,-0.0454,0.2675,2,ok
0,2545,282.880000,-1.338274,-1.612203,-0.042260,0.010297,-0.044729,1.500662,0.212404,-0.090602,-0.090602,0.000000,0.966028,0.966028,0.000000,,0,0,0,1,1,0,0.016950,-0.073156,0.6875,-0.0422,0.2676,2,ok
0,2546,282.980000,-1.318380,-1.612908,-0.052936,0.009592,-0.055405,1.520555,0.197386,-0.169873,-0.169873,0.000000,0.897839,0.897839,0.000000,,0,0,0,1,1,0,0.015594,-0.078574,0.7292,-0.0429,0.2660,2,ok
0,2547,283.100000,-1.297168,-1.614022,-0.055311,0.008478,-0.055311,1.541767,0.175511,0.153100,-0.019873,-0.172973,0.686058,0.797839,0.111782,C-06,0,0,0,1,1,0,0.013751,-0.095680,0.7917,-0.0437,0.2670,2,ok
0,2548,283.220000,-1.274125,-1.615147,-0.045682,0.007353,-0.045682,1.564811,0.197534,0.698804,0.130127,-0.568677,1.000000,0.897839,-0.102161,C-06,0,0,0,1,1,0,0.011904,-0.105202,0.7708,-0.0324,0.2682,2,ok
0,2549,283.340000,-1.248429,-1.616233,-0.023516,0.006267,-0.023516,1.590507,0.219642,0.788589,0.280127,-0.508462,1.000000,0.997839,-0.002161,C-06,0,0,0,1,1,0,0.011671,-0.094932,0.7708,-0.0438,0.2675,2,ok
0,2550,283.440000,-1.226436,-1.617123,-0.013557,0.005377,-0.013557,1.612499,0.220144,-0.212280,0.130127,0.342408,1.000000,1.000000,0.000000,C-06,0,0,0,1,1,0,0.012577,-0.065298,0.7500,-0.0393,0.2666,2,ok
0,2551,283.540000,-1.204438,-1.617451,-0.014095,0.005049,-0.014095,1.634497,0.219997,-0.645261,-0.019873,0.625388,1.000000,1.000000,0.000000,C-06,0,0,0,1,1,0,0.013490,-0.044650,0.7500,-0.0374,0.2671,2,ok
0,2552,283.660000,-1.178044,-1.617791,-0.027269,0.004709,-0.027269,1.660892,0.219940,-0.630377,-0.169873,0.460504,1.000000,1.000000,0.000000,C-06,0,0,0,1,1,0,0.013817,-0.037063,0.7500,-0.0465,0.2669,2,ok
0,2553,283.780000,-1.151665,-1.618132,-0.052986,0.004368,-0.052986,1.684635,0.219723,-0.499702,-0.319873,0.179829,1.000000,1.000000,0.000000,C-06,0,0,0,1,1,0,0.011081,-0.055766,0.7083,-0.0355,0.2671,2,ok
0,2554,283.880000,-1.129704,-1.618745,-0.065295,0.003755,-0.065295,1.709231,0.219668,0.750316,-0.169873,-0.920189,1.000000,1.000000,0.000000,C-06,0,0,0,1,1,0,0.008837,-0.091681,0.7292,-0.0476,0.2666,2,ok
0,2555,283.980000,-1.107753,-1.620086,-0.067459,0.002414,-0.067459,1.731182,0.219949,1.000000,-0.019873,-1.019873,1.000000,1.000000,0.000000,C-06,0,0,0,1,1,0,0.006704,-0.116521,0.7708,-0.0521,0.2664,2,ok
0,2556,284.100000,-1.081406,-1.621833,-0.057857,0.000667,-0.057857,1.757529,0.220110,1.000000,0.130127,-0.869873,1.000000,1.000000,0.000000,C-06,0,0,0,1,1,0,0.004064,-0.119621,0.7917,-0.0385,0.2667,2,ok
0,2557,284.220000,-1.055036,-1.623584,-0.035626,-0.001084,-0.035626,1.783899,0.220336,1.000000,0.280127,-0.719873,1.000000,1.000000,0.000000,C-06,0,0,0,1,1,0,0.002832,-0.107112,0.7917,-0.0305,0.2665,2,ok
0,2558,284.340000,-1.028648,-1.625021,-0.024243,-0.002521,-0.024243,1.810288,0.220199,0.014989,0.130127,0.115138,1.000000,1.000000,0.000000,C-06,0,0,0,1,1,0,0.004146,-0.082594,0.7708,-0.0433,0.2678,2,ok
0,2559,284.440000,-1.006654,-1.625581,-0.024881,-0.003081,-0.024881,1.832281,0.219994,-0.170340,-0.019873,0.150467,1.000000,1.000000,0.000000,C-06,0,0,0,1,1,0,0.004225,-0.060958,0.7292,-0.0405,0.2669,2,ok
0,2560,284.540000,-0.984664,-1.626103,-0.035616,-0.003603,-0.035616,1.854271,0.219927,-0.191103,-0.169873,0.021230,1.000000,1.000000,0.000000,C-06,0,0,0,1,1,0,0.003649,-0.054399,0.7500,-0.0398,0.2668,2,ok
0,2561,284.660000,-0.958283,-1.626973,-0.038095,-0.004473,-0.038095,1.880653,0.219971,0.030724,-0.019873,-0.050597,1.000000,1.000000,0.000000,C-06,0,0,0,1,1,0,0.002425,-0.065942,0.7292,-0.0437,0.2672,2,ok
0,2562,284.780000,-0.931898,-1.627932,-0.028206,-0.005432,-0.028206,1.907038,0.220055,0.682211,0.130127,-0.552084,1.000000,1.000000,0.000000,C-06,0,0,0,1,1,0,0.001079,-0.071396,0.6875,-0.0385,0.2656,2,ok
0,2563,284.880000,-0.909902,-1.628733,-0.009685,-0.006233,-0.009685,1.929033,0.220133,0.658642,0.280127,-0.378515,1.000000,1.000000,0.000000,C-06,0,0,0,1,1,0,0.000573,-0.064237,0.7500,-0.0388,0.2666,2,ok
0,2564,284.980000,-0.887903,-1.629535,0.013448,-0.007035,0.013448,1.951033,0.220130,0.331346,0.331346,0.000000,1.000000,1.000000,0.000000,,0,0,0,1,1,0,0.001759,-0.037546,0.7917,-0.0437,0.2668,2,ok
0,2565,285.100000,-0.861509,-1.629893,0.029509,-0.007393,0.029509,1.977426,0.219912,-0.584375,0.181346,0.765721,1.000000,1.000000,0.000000,C-06,0,0,0,1,1,0,0.003543,-0.006739,0.7708,-0.0360,0.2674,2,ok
0,2566,285.220000,-0.835123,-1.629285,0.033579,-0.006785,0.033579,2.003813,0.219961,-1.000000,0.031346,1.031346,1.000000,1.000000,0.000000,C-06,0,0,0,1,1,0,0.005421,0.023642,0.7500,-0.0426,0.2668,2,ok
0,2567,285.340000,-0.808735,-1.628438,0.024596,-0.005938,0.024596,2.030201,0.220046,-1.000000,-0.118654,0.881346,1.000000,1.000000,0.000000,C-06,0,0,0,1,1,0,0.006779,0.036726,0.7708,-0.0342,0.2676,2,ok
0,2568,285.440000,-0.786738,-1.627726,0.006521,-0.005226,0.006521,2.052198,0.220109,-0.859598,-0.268654,0.590944,1.000000,1.000000,0.000000,C-06,0,0,0,1,1,0,0.006649,0.039392,0.7500,-0.0304,0.2666,2,ok
0,2569,285.540000,-0.764739,-1.627015,-0.020809,-0.004515,-0.020809,2.074197,0.220074,-0.399841,-0.399841,0.000000,1.000000,1.000000,0.000000,,0,0,0,1,1,0,0.006086,0.006193,0.7083,-0.0443,0.2668,2,ok
0,2570,285.660000,-0.738353,-1.626613,-0.042450,-0.004113,-0.042450,2.100583,0.219813,0.091688,-0.249841,-0.341528,1.000000,1.000000,0.000000,C-06,0,0,0,1,1,0,0.004455,-0.032204,0.6667,-0.0542,0.2652,2,ok
0,2571,285.780000,-0.711982,-1.627332,-0.051411,-0.004832,-0.051411,2.126953,0.219832,1.000000,-0.099841,-1.099841,1.000000,1.000000,0.000000,C-06,0,0,0,1,1,0,0.000584,-0.079986,0.7500,-0.0474,0.2668,2,ok
0,2572,285.880000,-0.690010,-1.628428,-0.048848,-0.005928,-0.048848,2.148925,0.220024,1.000000,0.050159,-0.949841,1.000000,1.000000,0.000000,C-06,0,0,0,1,1,0,-0.001197,-0.090877,0.7917,-0.0440,0.2662,2,ok
0,2573,285.980000,-0.668031,-1.629554,-0.036115,-0.007054,-0.036115,2.170904,0.220139,1.000000,0.200159,-0.799841,1.000000,1.000000,0.000000,C-06,0,0,0,1,1,0,-0.002198,-0.093670,0.7917,-0.0425,0.2666,2,ok
0,2574,286.100000,-0.641639,-1.630906,-0.007651,-0.008406,-0.007651,2.197297,0.220279,0.598359,0.350159,-0.248200,1.000000,1.000000,0.000000,C-06,0,0,0,1,1,0,-0.002912,-0.087518,0.7500,-0.0288,0.2671,2,ok
0,2575,286.220000,-0.615239,-1.631891,0.010283,-0.009391,0.010283,2.223697,0.220081,0.003863,0.200159,0.196297,1.000000,1.000000,0.000000,C-06,0,0,0,1,1,0,0.000082,-0.053704,0.7917,-0.0602,0.2671,2,ok
0,2576,286.340000,-0.588841,-1.631845,0.015361,-0.009345,0.015361,2.250094,0.219978,-0.365556,0.050159,0.415715,1.000000,1.000000,0.000000,C-06,0,0,0,1,1,0,0.001596,-0.006011,0.7500,-0.0505,0.2665,2,ok
0,2577,286.440000,-0.566843,-1.631534,0.009228,-0.009034,0.009228,2.272092,0.220014,-0.558889,-0.099841,0.459048,1.000000,1.000000,0.000000,C-06,0,0,0,1,1,0,0.001740,0.005724,0.7083,-0.0356,0.2675,2,ok
0,2578,286.540000,-0.544843,-1.631210,-0.007340,-0.008710,-0.007340,2.294092,0.220019,-0.352598,-0.249841,0.102757,1.000000,1.000000,0.000000,C-06,0,0,0,1,1,0,0.002475,-0.002569,0.7083,-0.0549,0.2669,2,ok
0,2579,286.660000,-0.518447,-1.630826,-0.023446,-0.008326,-0.023446,2.320489,0.219961,-0.187375,-0.187375,0.000000,1.000000,1.000000,0.000000,,0,0,0,1,1,0,0.000473,-0.013589,0.7083,-0.0375,0.2667,2,ok
0,2580,286.780000,-0.492055,-1.631283,-0.027098,-0.008783,-0.027098,2.346880,0.219964,1.000000,-0.037375,-1.037375,1.000000,1.000000,0.000000,C-06,0,0,0,1,1,0,-0.001524,-0.053593,0.7917,-0.0412,0.2678,2,ok
0,2581,286.880000,-0.470062,-1.631847,-0.020144,-0.009347,-0.020144,2.368874,0.220028,1.000000,0.112625,-0.887375,1.000000,1.000000,0.000000,C-06,0,0,0,1,1,0,-0.002535,-0.057184,0.7708,-0.0340,0.2675,2,ok
0,2582,286.980000,-0.448064,-1.632419,-0.002653,-0.009919,-0.002653,2.390872,0.220073,1.000000,0.262625,-0.737375,1.000000,1.000000,0.000000,C-06,0,0,0,1,1,0,-0.002187,-0.061217,0.8125,-0.0552,0.2665,2,ok
0,2583,287.100000,-0.421664,-1.632921,0.007661,-0.010421,0.007661,2.417272,0.220017,-0.077960,0.112625,0.190585,1.000000,1.000000,0.000000,C-06,0,0,0,1,1,0,-0.001301,-0.028682,0.7500,-0.0400,0.2667,2,ok
0,2584,287.220000,-0.395265,-1.632740,0.005272,-0.010240,0.005272,2.443671,0.220004,-0.529419,-0.037375,0.492044,1.000000,1.000000,0.000000,C-06,0,0,0,1,1,0,0.000395,-0.015905,0.7500,-0.0566,0.2670,2,ok
0,2585,287.340000,-0.368865,-1.632526,-0.009744,-0.010026,-0.009744,2.470071,0.219998,-0.350839,-0.187375,0.163464,1.000000,1.000000,0.000000,C-06,0,0,0,1,1,0,-0.000024,-0.007352,0.7083,-0.0369,0.2672,2,ok
0,2586,287.440000,-0.346866,-1.632609,-0.013221,-0.010109,-0.013221,2.492069,0.219985,0.149383,-0.037375,-0.186758,1.000000,1.000000,0.000000,C-06,0,0,0,1,1,0,-0.001116,-0.023866,0.6875,-0.0403,0.2674,2,ok
0,2587,287.540000,-0.324868,-1.632863,-0.006311,-0.010363,-0.006311,2.514068,0.220011,0.483587,0.112625,-0.370962,1.000000,1.000000,0.000000,C-06,0,0,0,1,1,0,-0.001580,-0.037411,0.6875,-0.0473,0.2663,2,ok
0,2588,287.660000,-0.298468,-1.633179,0.014840,-0.010679,0.014840,2.540467,0.219995,0.656640,0.262625,-0.394015,1.000000,1.000000,0.000000,C-06,0,0,0,1,1,0,-0.002207,-0.027350,0.7500,-0.0323,0.2670,2,ok
0,2589,287.780000,-0.272533,-1.633502,0.048037,-0.011002,0.048037,2.566402,0.215568,0.445846,0.412625,-0.033221,0.980840,0.980840,0.000000,C-06,0,0,0,1,1,0,-0.000115,-0.015504,0.7917,-0.0474,0.2675,2,ok
0,2590,287.880000,-0.250611,-1.633304,0.066580,-0.010804,0.066580,2.585735,0.219564,-1.000000,0.262625,1.262625,1.000000,1.000000,0.000000,C-06,0,0,0,1,1,0,0.003573,0.047929,0.7917,-0.0388,0.2673,2,ok
0,2591,287.980000,-0.228666,-1.632231,0.075017,-0.009731,0.075017,2.610269,0.219716,-0.733850,0.112625,0.846475,1.000000,1.000000,0.000000,C-06,0,0,0,1,1,0,0.007023,0.075944,0.7708,-0.0536,0.2670,2,ok
0,2592,288.100000,-0.202339,-1.630290,0.072733,-0.007790,0.072733,2.635735,0.220030,-0.820185,-0.037375,0.782810,1.000000,1.000000,0.000000,C-06,0,0,0,1,1,0,0.008840,0.098195,0.7708,-0.0433,0.2676,2,ok
0,2593,288.220000,-0.175997,-1.628318,0.058621,-0.005818,0.058621,2.662938,0.220227,-0.727094,-0.187375,0.539719,1.000000,1.000000,0.000000,C-06,0,0,0,1,1,0,0.010092,0.107826,0.7500,-0.0327,0.2668,2,ok
0,2594,288.340000,-0.149626,-1.626346,0.031754,-0.003846,0.031754,2.689310,0.220493,-0.820254,-0.337375,0.482879,1.000000,1.000000,0.000000,C-06,0,0,0,1,1,0,0.011058,0.082525,0.7083,-0.0398,0.2677,2,ok
0,2595,288.440000,-0.127632,-1.624921,0.015960,-0.002421,0.015960,2.711303,0.220338,-0.216988,-0.216988,0.000000,1.000000,1.000000,0.000000,,0,0,0,1,1,0,0.010741,0.043077,0.6875,-0.0479,0.2679,2,ok
0,2596,288.540000,-0.105634,-1.624315,0.010613,-0.001815,0.010613,2.733302,0.220049,0.004206,-0.066988,-0.071193,1.000000,1.000000,0.000000,C-06,0,0,0,1,1,0,0.009803,0.022727,0.7292,-0.0410,0.2661,2,ok
0,2597,288.660000,-0.079234,-1.623706,-0.006696,-0.001206,-0.006696,2.759701,0.220055,-0.466155,-0.216988,0.249167,1.000000,1.000000,0.000000,C-06,0,0,0,1,1,0,0.009602,-0.000664,0.7917,-0.0459,0.2675,2,ok
0,2598,288.780000,-0.055261,-1.623526,-0.025139,-0.001026,-0.025139,2.783675,0.197945,-0.225806,-0.225806,0.000000,0.882135,0.900000,0.017865,C-06,0,0,0,1,1,0,0.008263,-0.023630,0.7500,-0.0534,0.2666,2,ok
0,2599,288.880000,-0.033891,-1.623799,-0.031254,-0.001299,-0.031254,2.805044,0.219926,0.544102,-0.075806,-0.619908,1.000000,1.000000,0.000000,C-06,0,0,0,1,1,0,0.006467,-0.051352,0.7708,-0.0495,0.2670,2,ok
0,2600,288.980000,-0.011901,-1.624472,-0.026919,-0.001972,-0.026919,2.827035,0.220029,1.000000,0.074194,-0.925806,1.000000,1.000000,0.000000,C-06,0,0,0,1,1,0,0.005295,-0.068992,0.7292,-0.0517,0.2667,2,ok
0,2601,289.100000,0.014494,-1.625307,-0.009057,-0.002807,-0.009057,2.853430,0.220099,0.642477,0.224194,-0.418283,1.000000,1.000000,0.000000,C-06,0,0,0,1,1,0,0.004607,-0.063437,0.7500,-0.0443,0.2669,2,ok
0,2602,289.220000,0.040894,-1.625835,-0.001915,-0.003335,-0.001915,2.879829,0.220029,0.050759,0.074194,0.023435,1.000000,1.000000,0.000000,C-06,0,0,0,1,1,0,0.004956,-0.042982,0.7083,-0.0362,0.2671,2,ok
0,2603,289.340000,0.067293,-1.625894,-0.007706,-0.003394,-0.007706,2.906229,0.219994,-0.118229,-0.075806,0.042423,1.000000,1.000000,0.000000,C-06,0,0,0,1,1,0,0.005715,-0.013074,0.6875,-0.0282,0.2663,2,ok
0,2604,289.440000,0.089291,-1.625931,-0.022573,-0.003431,-0.022573,2.928226,0.219948,-0.604870,-0.225806,0.379064,1.000000,1.000000,0.000000,C-06,0,0,0,1,1,0,0.005382,-0.024000,0.7292,-0.0356,0.2678,2,ok
0,2605,289.540000,0.111284,-1.626174,-0.028384,-0.003674,-0.028384,2.950219,0.219934,0.027870,-0.075806,-0.103676,1.000000,1.000000,0.000000,C-06,0,0,0,1,1,0,0.003785,-0.040101,0.7917,-0.0273,0.2685,2,ok
0,2606,289.660000,0.137675,-1.626911,-0.023008,-0.004411,-0.023008,2.976610,0.220031,0.467487,0.074194,-0.393293,1.000000,1.000000,0.000000,C-06,0,0,0,1,1,0,0.003785,-0.040101,0.7917,-0.0273,0.2685,2,ok
0,2607,289.780000,0.164071,-1.627670,-0.005204,-0.005170,-0.005204,3.003007,0.220087,0.948922,0.224194,-0.724728,1.000000,1.000000,0.000000,C-06,0,0,0,1,1,0,0.002573,-0.053596,0.7500,-0.0453,0.2669,2,ok
0,2608,289.880000,0.186071,-1.628042,0.000798,-0.005542,0.000798,3.025007,0.220021,-0.146956,0.074194,0.221150,1.000000,1.000000,0.000000,C-06,0,0,0,1,1,0,0.002551,-0.027553,0.7292,-0.0081,0.2681,2,ok
0,2609,289.980000,0.208071,-1.628034,-0.003933,-0.005534,-0.003933,3.047007,0.219999,-0.297532,-0.075806,0.221726,1.000000,1.000000,0.000000,C-06,0,0,0,1,1,0,0.004079,-0.017750,0.7500,-0.0446,0.2667,2,ok
0,2610,290.100000,0.234469,-1.628006,-0.021990,-0.005506,-0.021990,3.073404,0.219951,-0.380367,-0.225806,0.154561,1.000000,1.000000,0.000000,C-06,0,0,0,1,1,0,0.004017,-0.014902,0.7500,-0.0368,0.2670,2,ok
0,2611,290.220000,0.260859,-1.628202,-0.030995,-0.005702,-0.030995,3.099795,0.219912,-0.101568,-0.101568,0.000000,1.000000,1.000000,0.000000,,0,0,0,1,1,0,0.002336,-0.038437,0.6875,-0.0393,0.2676,2,ok
0,2612,290.340000,0.287247,-1.628990,-0.027842,-0.006490,-0.027842,3.126183,0.220020,1.000000,0.048432,-0.951568,1.000000,1.000000,0.000000,C-06,0,0,0,1,1,0,-0.000081,-0.059915,0.7292,-0.0290,0.2674,2,ok
0,2613,290.440000,0.309242,-1.629675,-0.014946,-0.007175,-0.014946,3.148178,0.220079,1.000000,0.198432,-0.801568,1.000000,1.000000,0.000000,C-06,0,0,0,1,1,0,-0.000181,-0.064531,0.7917,-0.0426,0.2672,2,ok
0,2614,290.540000,0.331241,-1.630360,0.008655,-0.007860,0.008655,3.170177,0.220101,1.000000,0.348432,-0.651568,1.000000,1.000000,0.000000,C-06,0,0,0,1,1,0,-0.000047,-0.045301,0.7708,-0.0361,0.2662,2,ok
0,2615,290.660000,0.357637,-1.630889,0.026184,-0.008389,0.026184,3.196572,0.219944,-0.092792,0.198432,0.291224,1.000000,1.000000,0.000000,C-06,0,0,0,1,1,0,0.001502,-0.010548,0.7500,-0.0306,0.2666,2,ok
0,2616,290.780000,0.384026,-1.630406,0.030856,-0.007906,0.030856,3.222961,0.219948,-0.989715,0.048432,1.038146,1.000000,1.000000,0.000000,C-06,0,0,0,1,1,0,0.004637,0.021737,0.7708,-0.0441,0.2667,2,ok
0,2617,290.880000,0.406017,-1.629753,0.024771,-0.007253,0.024771,3.244953,0.220032,-0.829792,-0.101568,0.728224,1.000000,1.000000,0.000000,C-06,0,0,0,1,1,0,0.004966,0.035508,0.7292,-0.0302,0.2672,2,ok
0,2618,290.980000,0.428014,-1.629084,0.008113,-0.006584,0.008113,3.266949,0.220092,-0.669684,-0.251568,0.418116,1.000000,1.000000,0.000000,C-06,0,0,0,1,1,0,0.005889,0.030092,0.7500,-0.0473,0.2665,2,ok
0,2619,291.100000,0.454412,-1.628281,-0.024701,-0.005781,-0.024701,3.293347,0.220042,-0.477344,-0.401568,0.075776,1.000000,1.000000,0.000000,C-06,0,0,0,1,1,0,0.004863,0.003302,0.7083,-0.0473,0.2668,2,ok
0,2620,291.220000,0.480794,-1.627977,-0.046327,-0.005477,-0.046327,3.319730,0.219774,0.819185,-0.251568,-1.070754,1.000000,1.000000,0.000000,C-06,0,0,0,1,1,0,0.001812,-0.029863,0.6875,-0.0320,0.2677,2,ok
0,2621,291.340000,0.507159,-1.628790,-0.055508,-0.006290,-0.055508,3.346095,0.219814,1.000000,-0.101568,-1.101568,1.000000,1.000000,0.000000,C-06,0,0,0,1,1,0,-0.000858,-0.086738,0.7917,-0.0527,0.2658,2,ok
0,2622,291.440000,0.529126,-1.629975,-0.053068,-0.007475,-0.053068,3.368062,0.220024,1.000000,0.048432,-0.951568,1.000000,1.000000,0.000000,C-06,0,0,0,1,1,0,-0.003828,-0.092843,0.7708,-0.0211,0.2672,2,ok
0,2623,291.540000,0.551102,-1.631191,-0.040489,-0.008691,-0.040489,3.390037,0.220149,1.000000,0.198432,-0.801568,1.000000,1.000000,0.000000,C-06,0,0,0,1,1,0,-0.003298,-0.106024,0.7917,-0.0592,0.2659,2,ok
0,2624,291.660000,0.577491,-1.632650,-0.012466,-0.010150,-0.012466,3.416427,0.220315,0.487043,0.348432,-0.138611,1.000000,1.000000,0.000000,C-06,0,0,0,1,1,0,-0.004693,-0.096741,0.7708,-0.0422,0.2663,2,ok
0,2625,291.780000,0.603891,-1.633758,0.004998,-0.011258,0.004998,3.442826,0.220125,0.102316,0.198432,0.096116,1.000000,1.000000,0.000000,C-06,0,0,0,1,1,0,-0.002599,-0.066944,0.7292,-0.0573,0.2670,2,ok
0,2626,291.880000,0.625890,-1.633840,0.009055,-0.011340,0.009055,3.464825,0.219991,-0.255234,0.048432,0.303666,1.000000,1.000000,0.000000,C-06,0,0,0,1,1,0,-0.001471,-0.015909,0.7292,-0.0429,0.2675,2,ok
0,2627,291.980000,0.647889,-1.633671,0.004433,-0.011171,0.004433,3.486825,0.220005,-0.075462,-0.075462,0.000000,1.000000,1.000000,0.000000,,0,0,0,1,1,0,-0.000395,-0.007374,0.7083,-0.0505,0.2669,2,ok
0,2628,292.100000,0.674289,-1.633454,-0.013579,-0.010954,-0.013579,3.513224,0.219990,-0.447575,-0.225462,0.222114,1.000000,1.000000,0.000000,C-06,0,0,0,1,1,0,-0.000395,-0.007374,0.7083,-0.0505,0.2669,2,ok
0,2629,292.220000,0.700685,-1.633523,-0.020666,-0.011023,-0.020666,3.536835,0.219958,0.142430,-0.075462,-0.217891,1.000000,1.000000,0.000000,C-06,0,0,0,1,1,0,-0.002418,-0.026499,0.7292,-0.0364,0.2677,2,ok
0,2630,292.340000,0.727080,-1.634056,-0.015236,-0.011556,-0.015236,3.566016,0.220022,1.000000,0.074538,-0.925462,1.000000,1.000000,0.000000,C-06,0,0,0,1,1,0,-0.004083,-0.038049,0.7917,-0.0258,0.2672,2,ok
0,2631,292.440000,0.749079,-1.634519,-0.000490,-0.012019,-0.000490,3.586935,0.220048,1.000000,0.224538,-0.775462,1.000000,1.000000,0.000000,C-06,0,0,0,1,1,0,-0.004427,-0.042208,0.7917,-0.0367,0.2666,2,ok
0,2632,292.540000,0.771077,-1.634982,0.024850,-0.012482,0.024850,3.610013,0.219988,1.000000,0.374538,-0.625462,1.000000,1.000000,0.000000,C-06,0,0,0,1,1,0,-0.004098,-0.037653,0.7500,-0.0388,0.2671,2,ok
0,2633,292.660000,0.797461,-1.635176,0.044036,-0.012676,0.044036,3.636396,0.219795,-0.508740,0.224538,0.733279,1.000000,1.000000,0.000000,C-06,0,0,0,1,1,0,-0.002086,0.012700,0.7083,-0.0046,0.2680,2,ok
0,2634,292.780000,0.823831,-1.634319,0.050910,-0.011819,0.050910,3.662766,0.219869,-1.000000,0.074538,1.074538,1.000000,1.000000,0.000000,C-06,0,0,0,1,1,0,0.000727,0.042642,0.7292,-0.0242,0.2669,2,ok
0,2635,292.880000,0.845804,-1.633214,0.046543,-0.010714,0.046543,3.684740,0.220048,-0.833859,-0.075462,0.758397,1.000000,1.000000,0.000000,C-06,0,0,0,1,1,0,0.003967,0.054566,0.6875,-0.0479,0.2664,2,ok
0,2636,292.980000,0.867786,-1.632086,0.032039,-0.009586,0.032039,3.706722,0.220170,-0.844453,-0.225462,0.618991,1.000000,1.000000,0.000000,C-06,0,0,0,1,1,0,0.005202,0.056854,0.6667,-0.0509,0.2645,2,ok
0,2637,293.100000,0.894177,-1.630811,0.021810,-0.008311,0.021810,3.733112,0.220160,-0.116216,-0.116216,0.000000,1.000000,1.000000,0.000000,,0,0,0,1,1,0,0.003953,0.048524,0.6875,-0.0272,0.2651,2,ok
0,2638,293.220000,0.920575,-1.629671,0.000427,-0.007171,0.000427,3.759510,0.220205,-0.268308,-0.266216,0.002092,1.000000,1.000000,0.000000,C-06,0,0,0,1,1,0,0.004716,0.014524,0.7917,-0.0615,0.2670,2,ok
0,2639,293.340000,0.946099,-1.629180,-0.010181,-0.006680,-0.010181,3.785034,0.212240,0.552496,-0.116216,-0.668712,0.964687,0.964687,0.000000,C-06,0,0,0,1,1,0,0.002936,-0.014924,0.7500,-0.0465,0.2663,2,ok
0,2640,293.440000,0.967989,-1.629363,-0.008578,-0.006863,-0.008578,3.806924,0.220002,0.631641,0.033784,-0.597857,1.000000,1.000000,0.000000,C-06,0,0,0,1,1,0,0.004044,-0.061190,0.7500,-0.1118,0.2687,2,ok
0,2641,293.540000,0.989988,-1.629578,0.003438,-0.007078,0.003438,3.828924,0.220010,1.000000,0.183784,-0.816216,1.000000,1.000000,0.000000,C-06,0,0,0,1,1,0,0.002471,-0.050251,0.7083,-0.0786,0.2665,2,ok
0,2642,293.660000,1.016388,-1.629613,0.007151,-0.007113,0.007151,3.855323,0.219995,-0.195490,0.033784,0.229274,1.000000,1.000000,0.000000,C-06,0,0,0,1,1,0,0.005089,-0.071158,0.6875,-0.1389,0.2706,2,ok
0,2643,293.780000,1.042788,-1.629472,-0.001783,-0.006972,-0.001783,3.881723,0.220003,-0.227745,-0.116216,0.111529,1.000000,1.000000,0.000000,C-06,0,0,0,1,1,0,0.006160,-0.052376,0.6458,-0.1627,0.2707,2,ok
0,2644,293.880000,1.064786,-1.629349,-0.018772,-0.006849,-0.018772,3.903722,0.219969,-0.253895,-0.253895,0.000000,1.000000,1.000000,0.000000,,0,0,0,1,1,0,0.006527,-0.062333,0.6250,-0.2055,0.2694,2,ok
0,2645,293.980000,1.086780,-1.629417,-0.026770,-0.006917,-0.026770,3.925716,0.219929,0.230393,-0.103895,-0.334288,1.000000,1.000000,0.000000,C-06,0,0,0,1,1,0,0.006448,-0.111593,0.6875,-0.2742,0.2633,2,ok
0,2646,294.100000,1.113172,-1.630097,-0.023695,-0.007597,-0.023695,3.952107,0.220017,1.000000,0.046105,-0.953895,1.000000,1.000000,0.000000,C-06,0,0,0,1,1,0,0.003296,-0.122495,0.7500,-0.2643,0.2630,2,ok
0,2647,294.220000,1.139568,-1.630808,-0.008274,-0.008308,-0.008274,3.978503,0.220071,1.000000,0.196105,-0.803895,1.000000,1.000000,0.000000,C-06,0,0,0,1,1,0,0.001785,-0.112269,0.7083,-0.2641,0.2645,2,ok
0,2648,294.340000,1.165967,-1.631519,0.019900,-0.009019,0.019900,4.004902,0.220042,0.493258,0.346105,-0.147153,1.000000,1.000000,0.000000,C-06,0,0,0,1,1,0,0.001327,-0.077755,0.7083,-0.2634,0.2647,2,ok
0,2649,294.440000,1.187958,-1.631744,0.034193,-0.009244,0.034193,4.026894,0.219878,-0.508093,0.196105,0.704198,1.000000,1.000000,0.000000,C-06,0,0,0,1,1,0,0.001899,-0.018475,0.7292,-0.2329,0.2674,2,ok
0,2650,294.540000,1.209943,-1.631177,0.038219,-0.008677,0.038219,4.048879,0.219937,-0.919847,0.046105,0.965951,1.000000,1.000000,0.000000,C-06,0,0,0,1,1,0,0.001963,0.031857,0.7083,-0.1826,0.2651,2,ok
0,2651,294.660000,1.236327,-1.630195,0.030565,-0.007695,0.030565,4.075263,0.220051,-0.537540,-0.103895,0.433644,1.000000,1.000000,0.000000,C-06,0,0,0,1,1,0,0.000683,0.079218,0.7083,-0.1350,0.2644,2,ok
0,2652,294.780000,1.262721,-1.629198,0.010348,-0.006698,0.010348,4.101656,0.220143,-0.499755,-0.253895,0.245860,1.000000,1.000000,0.000000,C-06,0,0,0,1,1,0,0.000347,0.083147,0.6042,-0.1302,0.2711,2,ok
0,2653,294.880000,1.284721,-1.628614,0.002155,-0.006114,0.002155,4.123656,0.220055,-0.087472,-0.103895,-0.016424,1.000000,1.000000,0.000000,C-06,0,0,0,1,1,0,-0.000413,0.073410,0.6875,-0.1090,0.2693,2,ok
0,2654,294.980000,1.306720,-1.628137,-0.014672,-0.005637,-0.012614,4.145655,0.220031,-0.329899,-0.253895,0.076004,1.000000,1.000000,0.000000,C-06,0,0,0,1,1,0,0.000088,0.050795,0.7292,-0.1371,0.2648,2,ok
0,2655,295.100000,1.331099,-1.628068,-0.024284,-0.005568,-0.022227,4.170034,0.201759,-0.050578,-0.103895,-0.053317,0.917343,0.917343,0.000000,C-06,0,0,0,1,1,0,-0.001106,0.039770,0.7500,-0.1057,0.2679,2,ok
0,2656,295.220000,1.357023,-1.628601,-0.021420,-0.006101,-0.015231,4.195958,0.219999,0.046188,0.046105,-0.000084,1.000000,1.000000,0.000000,C-06,0,0,0,1,1,0,-0.001420,0.030467,0.7500,-0.1183,0.2658,2,ok
0,2657,295.340000,1.383418,-1.629166,-0.016220,-0.006666,-0.010031,4.222354,0.220021,0.063134,0.063134,0.000000,1.000000,1.000000,0.000000,,0,0,0,1,1,0,-0.002982,0.062263,0.7292,-0.0495,0.2654,2,ok
0,2658,295.440000,1.405416,-1.629637,-0.010875,-0.007062,0.003161,4.244425,0.220037,0.077192,0.077192,0.000000,1.000000,1.000000,0.000000,,0,0,0,1,1,0,-0.001782,0.071433,0.6875,-0.0498,0.2706,2,ok
0,2659,295.540000,1.427414,-1.629883,-0.015262,-0.007082,-0.001226,4.266424,0.219988,-0.099620,-0.072808,0.026812,1.000000,1.000000,0.000000,C-06,0,0,0,1,1,0,-0.002743,0.104653,0.7292,0.0130,0.2683,2,ok
0,2660,295.660000,1.453807,-1.630162,-0.032935,-0.007015,-0.009498,4.292891,0.219899,-0.369412,-0.222808,0.146604,1.000000,1.000000,0.000000,C-06,0,0,0,1,1,0,-0.001339,0.109487,0.6667,0.0035,0.2643,2,ok
0,2661,295.780000,1.480185,-1.630454,-0.048206,-0.006763,-0.024769,4.319270,0.219773,-0.183102,-0.183102,0.000000,1.000000,1.000000,0.000000,,0,0,0,1,1,0,-0.003216,0.107188,0.6458,0.0436,0.2669,2,ok
0,2662,295.880000,1.501502,-1.631340,-0.051319,-0.007087,-0.016489,4.340733,0.212784,0.000777,-0.033102,-0.033879,0.967491,0.967491,0.000000,C-06,0,0,0,1,1,0,-0.002962,0.071798,0.7500,0.0484,0.2656,2,ok
0,2663,295.980000,1.520744,-1.632258,-0.048506,-0.007250,-0.013677,4.359996,0.190840,0.048613,0.048613,0.000000,0.864800,0.867491,0.002691,C-06,0,0,0,1,1,0,-0.002962,0.071798,0.7500,0.0484,0.2656,2,ok
0,2664,296.100000,1.545658,-1.633322,-0.035268,-0.007336,-0.000439,4.382586,0.212892,0.169198,0.169198,0.000000,1.000000,0.967491,-0.032509,C-06,0,0,0,1,1,0,-0.000372,0.045584,0.7083,0.0156,0.2646,2,ok
0,2665,296.220000,1.571941,-1.634293,-0.032841,-0.007052,0.012593,4.411290,0.220027,-0.096229,0.019198,0.115427,1.000000,1.000000,0.000000,C-06,0,0,0,1,1,0,0.001526,0.067562,0.7083,0.0104,0.2624,2,ok
0,2666,296.340000,1.598322,-1.635210,-0.042752,-0.006667,0.013100,4.437752,0.219936,-0.429668,-0.130802,0.298866,1.000000,1.000000,0.000000,C-06,0,0,0,1,1,0,0.003459,0.076686,0.6875,0.0263,0.2655,2,ok
0,2667,296.440000,1.620293,-1.635972,-0.061021,-0.006177,-0.005170,4.459730,0.219737,-0.519246,-0.280802,0.238444,1.000000,1.000000,0.000000,C-06,0,0,0,1,1,0,0.001359,0.085353,0.6875,0.0979,0.2692,2,ok
0,2668,296.540000,1.642234,-1.636734,-0.084708,-0.005688,-0.028857,4.480720,0.219368,-0.356517,-0.356517,0.000000,1.000000,1.000000,0.000000,,0,0,0,1,1,0,-0.001019,0.075939,0.6458,0.1316,0.2698,2,ok
0,2669,296.660000,1.668518,-1.638230,-0.102038,-0.005513,-0.039514,4.508041,0.219349,0.397371,-0.206517,-0.603888,1.000000,1.000000,0.000000,C-06,0,0,0,1,1,0,-0.000825,0.037857,0.6667,0.1024,0.2666,2,ok
0,2670,296.780000,1.694773,-1.640697,-0.107322,-0.006269,-0.038536,4.534459,0.219784,1.000000,-0.056517,-1.056517,1.000000,1.000000,0.000000,C-06,0,0,0,1,1,0,-0.006004,0.023192,0.7917,0.1721,0.2684,2,ok
0,2671,296.880000,1.716651,-1.643042,-0.102039,-0.007018,-0.033253,4.556450,0.220119,1.000000,0.093483,-0.906517,1.000000,1.000000,0.000000,C-06,0,0,0,1,1,0,-0.006035,0.010544,0.7708,0.1577,0.2650,2,ok
0,2672,296.980000,1.738552,-1.645404,-0.086750,-0.007782,-0.017964,4.578464,0.220425,1.000000,0.243483,-0.756517,1.000000,1.000000,0.000000,C-06,0,0,0,1,1,0,-0.006019,0.020392,0.7292,0.1769,0.2641,2,ok
0,2673,297.100000,1.764873,-1.648239,-0.067748,-0.008700,0.005245,4.604920,0.220750,0.235115,0.235115,0.000000,1.000000,1.000000,0.000000,,0,0,0,1,1,0,-0.006438,0.047223,0.7500,0.2288,0.2648,2,ok
0,2674,297.220000,1.791219,-1.650361,-0.060094,-0.008905,0.012899,4.628879,0.220230,-0.485669,0.085115,0.570784,1.000000,1.000000,0.000000,C-06,0,0,0,1,1,0,-0.004080,0.061518,0.7083,0.2236,0.2662,2,ok
0,2675,297.340000,1.817569,-1.651962,-0.064504,-0.008425,0.011395,4.657796,0.219937,-0.665405,-0.064885,0.600519,1.000000,1.000000,0.000000,C-06,0,0,0,1,1,0,-0.001897,0.075824,0.7083,0.2290,0.2670,2,ok
0,2676,297.440000,1.839514,-1.653273,-0.078095,-0.008016,-0.002195,4.678732,0.219735,-0.540387,-0.214885,0.325502,1.000000,1.000000,0.000000,C-06,0,0,0,1,1,0,-0.000051,0.055521,0.6875,0.2088,0.2677,2,ok
0,2677,297.540000,1.861441,-1.654789,-0.083263,-0.007819,-0.006437,4.701753,0.219806,-0.013021,-0.064885,-0.051865,1.000000,1.000000,0.000000,C-06,0,0,0,1,1,0,-0.002423,0.052073,0.6458,0.2568,0.2653,2,ok
0,2678,297.660000,1.887756,-1.656974,-0.077206,-0.007947,-0.000380,4.728157,0.220106,0.687094,0.085115,-0.601980,1.000000,1.000000,0.000000,C-06,0,0,0,1,1,0,-0.002847,0.034711,0.7083,0.2536,0.2665,2,ok
0,2679,297.780000,1.914093,-1.659177,-0.059040,-0.008095,0.017528,4.754585,0.220371,0.838475,0.235115,-0.603360,1.000000,1.000000,0.000000,C-06,0,0,0,1,1,0,-0.001015,0.014318,0.7708,0.2313,0.2663,2,ok
0,2680,297.880000,1.936068,-1.661012,-0.033650,-0.008216,0.042917,4.776636,0.220629,0.512050,0.385115,-0.126936,1.000000,1.000000,0.000000,C-06,0,0,0,1,1,0,0.001468,0.027781,0.7708,0.2250,0.2644,2,ok
0,2681,297.980000,1.958061,-1.662544,-0.016417,-0.008042,0.057880,4.798678,0.220388,-0.629656,0.235115,0.864771,1.000000,1.000000,0.000000,C-06,0,0,0,1,1,0,0.003286,0.067907,0.7292,0.2468,0.2642,2,ok
0,2682,298.100000,1.984459,-1.663342,-0.008384,-0.006797,0.065914,4.825059,0.220060,-0.709415,0.085115,0.794530,1.000000,1.000000,0.000000,C-06,0,0,0,1,1,0,0.006795,0.083331,0.7083,0.2246,0.2631,2,ok
0,2683,298.220000,2.010858,-1.663577,-0.013044,-0.005124,0.057796,4.851366,0.219989,-0.937452,-0.064885,0.872567,1.000000,1.000000,0.000000,C-06,0,0,0,1,1,0,0.002884,0.154376,0.7083,0.4036,0.2689,2,ok
0,2684,298.340000,2.037251,-1.663788,-0.030084,-0.003454,0.040757,4.877707,0.219913,-0.642738,-0.214885,0.427853,1.000000,1.000000,0.000000,C-06,0,0,0,1,1,0,0.004212,0.145831,0.6667,0.4097,0.2680,2,ok
0,2685,298.440000,2.059237,-1.663970,-0.042052,-0.002155,0.023819,4.899641,0.219823,-0.169591,-0.169591,0.000000,1.000000,1.000000,0.000000,,0,0,0,1,1,0,0.000262,0.131684,0.6250,0.5190,0.2752,2,ok
0,2686,298.540000,2.081087,-1.664275,-0.055144,-0.000997,0.010727,4.921462,0.218372,-0.192819,-0.192819,0.000000,0.993890,0.993890,0.000000,,0,0,0,1,1,0,0.000262,0.131684,0.6250,0.5190,0.2752,2,ok
0,2687,298.660000,2.105114,-1.665548,-0.059375,-0.000752,-0.000442,4.945516,0.199232,0.149398,-0.042819,-0.192217,0.905798,0.905798,0.000000,C-06,0,0,0,1,1,0,0.002910,0.074691,0.7292,0.4668,0.2649,2,ok
0,2688,298.780000,2.130907,-1.666941,-0.051595,-0.000578,0.007339,4.971346,0.220009,0.824815,0.107181,-0.717634,1.000000,1.000000,0.000000,C-06,0,0,0,1,1,0,0.000501,0.031084,0.7708,0.5357,0.2675,2,ok
0,2689,298.880000,2.152885,-1.668101,-0.034948,-0.000491,0.015536,4.993351,0.220164,1.000000,0.257181,-0.742819,1.000000,1.000000,0.000000,C-06,0,0,0,1,1,0,0.000387,0.014897,0.7292,0.5937,0.2689,2,ok
0,2690,298.980000,2.174879,-1.669261,-0.007485,-0.000484,0.042999,5.015376,0.220296,0.733782,0.407181,-0.326601,1.000000,1.000000,0.000000,C-06,0,0,0,1,1,0,0.001820,0.073187,0.7500,0.6069,0.2711,2,ok
0,2691,299.100000,2.201279,-1.670448,0.015041,-0.000365,0.055601,5.041798,0.220112,-0.191821,0.257181,0.449002,1.000000,1.000000,0.000000,C-06,0,0,0,1,1,0,0.016076,0.044220,0.7083,0.2548,0.2503,2,ok
0,2692,299.220000,2.227673,-1.670498,0.024888,0.000712,0.065448,5.068170,0.219936,-0.294812,0.107181,0.401993,1.000000,1.000000,0.000000,C-06,0,0,0,1,1,0,0.007082,0.103687,0.7083,0.6336,0.2670,2,ok
0,2693,299.340000,2.254066,-1.669867,0.022079,0.002331,0.050115,5.094544,0.220015,-1.000000,-0.042819,0.957181,1.000000,1.000000,0.000000,C-06,0,0,0,1,1,0,0.010518,0.131027,0.6667,0.6250,0.2705,2,ok
0,2694,299.440000,2.276063,-1.669314,0.009634,0.003522,0.037669,5.116516,0.220057,-0.505542,-0.192819,0.312723,1.000000,1.000000,0.000000,C-06,0,0,0,1,1,0,0.007645,0.186781,0.6875,0.7639,0.2712,2,ok
0,2695,299.540000,2.298062,-1.668930,0.005298,0.004546,0.033334,5.135964,0.220023,-0.051505,-0.051505,0.000000,1.000000,1.000000,0.000000,,0,0,0,1,1,0,0.010136,0.049664,0.7292,0.7182,0.2668,2,ok
0,2696,299.660000,2.324086,-1.668761,0.012581,0.005136,0.025844,5.164565,0.216516,0.330322,0.098495,-0.231827,0.984218,0.984218,0.000000,C-06,0,0,0,1,1,0,0.009298,0.019879,0.7708,0.7529,0.2684,2,ok
0,2697,299.780000,2.350437,-1.668602,0.032389,0.005751,0.045652,5.187872,0.219895,0.730462,0.248495,-0.481967,1.000000,1.000000,0.000000,C-06,0,0,0,1,1,0,0.009000,-0.016099,0.7917,0.7747,0.2658,2,ok
0,2698,299.880000,2.372414,-1.668470,0.058813,0.005782,0.054864,5.212996,0.219643,0.412131,0.398495,-0.013636,1.000000,1.000000,0.000000,C-06,0,0,0,1,1,0,0.010375,-0.024070,0.7292,0.8317,0.2676,2,ok
0,2699,299.980000,2.394355,-1.668313,0.086572,0.005897,0.082623,5.234938,0.219222,0.412698,0.412698,0.000000,1.000000,1.000000,0.000000,,0,0,0,1,1,0,0.012920,0.080276,0.7083,0.8317,0.2657,2,ok
0,2700,300.100000,2.420629,-1.666979,0.108256,0.006781,0.085006,5.261347,0.219165,-0.928583,0.262698,1.191281,1.000000,1.000000,0.000000,C-06,0,0,0,1,1,0,0.019075,0.019052,0.7500,0.7282,0.2644,2,ok
0,2701,300.220000,2.446859,-1.664539,0.117946,0.008673,0.094696,5.287622,0.219551,-0.770820,0.112698,0.883518,1.000000,1.000000,0.000000,C-06,0,0,0,1,1,0,0.019172,0.089880,0.7292,0.7851,0.2635,2,ok
0,2702,300.340000,2.473078,-1.661477,0.115632,0.010711,0.068797,5.314146,0.220035,-0.572186,-0.037302,0.534885,1.000000,1.000000,0.000000,C-06,0,0,0,1,1,0,0.024576,0.080809,0.6250,0.7491,0.2662,2,ok
0,2703,300.440000,2.494944,-1.658906,0.104192,0.012332,0.057357,5.336103,0.220297,-0.426181,-0.187302,0.238879,1.000000,1.000000,0.000000,C-06,0,0,0,1,1,0,0.026527,0.001813,0.7083,0.7107,0.2665,2,ok
0,2704,300.540000,2.516829,-1.656508,0.100926,0.013483,0.028738,5.358399,0.220147,-0.034323,-0.037302,-0.002979,1.000000,1.000000,0.000000,C-06,0,0,0,1,1,0,0.026587,-0.072136,0.7500,0.6962,0.2667,2,ok
0,2705,300.660000,2.543085,-1.653839,0.108928,0.014376,0.036740,5.384775,0.219824,0.549770,0.112698,-0.437072,1.000000,1.000000,0.000000,C-06,0,0,0,1,1,0,0.026045,-0.135901,0.7500,0.6850,0.2672,2,ok
0,2706,300.780000,2.568379,-1.651196,0.128375,0.014941,0.025723,5.410692,0.210814,0.447510,0.262698,-0.184812,0.960798,0.960798,0.000000,C-06,0,0,0,1,1,0,0.026110,-0.127452,0.7708,0.6589,0.2689,2,ok
0,2707,300.880000,2.590028,-1.648983,0.154092,0.014969,0.051440,5.432453,0.218567,0.490799,0.412698,-0.078100,1.000000,1.000000,0.000000,C-06,0,0,0,1,1,0,0.037996,-0.215175,0.7083,0.2779,0.2459,2,ok
0,2708,300.980000,2.610186,-1.646793,0.183086,0.015123,0.080434,5.452729,0.199957,0.474981,0.474981,0.000000,0.918518,0.918518,0.000000,,0,0,0,1,1,0,0.027836,-0.170008,0.7292,0.6149,0.2658,2,ok
0,2709,301.100000,2.635666,-1.643048,0.208142,0.015573,0.072070,5.478904,0.218091,-0.211070,0.324981,0.536052,1.000000,1.000000,0.000000,C-06,0,0,0,1,1,0,0.028652,-0.149716,0.7083,0.6135,0.2671,2,ok
0,2710,301.220000,2.661457,-1.638110,0.221659,0.017161,0.085588,5.505115,0.218861,0.085616,0.174981,0.089365,1.000000,1.000000,0.000000,C-06,0,0,0,1,1,0,0.029284,-0.068533,0.6667,0.6201,0.2657,2,ok
0,2711,301.340000,2.687165,-1.632875,0.237364,0.017984,0.062066,5.532107,0.218540,0.217541,0.217541,0.000000,1.000000,1.000000,0.000000,,0,0,0,1,1,0,0.030321,-0.107160,0.6667,0.5932,0.2647,2,ok
0,2712,301.440000,2.708534,-1.627886,0.242200,0.019215,0.066902,5.554016,0.219520,0.057535,0.067541,0.010006,1.000000,1.000000,0.000000,C-06,0,0,0,1,1,0,0.029952,-0.060674,0.6875,0.5990,0.2609,2,ok
0,2713,301.540000,2.729901,-1.622621,0.238299,0.020214,0.021521,5.576733,0.220192,-0.075082,-0.075082,0.000000,1.000000,1.000000,0.000000,,0,0,0,1,1,0,0.028708,-0.030802,0.7083,0.6196,0.2647,2,ok
0,2714,301.660000,2.755542,-1.616391,0.243065,0.020950,0.026287,5.603110,0.219754,0.300405,0.074918,-0.225487,1.000000,1.000000,0.000000,C-06,0,0,0,1,1,0,0.027015,-0.144207,0.7500,0.6174,0.2633,2,ok
0,2715,301.780000,2.778953,-1.610543,0.258021,0.021275,-0.001805,5.628371,0.198909,0.427986,0.224918,-0.203068,0.906645,0.906645,0.000000,C-06,0,0,0,1,1,0,0.025799,-0.149893,0.7708,0.5946,0.2656,2,ok
0,2716,301.880000,2.799645,-1.605649,0.279515,0.020608,0.019689,5.649623,0.217343,0.731131,0.374918,-0.356213,1.000000,1.000000,0.000000,C-06,0,0,0,1,1,0,0.025115,-0.210183,0.7292,0.5988,0.2632,2,ok
0,2717,301.980000,2.820042,-1.600369,0.295602,0.020392,0.035776,5.670691,0.210044,0.263877,0.263877,0.000000,0.963685,0.963685,0.000000,,0,0,0,1,1,0,0.025690,-0.090673,0.7292,0.5831,0.2682,2,ok
0,2718,302.100000,2.843240,-1.593588,0.304305,0.019965,0.003217,5.695761,0.200762,0.051975,0.113877,0.061902,0.916575,0.916575,0.000000,C-06,0,0,0,1,1,0,0.026875,-0.204844,0.7500,0.5485,0.2687,2,ok
0,2719,302.220000,2.867966,-1.586167,0.315265,0.019542,0.014177,5.721574,0.218750,0.160313,0.160313,0.000000,1.000000,1.000000,0.000000,,0,0,0,1,1,0,0.024712,-0.123632,0.7083,0.5588,0.2672,2,ok
0,2720,302.340000,2.892982,-1.578386,0.335932,0.018703,-0.005541,5.748455,0.217667,0.631150,0.310313,-0.320837,1.000000,1.000000,0.000000,C-06,0,0,0,1,1,0,0.023778,-0.083804,0.6667,0.5481,0.2697,2,ok
0,2721,302.440000,2.913687,-1.571709,0.353823,0.018008,0.012350,5.770199,0.217540,0.315698,0.315698,0.000000,1.000000,1.000000,0.000000,,0,0,0,1,1,0,0.023778,-0.083804,0.6667,0.5481,0.2697,2,ok
0,2722,302.540000,2.934284,-1.564392,0.363842,0.017645,-0.013667,5.792690,0.218679,-0.354254,0.165698,0.519952,1.000000,1.000000,0.000000,C-06,0,0,0,1,1,0,0.023440,-0.199481,0.7708,0.5240,0.2665,2,ok
0,2723,302.660000,2.958944,-1.555039,0.365575,0.017198,-0.011934,5.819061,0.219873,-0.306533,0.015698,0.322231,1.000000,1.000000,0.000000,C-06,0,0,0,1,1,0,0.022299,-0.191587,0.7500,0.5258,0.2669,2,ok
0,2724,302.780000,2.983552,-1.545602,0.376174,0.016594,-0.035129,5.845965,0.219252,0.333848,0.165698,-0.168150,1.000000,1.000000,0.000000,C-06,0,0,0,1,1,0,0.018766,-0.100098,0.7708,0.5584,0.2684,2,ok
0,2725,302.880000,3.003155,-1.537791,0.391349,0.015893,-0.019954,5.867055,0.209689,0.287281,0.287281,0.000000,0.956601,0.956601,0.000000,,0,0,0,1,1,0,0.017361,-0.167292,0.7292,0.5583,0.2691,2,ok
0,2726,302.980000,3.020801,-1.530408,0.413627,0.015584,0.002324,5.886181,0.187891,0.839206,0.437281,-0.401925,0.858014,0.858014,0.000000,C-06,0,0,0,1,1,0,0.016290,-0.157817,0.7292,0.5640,0.2676,2,ok
0,2727,303.100000,3.043216,-1.521173,0.450758,0.014479,0.006706,5.910881,0.206523,0.651068,0.587281,-0.063787,1.000000,0.958014,-0.041986,C-06,0,0,0,1,1,0,0.017369,-0.146445,0.7292,0.5529,0.2682,2,ok
0,2728,303.220000,3.066673,-1.510283,0.479060,0.014243,0.035008,5.936742,0.216958,-0.267797,0.437281,0.705077,1.000000,1.000000,0.000000,C-06,0,0,0,1,1,0,0.018263,-0.104299,0.7083,0.5575,0.2666,2,ok
0,2729,303.340000,3.089985,-1.498424,0.497510,0.014382,0.021461,5.963374,0.218074,-0.598971,0.287281,0.886251,1.000000,1.000000,0.000000,C-06,0,0,0,1,1,0,0.017621,0.010246,0.6667,0.5931,0.2666,2,ok
0,2730,303.440000,3.109276,-1.488054,0.505040,0.014738,0.028992,5.985273,0.219094,-0.394528,0.137281,0.531809,1.000000,1.000000,0.000000,C-06,0,0,0,1,1,0,0.017984,0.006149,0.6875,0.5935,0.2654,2,ok
0,2731,303.540000,3.128502,-1.477497,0.510254,0.015062,0.003113,6.007665,0.219349,0.100021,0.100021,0.000000,1.000000,1.000000,0.000000,,0,0,0,1,1,0,0.019702,-0.093320,0.7708,0.5743,0.2659,2,ok
0,2732,303.660000,3.151488,-1.464712,0.518264,0.015061,0.011123,6.033968,0.219159,0.132926,0.132926,0.000000,1.000000,1.000000,0.000000,,0,0,0,1,1,0,0.018288,-0.102477,0.7708,0.6122,0.2695,2,ok
0,2733,303.780000,3.173424,-1.452160,0.526105,0.015188,-0.012047,6.059725,0.209613,0.129673,0.129673,0.000000,0.955205,0.955205,0.000000,,0,0,0,1,1,0,0.018982,-0.154167,0.7292,0.5782,0.2666,2,ok
0,2734,303.880000,3.192249,-1.441350,0.537946,0.014793,-0.000206,6.081430,0.218571,0.244042,0.244042,0.000000,1.000000,1.000000,0.000000,,0,0,0,1,1,0,0.021117,-0.169058,0.7500,0.5064,0.2670,2,ok
0,2735,303.980000,3.210888,-1.430269,0.556238,0.014726,0.018086,6.103113,0.215934,0.379263,0.379263,0.000000,0.990766,0.990766,0.000000,,0,0,0,1,1,0,0.020884,-0.174759,0.7500,0.5042,0.2682,2,ok
0,2736,304.100000,3.233191,-1.416458,0.570351,0.014495,0.002105,6.129764,0.218854,0.102501,0.229263,0.126762,1.000000,1.000000,0.000000,C-06,0,0,0,1,1,0,0.020619,-0.120999,0.7292,0.5193,0.2665,2,ok
0,2737,304.220000,3.255279,-1.402288,0.589345,0.014561,0.021098,6.156006,0.218535,0.330836,0.330836,0.000000,1.000000,1.000000,0.000000,,0,0,0,1,1,0,0.020064,-0.136254,0.6667,0.5288,0.2665,2,ok
0,2738,304.340000,3.277064,-1.387704,0.611321,0.014486,0.013441,6.182676,0.218576,0.383511,0.383511,0.000000,1.000000,1.000000,0.000000,,0,0,0,1,1,0,0.022971,-0.117697,0.6458,0.4797,0.2672,2,ok
0,2739,304.440000,3.295003,-1.375117,0.623013,0.014770,0.025133,6.204588,0.219230,0.081852,0.233511,0.151658,1.000000,1.000000,0.000000,C-06,0,0,0,1,1,0,0.023933,-0.147094,0.7083,0.4796,0.2689,2,ok
0,2740,304.540000,3.312838,-1.362289,0.627464,0.014979,0.000540,6.226983,0.219739,-0.055388,0.083511,0.138899,1.000000,1.000000,0.000000,C-06,0,0,0,1,1,0,0.022529,-0.143629,0.7708,0.5149,0.2694,2,ok
0,2741,304.660000,3.334183,-1.346791,0.630884,0.014995,0.003961,6.253361,0.219822,0.059462,0.059462,0.000000,1.000000,1.000000,0.000000,,0,0,0,1,1,0,0.020274,-0.136528,0.7500,0.5573,0.2695,2,ok
0,2742,304.780000,3.354251,-1.332091,0.636781,0.014834,-0.019142,6.278662,0.206466,0.107462,0.107462,0.000000,0.939839,0.939839,0.000000,,0,0,0,1,1,0,0.017843,-0.169468,0.7708,0.5635,0.2701,2,ok
0,2743,304.880000,3.371655,-1.319174,0.648226,0.014458,-0.007697,6.300333,0.219394,0.338707,0.257462,-0.081246,1.000000,1.000000,0.000000,C-06,0,0,0,1,1,0,0.017147,-0.178944,0.7500,0.5671,0.2687,2,ok
0,2744,304.980000,3.389130,-1.305879,0.657529,0.014339,0.001606,6.322196,0.219613,0.195765,0.195765,0.000000,1.000000,1.000000,0.000000,,0,0,0,1,1,0,0.017147,-0.178944,0.7500,0.5671,0.2687,2,ok
0,2745,305.100000,3.409880,-1.289642,0.676009,0.013784,-0.008536,6.349045,0.219576,0.382265,0.345765,-0.036500,1.000000,1.000000,0.000000,C-06,0,0,0,1,1,0,0.013650,-0.104525,0.6875,0.6408,0.2690,2,ok
0,2746,305.220000,3.430283,-1.272937,0.699406,0.013822,0.014861,6.375414,0.219911,0.436844,0.436844,0.000000,1.000000,1.000000,0.000000,,0,0,0,1,1,0,0.015151,-0.178034,0.7083,0.6042,0.2649,2,ok
0,2747,305.340000,3.450331,-1.255728,0.720851,0.013729,0.006822,6.402225,0.220423,0.393812,0.393812,0.000000,1.000000,1.000000,0.000000,,0,0,0,1,1,0,0.014856,-0.123803,0.7083,0.6383,0.2656,2,ok
0,2748,305.440000,3.466816,-1.241108,0.732580,0.014008,0.018552,6.424257,0.220442,-0.547050,0.243812,0.790861,1.000000,1.000000,0.000000,C-06,0,0,0,1,1,0,0.015613,-0.129373,0.7292,0.6440,0.2652,2,ok
0,2749,305.540000,3.483156,-1.226351,0.737472,0.013986,-0.005121,6.446684,0.220199,-0.115276,0.093812,0.209088,1.000000,1.000000,0.000000,C-06,0,0,0,1,1,0,0.014656,-0.142880,0.7917,0.6931,0.2662,2,ok
0,2750,305.660000,3.502682,-1.208527,0.745110,0.013931,0.002517,6.473122,0.220345,0.140057,0.140057,0.000000,1.000000,1.000000,0.000000,,0,0,0,1,1,0,0.014597,-0.136686,0.7708,0.6918,0.2669,2,ok
0,2751,305.780000,3.522038,-1.190512,0.757305,0.013580,-0.014100,6.500019,0.220379,0.220707,0.220707,0.000000,1.000000,1.000000,0.000000,,0,0,0,1,1,0,0.012131,-0.153627,0.7292,0.7451,0.2667,2,ok
0,2752,305.880000,3.537947,-1.175268,0.774435,0.013342,0.003030,6.522051,0.220261,0.392572,0.370707,-0.021864,1.000000,1.000000,0.000000,C-06,0,0,0,1,1,0,0.012337,-0.075096,0.7083,0.7527,0.2702,2,ok
0,2753,305.980000,3.552933,-1.160283,0.798905,0.013404,-0.002520,6.543563,0.210812,0.538985,0.520707,-0.018277,0.959926,0.959926,0.000000,C-06,0,0,0,1,1,0,0.011446,-0.159661,0.7292,0.8004,0.2690,2,ok
0,2754,306.100000,3.571046,-1.141348,0.820489,0.013638,0.019064,6.569765,0.219239,0.171057,0.370707,0.199650,1.000000,1.000000,0.000000,C-06,0,0,0,1,1,0,0.013155,-0.155787,0.7500,0.7605,0.2701,2,ok
0,2755,306.220000,3.588918,-1.121988,0.833396,0.014155,0.002539,6.596533,0.219521,-0.166819,0.220707,0.387526,1.000000,1.000000,0.000000,C-06,0,0,0,1,1,0,0.016295,-0.085991,0.7083,0.7587,0.2685,2,ok
0,2756,306.340000,3.606621,-1.102426,0.837804,0.014327,0.006946,6.622916,0.219867,-0.388443,0.070707,0.459151,1.000000,1.000000,0.000000,C-06,0,0,0,1,1,0,0.015752,-0.042889,0.6875,0.8090,0.2695,2,ok
0,2757,306.440000,3.621328,-1.086072,0.839343,0.014539,0.008486,6.643956,0.219946,0.030623,0.030623,0.000000,1.000000,1.000000,0.000000,,0,0,0,1,1,0,0.017846,-0.167286,0.7500,0.7595,0.2673,2,ok
0,2758,306.540000,3.635963,-1.069674,0.847138,0.014040,-0.013914,6.667380,0.219759,0.444466,0.180623,-0.263843,1.000000,1.000000,0.000000,C-06,0,0,0,1,1,0,0.022002,-0.204278,0.8125,0.6312,0.2630,2,ok
0,2759,306.660000,3.653300,-1.049796,0.861967,0.013792,0.000916,6.693755,0.219882,0.278489,0.278489,0.000000,1.000000,1.000000,0.000000,,0,0,0,1,1,0,0.017430,-0.071278,0.7708,0.7200,0.2628,2,ok
0,2760,306.780000,3.670282,-1.029569,0.884733,0.013451,-0.007820,6.720525,0.220303,0.940819,0.428489,-0.512330,1.000000,1.000000,0.000000,C-06,0,0,0,1,1,0,0.023818,-0.249751,0.7500,0.5240,0.2600,2,ok
0,2761,306.880000,3.684113,-1.012371,0.910808,0.013547,0.018254,6.742594,0.221046,1.000000,0.578489,-0.421511,1.000000,1.000000,0.000000,C-06,0,0,0,1,1,0,0.020545,-0.284691,0.7500,0.6430,0.2657,2,ok
0,2762,306.980000,3.697601,-0.994809,0.938604,0.013654,0.013714,6.765240,0.221743,0.598201,0.598201,0.000000,1.000000,1.000000,0.000000,,0,0,0,1,1,0,0.021231,-0.166112,0.7292,0.6340,0.2647,2,ok
0,2763,307.100000,3.713244,-0.973308,0.964732,0.014080,0.039841,6.791826,0.221736,-1.000000,0.448201,1.448201,1.000000,1.000000,0.000000,C-06,0,0,0,1,1,0,0.023699,-0.145327,0.7083,0.6123,0.2659,2,ok
0,2764,307.220000,3.728359,-0.951474,0.982584,0.014739,0.024213,6.818814,0.221334,-0.742091,0.298201,1.040292,1.000000,1.000000,0.000000,C-06,0,0,0,1,1,0,0.025400,-0.233298,0.7083,0.5733,0.2660,2,ok
0,2765,307.340000,3.743061,-0.929441,0.991759,0.015434,0.033389,6.845292,0.220705,-0.697682,0.148201,0.845883,1.000000,1.000000,0.000000,C-06,0,0,0,1,1,0,0.030414,-0.127075,0.7083,0.4572,0.2514,2,ok
0,2766,307.440000,3.755101,-0.911021,0.992257,0.015959,-0.003925,6.867835,0.219994,-0.108996,-0.001799,0.107197,1.000000,1.000000,0.000000,C-06,0,0,0,1,1,0,0.026734,-0.145399,0.7917,0.5205,0.2564,2,ok
0,2767,307.540000,3.767130,-0.892564,0.998980,0.016019,0.002797,6.889866,0.220635,0.297787,0.148201,-0.149586,1.000000,1.000000,0.000000,C-06,0,0,0,1,1,0,0.026171,-0.256946,0.8125,0.4795,0.2633,2,ok
0,2768,307.660000,3.781415,-0.870252,1.015476,0.016308,0.019293,6.914438,0.221506,0.287670,0.287670,0.000000,1.000000,1.000000,0.000000,,0,0,0,1,1,0,0.023601,-0.283117,0.7708,0.5035,0.2645,2,ok
0,2769,307.780000,3.795491,-0.847648,1.041160,0.015778,0.005797,6.943632,0.222702,0.859029,0.437670,-0.421359,1.000000,1.000000,0.000000,C-06,0,0,0,1,1,0,0.020947,-0.287324,0.7292,0.5534,0.2657,2,ok
0,2770,307.880000,3.806970,-0.828508,1.070489,0.015783,0.035126,6.965951,0.224055,0.819319,0.587670,-0.231649,1.000000,1.000000,0.000000,C-06,0,0,0,1,1,0,0.022970,-0.177598,0.7500,0.4635,0.2643,2,ok
0,2771,307.980000,3.818035,-0.809065,1.097288,0.015395,0.020590,6.989074,0.223786,0.510440,0.510440,0.000000,1.000000,1.000000,0.000000,,0,0,0,1,1,0,0.023273,-0.183451,0.7708,0.4455,0.2656,2,ok
0,2772,308.100000,3.830534,-0.785429,1.120770,0.015561,0.044072,7.015811,0.222790,-0.386891,0.360440,0.747332,1.000000,1.000000,0.000000,C-06,0,0,0,1,1,0,0.022597,-0.107889,0.7083,0.4808,0.2619,2,ok
0,2773,308.220000,3.842318,-0.761573,1.134990,0.015706,0.017214,7.043103,0.221652,-0.674540,0.210440,0.884980,1.000000,1.000000,0.000000,C-06,0,0,0,1,1,0,0.022801,-0.082016,0.6667,0.4727,0.2641,2,ok
0,2774,308.340000,3.853557,-0.737613,1.139453,0.015983,0.021677,7.069567,0.220472,-0.534444,0.060440,0.594884,1.000000,1.000000,0.000000,C-06,0,0,0,1,1,0,0.024506,-0.144862,0.7708,0.4085,0.2681,2,ok
0,2775,308.440000,3.862759,-0.717629,1.139015,0.015911,-0.018164,7.092227,0.219948,-0.013376,-0.013376,0.000000,1.000000,1.000000,0.000000,,0,0,0,1,1,0,0.022325,-0.138374,0.7917,0.4310,0.2642,2,ok
0,2776,308.540000,3.871966,-0.697620,1.145762,0.015399,-0.011417,7.114246,0.220531,0.366537,0.136624,-0.229913,1.000000,1.000000,0.000000,C-06,0,0,0,1,1,0,0.020834,-0.192155,0.7917,0.4068,0.2682,2,ok
0,2777,308.660000,3.882954,-0.673478,1.163665,0.014708,-0.030614,7.141256,0.221718,0.390549,0.286624,-0.103925,1.000000,1.000000,0.000000,C-06,0,0,0,1,1,0,0.019090,-0.198709,0.7917,0.4111,0.2687,2,ok
0,2778,308.780000,3.893776,-0.649585,1.191854,0.013389,-0.002424,7.167452,0.218928,0.721547,0.436624,-0.284924,0.978206,0.978206,0.000000,C-06,0,0,0,1,1,0,0.017834,-0.151734,0.7917,0.4100,0.2669,2,ok
0,2779,308.880000,3.901774,-0.631275,1.223520,0.012654,0.029241,7.187418,0.198011,0.687424,0.586624,-0.100800,0.862517,0.878206,0.015689,C-06,0,0,0,1,1,0,0.017978,-0.147734,0.7708,0.4061,0.2662,2,ok
0,2780,308.980000,3.909420,-0.611494,1.249046,0.012172,0.021125,7.209020,0.217823,-0.438131,0.436624,0.874755,1.000000,0.978206,-0.021794,C-06,0,0,0,1,1,0,0.019321,-0.113796,0.7500,0.3993,0.2662,2,ok
0,2781,309.100000,3.918379,-0.586418,1.269712,0.012180,0.041791,7.235649,0.222394,-0.506680,0.286624,0.793303,1.000000,1.000000,0.000000,C-06,0,0,0,1,1,0,0.019321,-0.113796,0.7500,0.3993,0.2662,2,ok
0,2782,309.220000,3.926548,-0.561163,1.280026,0.012305,0.021223,7.262639,0.221101,-0.442670,0.136624,0.579293,1.000000,1.000000,0.000000,C-06,0,0,0,1,1,0,0.021926,-0.068496,0.6875,0.3778,0.2625,2,ok
0,2783,309.340000,3.934153,-0.535871,1.279533,0.012701,0.020730,7.289046,0.220016,-0.169823,-0.013376,0.156446,1.000000,1.000000,0.000000,C-06,0,0,0,1,1,0,0.019054,-0.049850,0.7292,0.4172,0.2661,2,ok
0,2784,309.440000,3.940472,-0.514818,1.272668,0.012682,-0.016059,7.311362,0.219608,-0.126478,-0.126478,0.000000,1.000000,1.000000,0.000000,,0,0,0,1,1,0,0.019039,-0.126958,0.8125,0.3931,0.2667,3,ok
0,2785,309.540000,3.946790,-0.493820,1.262621,0.012431,-0.026106,7.333288,0.218987,-0.176146,-0.176146,0.000000,1.000000,1.000000,0.000000,,0,0,0,1,1,0,0.019037,-0.162673,0.7917,0.3530,0.2631,2,ok
0,2786,309.660000,3.954733,-0.468675,1.260271,0.011525,-0.056840,7.359967,0.219792,0.355856,-0.026146,-0.382002,1.000000,1.000000,0.000000,C-06,0,0,0,1,1,0,0.012415,-0.136525,0.7500,0.4617,0.2645,2,ok
0,2787,309.780000,3.962102,-0.445839,1.268047,0.010121,-0.049064,7.383921,0.198583,1.000000,0.123854,-0.876146,0.741889,0.900000,0.158111,C-06,0,0,0,1,1,0,0.007370,-0.202315,0.7292,0.5078,0.2705,2,ok
0,2788,309.880000,3.967472,-0.428761,1.282688,0.009208,-0.034423,7.401801,0.176850,1.000000,0.273854,-0.726146,0.769730,0.800000,0.030270,C-06,0,0,0,1,1,0,0.006322,-0.115966,0.7500,0.4941,0.2737,2,ok
0,2789,309.980000,3.972761,-0.410739,1.306890,0.008146,-0.036006,7.420810,0.191252,1.000000,0.423854,-0.576146,0.865771,0.865771,0.000000,C-06,0,0,0,1,1,0,0.007683,-0.126437,0.7500,0.4617,0.2711,2,ok
0,2790,310.100000,3.979072,-0.386627,1.338512,0.007383,-0.004384,7.445723,0.213258,0.438198,0.438198,0.000000,1.000000,0.965771,-0.034229,C-06,0,0,0,1,1,0,0.007756,-0.198207,0.7292,0.4802,0.2683,2,ok
0,2791,310.220000,3.985362,-0.360970,1.360402,0.006634,-0.008110,7.472299,0.221394,-0.902551,0.288198,1.190749,1.000000,1.000000,0.000000,C-06,0,0,0,1,1,0,0.007915,-0.160089,0.6667,0.5080,0.2719,2,ok
0,2792,310.340000,3.991280,-0.335121,1.371346,0.006009,0.002834,7.498809,0.220938,-0.642775,0.138198,0.780972,1.000000,1.000000,0.000000,C-06,0,0,0,1,1,0,0.008339,0.005432,0.7292,0.5239,0.2711,2,ok
0,2793,310.440000,3.995663,-0.313558,1.370993,0.005786,-0.022430,7.520952,0.220000,-0.402695,-0.011802,0.390892,1.000000,1.000000,0.000000,C-06,0,0,0,1,1,0,0.007559,-0.107557,0.8542,0.5283,0.2664,2,ok
0,2794,310.540000,4.000029,-0.291992,1.372721,0.005312,-0.020702,7.542950,0.220068,0.030898,0.030898,0.000000,1.000000,1.000000,0.000000,,0,0,0,1,1,0,0.009737,-0.149164,0.8125,0.4519,0.2613,2,ok
0,2795,310.660000,4.005268,-0.266078,1.385352,0.004598,-0.031936,7.569500,0.220567,0.978458,0.180898,-0.797560,1.000000,1.000000,0.000000,C-06,0,0,0,1,1,0,0.003560,-0.021063,0.7708,0.5952,0.2679,2,ok
0,2796,310.780000,4.010014,-0.242419,1.408673,0.003508,-0.008615,7.593606,0.199277,1.000000,0.330898,-0.669102,0.785416,0.900000,0.114584,C-06,0,0,0,1,1,0,0.002185,-0.078711,0.8125,0.5941,0.2692,2,ok
0,2797,310.880000,4.013692,-0.224711,1.437531,0.002568,0.020242,7.611667,0.178187,0.700873,0.480898,-0.219975,0.797365,0.800000,0.002635,C-06,0,0,0,1,1,0,0.004880,-0.050368,0.7708,0.5581,0.2687,2,ok
0,2798,310.980000,4.017194,-0.205654,1.459876,0.001666,0.018455,7.631079,0.199752,-0.023000,0.330898,0.353898,1.000000,0.900000,-0.100000,C-06,0,0,0,1,1,0,0.003745,-0.039929,0.7292,0.6194,0.2683,2,ok
0,2799,311.100000,4.020630,-0.179970,1.474861,0.001565,0.033440,7.656992,0.220769,-0.642995,0.180898,0.823893,1.000000,1.000000,0.000000,C-06,0,0,0,1,1,0,0.006632,-0.019361,0.7292,0.5925,0.2699,2,ok
0,2800,311.220000,4.023297,-0.153686,1.478233,0.001984,0.012111,7.683450,0.220112,-0.444607,0.030898,0.475505,1.000000,1.000000,0.000000,C-06,0,0,0,1,1,0,0.009158,0.016829,0.7292,0.5485,0.2669,2,ok
0,2801,311.340000,4.025772,-0.127404,1.473475,0.002305,0.007354,7.709846,0.219928,-0.066805,-0.066805,0.000000,1.000000,1.000000,0.000000,,0,0,0,1,1,0,0.008545,-0.025189,0.7500,0.5735,0.2698,2,ok
0,2802,311.440000,4.027895,-0.105657,1.478111,0.002262,-0.012181,7.731756,0.218374,0.578721,0.083195,-0.495526,0.992170,0.992170,0.000000,C-06,0,0,0,1,1,0,0.006861,-0.139218,0.7917,0.5955,0.2669,2,ok
0,2803,311.540000,4.030021,-0.083777,1.492691,0.001909,0.002400,7.753736,0.220144,0.879784,0.233195,-0.646589,0.999089,0.999089,0.000000,C-06,0,0,0,1,1,0,0.007661,-0.149678,0.7917,0.5526,0.2646,2,ok
0,2804,311.660000,4.032573,-0.057434,1.522871,0.001375,0.007144,7.780236,0.220758,0.963257,0.383195,-0.580063,1.000000,1.000000,0.000000,C-06,0,0,0,1,1,0,0.004602,-0.080525,0.7917,0.6324,0.2689,2,ok
0,2805,311.780000,4.035137,-0.031997,1.558989,0.000204,0.043261,7.805776,0.212436,0.440218,0.440218,0.000000,0.960858,0.960858,0.000000,,0,0,0,1,1,0,0.008967,-0.050377,0.7708,0.5518,0.2651,2,ok
0,2806,311.880000,4.036431,-0.010124,1.580267,0.000108,0.064540,7.827686,0.220237,-0.149090,0.290218,0.439308,1.000000,1.000000,0.000000,C-06,0,0,0,1,1,0,0.009048,-0.052483,0.7917,0.5995,0.2682,2,ok
0,2807,311.980000,4.036731,0.011873,1.590862,0.000536,0.049081,7.849685,0.219963,-0.639138,0.140218,0.779356,1.000000,1.000000,0.000000,C-06,0,0,0,1,1,0,0.011707,-0.047414,0.7292,0.5619,0.2680,2,ok
0,2808,312.100000,4.036226,0.038268,1.590783,0.001883,0.049002,7.876050,0.220003,-0.251245,-0.009782,0.241463,1.000000,1.000000,0.000000,C-06,0,0,0,1,1,0,0.010585,-0.084617,0.7500,0.6095,0.2689,2,ok
0,2809,312.220000,4.035680,0.064659,1.601440,0.002658,0.032072,7.902500,0.219947,0.549893,0.140218,-0.409675,1.000000,1.000000,0.000000,C-06,0,0,0,1,1,0,0.012036,-0.091362,0.7083,0.5765,0.2652,2,ok
0,2810,312.340000,4.035134,0.091036,1.624365,0.003254,0.054998,7.928875,0.219744,0.454273,0.290218,-0.164055,1.000000,1.000000,0.000000,C-06,0,0,0,1,1,0,0.011971,-0.091330,0.7708,0.5721,0.2620,2,ok
0,2811,312.440000,4.034421,0.112997,1.635017,0.003608,0.035989,7.950934,0.219710,0.144458,0.144458,0.000000,1.000000,1.000000,0.000000,,0,0,0,1,1,0,0.010276,-0.040762,0.8125,0.6438,0.2679,2,ok
0,2812,312.540000,4.033037,0.134951,1.635357,0.004460,0.036329,7.972915,0.220003,-0.111544,-0.005542,0.106002,1.000000,1.000000,0.000000,C-06,0,0,0,1,1,0,0.012358,-0.089406,0.8125,0.6032,0.2639,2,ok
0,2813,312.660000,4.031327,0.161288,1.646053,0.005199,0.014175,7.999462,0.219848,0.153957,0.144458,-0.009499,1.000000,1.000000,0.000000,C-06,0,0,0,1,1,0,0.007138,0.057596,0.7708,0.7363,0.2705,2,ok
0,2814,312.780000,4.029617,0.187589,1.668660,0.005404,0.036781,8.025819,0.219433,0.444208,0.294458,-0.149750,1.000000,1.000000,0.000000,C-06,0,0,0,1,1,0,0.004505,0.125079,0.7500,0.8100,0.2758,2,ok
0,2815,312.880000,4.028193,0.209452,1.696983,0.005422,0.031638,8.047928,0.218759,0.688145,0.444458,-0.243688,1.000000,1.000000,0.000000,C-06,0,0,0,1,1,0,0.005850,0.064698,0.7708,0.7909,0.2759,2,ok
0,2816,312.980000,4.026675,0.230688,1.724670,0.004947,0.059324,8.069213,0.212272,0.428185,0.428185,0.000000,0.972880,0.972880,0.000000,,0,0,0,1,1,0,0.008619,-0.093056,0.7292,0.7473,0.2714,2,ok
0,2817,313.100000,4.023543,0.256649,1.746720,0.005637,0.081375,8.095352,0.218555,-0.324573,0.278185,0.602758,1.000000,1.000000,0.000000,C-06,0,0,0,1,1,0,0.008250,0.170109,0.7083,0.8069,0.2752,2,ok
0,2818,313.220000,4.019337,0.282615,1.757172,0.006482,0.057186,8.121867,0.219250,-0.493106,0.128185,0.621291,1.000000,1.000000,0.000000,C-06,0,0,0,1,1,0,0.009521,0.101905,0.7083,0.8232,0.2722,2,ok
0,2819,313.340000,4.014492,0.308558,1.756297,0.007863,0.056311,8.148222,0.220011,-0.236677,-0.021815,0.214862,1.000000,1.000000,0.000000,C-06,0,0,0,1,1,0,0.006384,0.149824,0.7500,0.9142,0.2747,2,ok
0,2820,313.440000,4.010427,0.330178,1.758077,0.008455,0.023407,8.170479,0.219946,0.032435,0.032435,0.000000,1.000000,1.000000,0.000000,,0,0,0,1,1,0,0.010715,0.025335,0.8125,0.8607,0.2697,2,ok
0,2821,313.540000,4.006362,0.351773,1.768633,0.008907,0.033963,8.192449,0.219531,0.200577,0.182435,-0.018141,1.000000,1.000000,0.000000,C-06,0,0,0,1,1,0,0.009254,0.016923,0.8333,0.9041,0.2708,2,ok
0,2822,313.660000,4.001484,0.377596,1.792444,0.009077,0.024550,8.219019,0.218486,0.516035,0.332435,-0.183599,1.000000,1.000000,0.000000,C-06,0,0,0,1,1,0,0.005413,0.173008,0.8125,1.0117,0.2746,2,ok
0,2823,313.780000,3.996530,0.403275,1.817568,0.008899,0.049674,8.245171,0.217715,0.345073,0.345073,0.000000,1.000000,1.000000,0.000000,,0,0,0,1,1,0,0.006965,0.171220,0.7917,1.0471,0.2722,2,ok
0,2824,313.880000,3.991713,0.424568,1.832113,0.009234,0.031305,8.267305,0.218339,0.234750,0.234750,0.000000,1.000000,1.000000,0.000000,,0,0,0,1,1,0,0.008348,0.246210,0.7500,1.0460,0.2742,2,ok
0,2825,313.980000,3.986243,0.445803,1.837906,0.009707,0.037098,8.289228,0.219370,-0.082043,0.084750,0.166792,1.000000,1.000000,0.000000,C-06,0,0,0,1,1,0,0.007344,0.205098,0.7708,1.0831,0.2744,2,ok
0,2826,314.100000,3.979503,0.471213,1.853844,0.010462,0.053036,8.314577,0.218638,0.324917,0.234750,-0.090168,1.000000,1.000000,0.000000,C-06,0,0,0,1,1,0,0.010274,0.080354,0.7500,1.0500,0.2694,2,ok
0,2827,314.220000,3.972754,0.496469,1.879356,0.010465,0.044872,8.341953,0.217217,0.374565,0.374565,0.000000,1.000000,1.000000,0.000000,,0,0,0,1,1,0,0.006463,0.028655,0.7083,1.1436,0.2766,2,ok
0,2828,314.340000,3.965252,0.521554,1.895568,0.011272,0.061083,8.368123,0.218254,0.121151,0.224565,0.103414,1.000000,1.000000,0.000000,C-06,0,0,0,1,1,0,0.009508,-0.025466,0.7500,1.1190,0.2755,2,ok
0,2829,314.440000,3.958393,0.542384,1.900551,0.011751,0.030390,8.390468,0.219404,-0.344661,0.074565,0.419226,1.000000,1.000000,0.000000,C-06,0,0,0,1,1,0,0.011579,0.043078,0.8125,1.1310,0.2736,2,ok
0,2830,314.540000,3.951280,0.563211,1.896685,0.012460,0.026525,8.412464,0.220238,-0.087571,-0.075435,0.012136,1.000000,1.000000,0.000000,C-06,0,0,0,1,1,0,0.011977,0.040098,0.8125,1.1401,0.2740,2,ok
0,2831,314.660000,3.942830,0.588206,1.901099,0.012649,-0.006486,8.439316,0.219696,0.402469,0.074565,-0.327904,1.000000,1.000000,0.000000,C-06,0,0,0,1,1,0,0.012090,-0.150131,0.7917,1.1370,0.2709,2,ok
0,2832,314.780000,3.934389,0.613049,1.907879,0.012483,0.000294,8.465553,0.213594,0.477154,0.224565,-0.252589,0.971274,0.971274,0.000000,C-06,0,0,0,1,1,0,0.009679,-0.191827,0.7708,1.1921,0.2719,2,ok
0,2833,314.880000,3.927354,0.633647,1.928331,0.011992,-0.019868,8.487830,0.217735,0.677553,0.374565,-0.302987,0.999403,0.999403,0.000000,C-06,0,0,0,1,1,0,0.006187,-0.017144,0.7500,1.2628,0.2762,2,ok
0,2834,314.980000,3.920321,0.653927,1.956763,0.011091,0.008564,8.509276,0.213380,0.706199,0.524565,-0.181634,0.987767,0.987767,0.000000,C-06,0,0,0,1,1,0,0.005481,-0.010860,0.7500,1.2739,0.2750,2,ok
0,2835,315.100000,3.911385,0.677932,1.991925,0.010594,0.043726,8.533359,0.213518,0.536359,0.536359,0.000000,0.988802,0.988802,0.000000,,0,0,0,1,1,0,0.005306,-0.104051,0.7292,1.2968,0.2672,2,ok
0,2836,315.220000,3.901222,0.701747,2.017435,0.010150,0.026466,8.561218,0.216003,-0.036662,0.386359,0.423021,0.994804,0.994804,0.000000,C-06,0,0,0,1,1,0,0.002691,-0.042862,0.7500,1.3182,0.2730,2,ok
0,2837,315.340000,3.890139,0.725455,2.033127,0.010664,0.042157,8.587384,0.218279,-0.347266,0.236359,0.583625,1.000000,1.000000,0.000000,C-06,0,0,0,1,1,0,0.006592,-0.104416,0.8125,1.2671,0.2654,2,ok
0,2838,315.440000,3.880587,0.745051,2.052732,0.010515,0.016248,8.609666,0.217322,0.451411,0.386359,-0.065052,1.000000,1.000000,0.000000,C-06,0,0,0,1,1,0,0.008585,0.122852,0.8333,1.2260,0.2659,2,ok
0,2839,315.540000,3.870672,0.764466,2.067862,0.010718,0.031377,8.631465,0.218096,0.283656,0.283656,0.000000,1.000000,1.000000,0.000000,,0,0,0,1,1,0,0.009213,-0.044545,0.8125,1.2099,0.2656,2,ok
0,2840,315.660000,3.858352,0.787511,2.093770,0.010817,0.009833,8.658120,0.217328,0.582099,0.433656,-0.148443,1.000000,1.000000,0.000000,C-06,0,0,0,1,1,0,0.011337,-0.086438,0.8333,1.1608,0.2601,2,ok
0,2841,315.780000,3.845497,0.810163,2.126955,0.010959,0.043018,8.684165,0.216999,0.559931,0.559931,0.000000,1.000000,1.000000,0.000000,,0,0,0,1,1,0,0.011394,-0.266024,0.7917,1.1814,0.2608,2,ok
0,2842,315.880000,3.834090,0.828724,2.147685,0.011554,0.013930,8.706526,0.218032,0.369908,0.409931,0.040023,1.000000,1.000000,0.000000,C-06,0,0,0,1,1,0,0.014002,-0.213583,0.7500,1.1328,0.2601,2,ok
0,2843,315.980000,3.822195,0.847082,2.160867,0.011850,0.027112,8.728399,0.218855,0.067579,0.259931,0.192352,1.000000,1.000000,0.000000,C-06,0,0,0,1,1,0,0.018673,-0.223298,0.7917,1.0275,0.2573,2,ok
0,2844,316.100000,3.808435,0.867422,2.171317,0.012669,0.037562,8.752943,0.203186,0.175445,0.175445,0.000000,0.925423,0.925423,0.000000,,0,0,0,1,1,0,0.019190,-0.105821,0.7292,1.0135,0.2599,2,ok
0,2845,316.220000,3.793749,0.888834,2.182923,0.012553,-0.002920,8.779564,0.219252,0.203343,0.203343,0.000000,1.000000,1.000000,0.000000,,0,0,0,1,1,0,0.025578,-0.204837,0.7292,0.8767,0.2508,2,ok
0,2846,316.340000,3.778625,0.910175,2.202477,0.012644,0.016633,8.805720,0.217604,0.363465,0.353343,-0.010122,0.993910,0.993910,0.000000,C-06,0,0,0,1,1,0,0.020675,-0.141473,0.7292,0.9340,0.2587,2,ok
0,2847,316.440000,3.766833,0.926137,2.217154,0.012438,-0.022383,8.826247,0.195906,0.310285,0.310285,0.000000,0.890385,0.893910,0.003526,C-06,0,0,0,1,1,0,0.021074,-0.320000,0.8333,0.8429,0.2561,2,ok
0,2848,316.540000,3.755485,0.941020,2.237766,0.012151,-0.001771,8.844961,0.186094,0.481449,0.460285,-0.021165,0.849266,0.849266,0.000000,C-06,0,0,0,1,1,0,0.018793,-0.275046,0.8125,0.8493,0.2594,2,ok
0,2849,316.660000,3.741119,0.958792,2.270475,0.012449,0.030938,8.867810,0.191231,0.863542,0.610285,-0.253257,0.869820,0.869820,0.000000,C-06,0,0,0,1,1,0,0.019669,-0.304291,0.8333,0.7927,0.2592,2,ok
0,2850,316.780000,3.724817,0.977682,2.295979,0.012285,0.001492,8.893468,0.213289,0.393299,0.460285,0.066986,0.966710,0.966710,0.000000,C-06,0,0,0,1,1,0,0.019246,-0.320000,0.7708,0.7805,0.2601,2,ok
0,2851,316.880000,3.710071,0.993887,2.323775,0.012614,0.029288,8.915375,0.221216,0.619915,0.610285,-0.009630,1.000000,1.000000,0.000000,C-06,0,0,0,1,1,0,0.020539,-0.320000,0.7917,0.7162,0.2601,2,ok
0,2852,316.980000,3.694790,1.009804,2.354066,0.012941,0.003198,8.938162,0.220142,0.636902,0.636902,0.000000,1.000000,1.000000,0.000000,,0,0,0,1,1,0,0.021174,-0.320000,0.7500,0.6823,0.2642,2,ok
0,2853,317.100000,3.677682,1.026555,2.382720,0.013342,0.031852,8.962102,0.197267,0.381994,0.486902,0.104908,0.892722,0.900000,0.007278,C-06,0,0,0,1,1,0,0.021628,-0.320000,0.7708,0.6508,0.2675,2,ok
0,2854,317.220000,3.658968,1.044059,2.402155,0.014138,-0.005390,8.988518,0.218019,-0.026340,0.336902,0.363242,0.994529,0.994529,0.000000,C-06,0,0,0,1,1,0,0.025101,-0.223795,0.7292,0.5690,0.2634,2,ok
0,2855,317.340000,3.639430,1.061733,2.412995,0.014119,0.005449,9.014863,0.219694,-0.371183,0.186902,0.558085,1.000000,1.000000,0.000000,C-06,0,0,0,1,1,0,0.023726,-0.173765,0.7292,0.5689,0.2651,2,ok
0,2856,317.440000,3.623005,1.076359,2.415238,0.014276,0.007693,9.036856,0.219946,-0.096774,0.036902,0.133676,1.000000,1.000000,0.000000,C-06,0,0,0,1,1,0,0.020086,-0.308935,0.8125,0.5711,0.2658,2,ok
0,2857,317.540000,3.607178,1.090318,2.423311,0.013528,-0.040745,9.058782,0.210266,0.353699,0.186902,-0.166797,0.956604,0.956604,0.000000,C-06,0,0,0,1,1,0,0.015801,-0.320000,0.8125,0.5835,0.2673,2,ok
0,2858,317.660000,3.589913,1.105146,2.441113,0.012760,-0.022943,9.081528,0.188476,0.439328,0.336902,-0.102427,0.845050,0.856604,0.011554,C-06,0,0,0,1,1,0,0.014968,-0.320000,0.8125,0.5143,0.2633,2,ok
0,2859,317.780000,3.571066,1.120663,2.466977,0.012004,-0.052687,9.106613,0.207793,0.874685,0.486902,-0.387783,0.941856,0.941856,0.000000,C-06,0,0,0,1,1,0,0.011475,-0.303127,0.7917,0.5308,0.2668,2,ok
0,2860,317.880000,3.554003,1.133919,2.495835,0.011143,-0.023829,9.128204,0.218988,0.936180,0.636902,-0.299278,0.990336,0.990336,0.000000,C-06,0,0,0,1,1,0,0.011095,-0.320000,0.7708,0.5099,0.2639,2,ok
0,2861,317.980000,3.536294,1.147168,2.519298,0.010664,-0.000366,9.150315,0.221602,0.354500,0.486902,0.132401,1.000000,1.000000,0.000000,C-06,0,0,0,1,1,0,0.011824,-0.320000,0.7500,0.4712,0.2632,2,ok
0,2862,318.100000,3.514683,1.162610,2.540117,0.009449,-0.031439,9.177437,0.221434,0.355661,0.355661,0.000000,1.000000,1.000000,0.000000,,0,0,0,1,1,0,0.011739,-0.262282,0.7500,0.4368,0.2617,2,ok
0,2863,318.220000,3.492809,1.177615,2.554296,0.008487,-0.017260,9.203945,0.221065,0.236500,0.236500,0.000000,1.000000,1.000000,0.000000,,0,0,0,1,1,0,0.010656,-0.215030,0.7708,0.4373,0.2637,2,ok
0,2864,318.340000,3.470757,1.192307,2.564446,0.006917,-0.052871,9.230816,0.220818,0.169829,0.169829,0.000000,1.000000,1.000000,0.000000,,0,0,0,1,1,0,0.006442,-0.194538,0.7708,0.4592,0.2668,2,ok
0,2865,318.440000,3.453093,1.203780,2.566325,0.005603,-0.050993,9.251838,0.209894,0.028071,0.028071,0.000000,0.954161,0.954161,0.000000,,0,0,0,1,1,0,0.004764,-0.258926,0.7500,0.4240,0.2633,2,ok
0,2866,318.540000,3.436403,1.214569,2.574027,0.004238,-0.084719,9.271842,0.198058,0.168850,0.168850,0.000000,0.897388,0.897388,0.000000,,0,0,0,1,1,0,0.004764,-0.258926,0.7500,0.4240,0.2633,2,ok
0,2867,318.660000,3.415812,1.227663,2.575658,0.002015,-0.083088,9.296141,0.204043,-0.003021,0.018850,0.021871,0.927533,0.927533,0.000000,C-06,0,0,0,1,1,0,0.000588,-0.270427,0.8333,0.4129,0.2653,2,ok
0,2868,318.780000,3.395759,1.240360,2.585082,-0.000101,-0.073664,9.319782,0.197727,0.519482,0.168850,-0.350632,0.895199,0.895199,0.000000,C-06,0,0,0,1,1,0,-0.003798,-0.285124,0.8125,0.4137,0.2646,2,ok
0,2869,318.880000,3.377598,1.251232,2.600359,-0.002002,-0.093807,9.340856,0.217902,0.924344,0.318850,-0.605494,1.000000,0.995199,-0.004801,C-06,0,0,0,1,1,0,-0.006161,-0.275333,0.7708,0.4146,0.2622,2,ok
0,2870,318.980000,3.358628,1.262389,2.623379,-0.003862,-0.070788,9.362786,0.221200,0.684453,0.468850,-0.215603,1.000000,1.000000,0.000000,C-06,0,0,0,1,1,0,-0.010722,-0.189392,0.6875,0.4471,0.2694,2,ok
0,2871,319.100000,3.335636,1.275733,2.650721,-0.006415,-0.073346,9.389079,0.221940,0.442660,0.442660,0.000000,0.994613,0.994613,0.000000,,0,0,0,1,1,0,-0.010394,-0.188751,0.6875,0.4365,0.2662,2,ok
0,2872,319.220000,3.312208,1.288627,2.675829,-0.008809,-0.048238,9.415713,0.222994,0.398646,0.398646,0.000000,1.000000,1.000000,0.000000,,0,0,0,1,1,0,-0.008678,-0.254276,0.6875,0.3950,0.2622,2,ok
0,2873,319.340000,3.288645,1.300895,2.699734,-0.010911,-0.052037,9.441944,0.221331,0.374575,0.374575,0.000000,0.992659,0.992659,0.000000,,0,0,0,1,1,0,-0.012063,-0.178148,0.7292,0.3992,0.2686,2,ok
0,2874,319.440000,3.269266,1.310567,2.722198,-0.012535,-0.029573,9.463542,0.216290,0.421588,0.421588,0.000000,0.967464,0.967464,0.000000,,0,0,0,1,1,0,-0.012174,-0.192518,0.7500,0.3879,0.2660,2,ok
0,2875,319.540000,3.249771,1.319636,2.737428,-0.013558,-0.014343,9.482149,0.214954,0.197895,0.271588,0.073693,0.966924,0.966924,0.000000,C-06,0,0,0,1,1,0,-0.012818,-0.176998,0.8125,0.4008,0.2682,2,ok
0,2876,319.660000,3.225540,1.330006,2.746016,-0.014685,-0.031770,9.511031,0.220540,-0.129803,0.121588,0.251391,1.000000,1.000000,0.000000,C-06,0,0,0,1,1,0,-0.012559,-0.174518,0.8333,0.3912,0.2660,2,ok
0,2877,319.780000,3.202716,1.339580,2.744825,-0.015504,-0.032961,9.535228,0.205099,-0.193698,-0.028412,0.165286,0.932118,0.932118,0.000000,C-06,0,0,0,1,1,0,-0.015225,-0.138697,0.7917,0.3960,0.2697,2,ok
0,2878,319.880000,3.184981,1.346997,2.750851,-0.016655,-0.051413,9.554533,0.191363,0.593473,0.121588,-0.471885,0.868075,0.868075,0.000000,C-06,0,0,0,1,1,0,-0.015473,-0.162984,0.7708,0.3530,0.2604,2,ok
0,2879,319.980000,3.165796,1.354375,2.765148,-0.017280,-0.037116,9.575078,0.211366,0.519550,0.271588,-0.247962,0.984535,0.968075,-0.016460,C-06,0,0,0,1,1,0,-0.016678,-0.166568,0.7500,0.3479,0.2631,2,ok
0,2880,320.100000,3.141616,1.363255,2.792780,-0.017920,-0.032436,9.600484,0.215832,0.597977,0.421588,-0.176389,0.981099,0.981099,0.000000,C-06,0,0,0,1,1,0,-0.017953,-0.153672,0.7292,0.3646,0.2610,2,ok
0,2881,320.220000,3.116899,1.372133,2.831126,-0.018651,0.005909,9.626736,0.220245,0.706006,0.571588,-0.134418,0.990880,0.990880,0.000000,C-06,0,0,0,1,1,0,-0.016498,-0.133130,0.7083,0.3587,0.2622,2,ok
0,2882,320.340000,3.091679,1.380988,2.861229,-0.019517,0.013307,9.652959,0.223354,0.209091,0.421588,0.212497,0.999092,0.999092,0.000000,C-06,0,0,0,1,1,0,-0.013579,-0.072988,0.6667,0.3382,0.2662,2,ok
0,2883,320.440000,3.070487,1.387702,2.878128,-0.019867,0.030205,9.675186,0.222180,-0.604739,0.271588,0.876327,1.000000,1.000000,0.000000,C-06,0,0,0,1,1,0,-0.011793,-0.074814,0.7917,0.3202,0.2679,2,ok
0,2884,320.540000,3.049222,1.393732,2.886152,-0.019600,0.017854,9.696935,0.220932,-0.677356,0.121588,0.798945,1.000000,1.000000,0.000000,C-06,0,0,0,1,1,0,-0.011043,-0.054470,0.8125,0.3228,0.2669,2,ok
0,2885,320.660000,3.023653,1.400683,2.893839,-0.019398,0.025542,9.723431,0.220795,0.105594,0.105594,0.000000,1.000000,1.000000,0.000000,,0,0,0,1,1,0,-0.010980,-0.049700,0.8542,0.3236,0.2670,2,ok
0,2886,320.780000,2.998007,1.407478,2.911560,-0.019024,0.043262,9.746404,0.221513,0.383617,0.255594,-0.128023,1.000000,1.000000,0.000000,C-06,0,0,0,1,1,0,-0.011385,-0.052250,0.8333,0.3348,0.2665,2,ok
0,2887,320.880000,2.976567,1.412767,2.918765,-0.018908,0.029240,9.771612,0.220754,0.102659,0.105594,0.002935,1.000000,1.000000,0.000000,C-06,0,0,0,1,1,0,-0.010383,-0.045034,0.8125,0.3337,0.2670,2,ok
0,2888,320.980000,2.955112,1.417646,2.917467,-0.018315,0.027941,9.793606,0.219922,-0.032502,-0.032502,0.000000,1.000000,1.000000,0.000000,,0,0,0,1,1,0,-0.010162,-0.031811,0.7708,0.3359,0.2658,2,ok
0,2889,321.100000,2.929397,1.423468,2.908641,-0.017911,-0.000673,9.819683,0.219509,-0.126795,-0.126795,0.000000,1.000000,1.000000,0.000000,,0,0,0,1,1,0,-0.010485,-0.049121,0.7500,0.3281,0.2636,2,ok
0,2890,321.220000,2.905528,1.429126,2.909651,-0.017860,0.000337,9.844213,0.203385,0.381489,0.023205,-0.358284,0.924169,0.924169,0.000000,C-06,0,0,0,1,1,0,-0.010473,-0.060290,0.7500,0.3209,0.2645,2,ok
0,2891,321.340000,2.882273,1.434692,2.921486,-0.018262,-0.007466,9.867692,0.199074,0.672235,0.173205,-0.499030,0.901892,0.901892,0.000000,C-06,0,0,0,1,1,0,-0.012632,-0.083815,0.7083,0.3250,0.2667,2,ok
0,2892,321.440000,2.862120,1.439315,2.940577,-0.018565,0.011626,9.888366,0.208518,0.700630,0.323205,-0.377425,0.943448,0.943448,0.000000,C-06,0,0,0,1,1,0,-0.013099,-0.085120,0.7292,0.3183,0.2648,2,ok
0,2893,321.540000,2.840723,1.443920,2.969446,-0.018707,0.021908,9.909905,0.221519,0.475015,0.473205,-0.001810,1.000000,1.000000,0.000000,C-06,0,0,0,1,1,0,-0.012243,-0.079440,0.7917,0.3170,0.2645,2,ok
0,2894,321.660000,2.814648,1.449436,3.000189,-0.019142,0.052650,9.936553,0.222452,0.396659,0.396659,0.000000,1.000000,1.000000,0.000000,,0,0,0,1,1,0,-0.009859,-0.060406,0.8125,0.2979,0.2638,2,ok
0,2895,321.780000,2.788476,1.454001,3.020049,-0.018741,0.053173,9.962793,0.221287,0.237853,0.246659,0.008806,1.000000,1.000000,0.000000,C-06,0,0,0,1,1,0,-0.007905,-0.024225,0.8333,0.3065,0.2651,2,ok
0,2896,321.880000,2.766628,1.456979,3.026981,-0.017872,0.060105,9.984825,0.220440,0.033564,0.096659,0.063095,1.000000,1.000000,0.000000,C-06,0,0,0,1,1,0,-0.006285,0.011925,0.7708,0.3238,0.2676,2,ok
0,2897,321.980000,2.744775,1.459514,3.024213,-0.016565,0.057337,10.006786,0.219928,-0.310805,-0.053341,0.257464,1.000000,1.000000,0.000000,C-06,0,0,0,1,1,0,-0.006436,0.034052,0.8333,0.3547,0.2664,2,ok
0,2898,322.100000,2.718560,1.462544,3.022551,-0.015412,0.037289,10.032866,0.219917,-0.019167,-0.019167,0.000000,1.000000,1.000000,0.000000,,0,0,0,1,1,0,-0.005667,0.015261,0.7500,0.3389,0.2657,2,ok
0,2899,322.220000,2.692365,1.465597,3.010297,-0.014315,0.025035,10.059216,0.219602,-0.177881,-0.169167,0.008714,1.000000,1.000000,0.000000,C-06,0,0,0,1,1,0,-0.005056,-0.004079,0.7083,0.3198,0.2646,2,ok
0,2900,322.340000,2.666196,1.468988,3.008316,-0.014039,0.005318,10.085323,0.219909,0.415854,-0.019167,-0.435021,1.000000,1.000000,0.000000,C-06,0,0,0,1,1,0,-0.010498,0.019823,0.7292,0.4031,0.2727,2,ok
0,2901,322.440000,2.646229,1.471575,3.015657,-0.013852,0.012659,10.105457,0.199280,0.521377,0.130833,-0.390544,0.905545,0.905545,0.000000,C-06,0,0,0,1,1,0,-0.009396,-0.012623,0.7917,0.3820,0.2716,2,ok
0,2902,322.540000,2.626271,1.474130,3.033153,-0.013874,0.011677,10.125312,0.201626,0.418374,0.280833,-0.137541,0.914566,0.914566,0.000000,C-06,0,0,0,1,1,0,-0.009070,-0.040406,0.8125,0.3532,0.2684,2,ok
0,2903,322.660000,2.600446,1.477170,3.066641,-0.013829,0.045166,10.151316,0.220807,0.559806,0.430833,-0.128973,1.000000,1.000000,0.000000,C-06,0,0,0,1,1,0,-0.011037,-0.024362,0.8125,0.4427,0.2701,2,ok
0,2904,322.780000,2.574099,1.480113,3.090137,-0.013817,0.050966,10.177614,0.220878,0.223126,0.280833,0.057707,1.000000,1.000000,0.000000,C-06,0,0,0,1,1,0,-0.005543,0.034481,0.7708,0.3858,0.2713,2,ok
0,2905,322.880000,2.552122,1.481708,3.099967,-0.013133,0.060796,10.199638,0.220288,-0.102885,0.130833,0.233718,1.000000,1.000000,0.000000,C-06,0,0,0,1,1,0,-0.004172,0.053983,0.7708,0.3803,0.2704,2,ok
0,2906,322.980000,2.530141,1.482655,3.099487,-0.011887,0.042647,10.221351,0.219992,-0.222260,-0.019167,0.203093,1.000000,1.000000,0.000000,C-06,0,0,0,1,1,0,-0.004929,0.072120,0.7708,0.4319,0.2653,3,ok
0,2907,323.100000,2.503770,1.483741,3.089894,-0.010795,0.033054,10.247722,0.219897,-0.124762,-0.124762,0.000000,1.000000,1.000000,0.000000,,0,0,0,1,1,0,-0.007542,0.099886,0.7917,0.5081,0.2691,2,ok
0,2908,323.220000,2.477415,1.484826,3.076673,-0.009761,0.002577,10.273946,0.219732,-0.164966,-0.164966,0.000000,1.000000,1.000000,0.000000,,0,0,0,1,1,0,-0.004873,0.075603,0.7292,0.4366,0.2696,2,ok
0,2909,323.340000,2.451073,1.486467,3.074640,-0.009579,0.000544,10.300339,0.219961,0.435840,-0.014966,-0.450806,1.000000,1.000000,0.000000,C-06,0,0,0,1,1,0,-0.013233,0.083224,0.7708,0.5905,0.2720,2,ok
0,2910,323.440000,2.429116,1.487908,3.083104,-0.009500,0.009008,10.321901,0.220091,0.816444,0.135034,-0.681410,1.000000,1.000000,0.000000,C-06,0,0,0,1,1,0,-0.011497,0.032388,0.7708,0.5571,0.2725,2,ok
0,2911,323.540000,2.407676,1.489359,3.101543,-0.009890,0.009824,10.343644,0.214256,0.517273,0.285034,-0.232239,0.972473,0.972473,0.000000,C-06,0,0,0,1,1,0,-0.012193,0.021281,0.8125,0.5718,0.2653,2,ok
0,2912,323.660000,2.381355,1.491092,3.128058,-0.010311,0.036338,10.370019,0.220449,0.319646,0.319646,0.000000,1.000000,1.000000,0.000000,,0,0,0,1,1,0,-0.012177,0.020828,0.8542,0.6202,0.2696,2,ok
0,2913,323.780000,2.354955,1.492133,-3.140103,-0.010418,0.034479,10.396262,0.220112,0.058116,0.169646,0.111531,1.000000,1.000000,0.000000,C-06,0,0,0,1,1,0,-0.009211,0.064131,0.7917,0.5960,0.2685,2,ok
0,2914,323.880000,2.332957,1.492807,-3.120868,-0.010374,0.053714,10.418271,0.220060,0.282121,0.282121,0.000000,1.000000,1.000000,0.000000,,0,0,0,1,1,0,-0.009211,0.064131,0.7917,0.5960,0.2685,2,ok
0,2915,323.980000,2.310965,1.492985,-3.107629,-0.010074,0.049291,10.440085,0.219878,0.182209,0.182209,0.000000,1.000000,1.000000,0.000000,,0,0,0,1,1,0,-0.005335,0.079803,0.7917,0.5765,0.2636,2,ok
0,2916,324.100000,2.284583,1.492236,-3.104224,-0.008921,0.052696,10.466453,0.219955,-0.243730,0.032209,0.275939,1.000000,1.000000,0.000000,C-06,0,0,0,1,1,0,-0.002407,0.089110,0.7708,0.5812,0.2668,2,ok
0,2917,324.220000,2.258197,1.491286,-3.113219,-0.007814,0.026471,10.492688,0.220053,-0.404774,-0.117791,0.286983,1.000000,1.000000,0.000000,C-06,0,0,0,1,1,0,-0.000450,0.074103,0.7500,0.5491,0.2666,2,ok
0,2918,324.340000,2.231805,1.490330,-3.122904,-0.006908,0.016786,10.519082,0.220104,-0.115710,-0.115710,0.000000,1.000000,1.000000,0.000000,,0,0,0,1,1,0,0.002989,0.014644,0.7917,0.5137,0.2642,2,ok
0,2919,324.440000,2.209809,1.489900,-3.121270,-0.006698,0.000415,10.540965,0.219992,0.288627,0.034290,-0.254338,1.000000,1.000000,0.000000,C-06,0,0,0,1,1,0,0.000292,-0.011824,0.8125,0.5565,0.2693,2,ok
0,2920,324.540000,2.187816,1.489498,-3.109504,-0.006718,0.012181,10.562961,0.219928,0.877033,0.184290,-0.692743,1.000000,1.000000,0.000000,C-06,0,0,0,1,1,0,0.003323,-0.095126,0.8125,0.4696,0.2646,2,ok
0,2921,324.660000,2.161444,1.489015,-3.082690,-0.006853,0.021798,10.589221,0.219671,0.676301,0.334290,-0.342012,1.000000,1.000000,0.000000,C-06,0,0,0,1,1,0,0.001787,-0.061037,0.7917,0.5177,0.2649,2,ok
0,2922,324.780000,2.135120,1.488531,-3.049520,-0.007327,0.054968,10.615545,0.219136,0.416857,0.416857,0.000000,1.000000,1.000000,0.000000,,0,0,0,1,1,0,0.005594,-0.104507,0.8125,0.4459,0.2662,2,ok
0,2923,324.880000,2.113233,1.487353,-3.031089,-0.006945,0.073399,10.635044,0.219135,0.014045,0.266857,0.252812,1.000000,1.000000,0.000000,C-06,0,0,0,1,1,0,0.008005,-0.068711,0.8125,0.4175,0.2619,2,ok
0,2924,324.980000,2.091379,1.485303,-3.022712,-0.006202,0.063116,10.659250,0.219532,-0.261059,0.116857,0.377916,1.000000,1.000000,0.000000,C-06,0,0,0,1,1,0,0.010636,-0.050314,0.7708,0.3913,0.2675,2,ok
0,2925,325.100000,2.065163,1.482218,-3.024506,-0.004626,0.061322,10.685599,0.220030,-0.586914,-0.033143,0.553771,1.000000,1.000000,0.000000,C-06,0,0,0,1,1,0,0.013299,-0.070759,0.7500,0.3313,0.2641,2,ok
0,2926,325.220000,2.038929,1.479100,-3.035434,-0.003344,0.028451,10.711927,0.220287,-0.147510,-0.147510,0.000000,1.000000,1.000000,0.000000,,0,0,0,1,1,0,0.012623,-0.100784,0.6875,0.3387,0.2671,2,ok
0,2927,325.340000,2.012676,1.476299,-3.036031,-0.002402,0.027855,10.738312,0.219998,0.400225,0.002490,-0.397735,1.000000,1.000000,0.000000,C-06,0,0,0,1,1,0,0.008864,-0.125240,0.7708,0.3606,0.2676,2,ok
0,2928,325.440000,1.990808,1.473983,-3.026882,-0.002140,0.011010,10.760242,0.219791,0.401501,0.152490,-0.249011,1.000000,1.000000,0.000000,C-06,0,0,0,1,1,0,0.008804,-0.141841,0.7917,0.3013,0.2652,2,ok
0,2929,325.540000,1.969934,1.471683,-3.008614,-0.001835,0.029278,10.781241,0.208252,0.785636,0.302490,-0.483146,0.949057,0.949057,0.000000,C-06,0,0,0,1,1,0,0.004897,-0.152959,0.8542,0.3593,0.2680,2,ok
0,2930,325.660000,1.944027,1.468907,-2.974683,-0.002002,0.034626,10.807235,0.218232,0.660562,0.452490,-0.208072,1.000000,1.000000,0.000000,C-06,0,0,0,1,1,0,0.007348,-0.136938,0.7708,0.2866,0.2647,2,ok
0,2931,325.780000,1.918049,1.465460,-2.950980,-0.001923,0.058329,10.833440,0.218333,0.212420,0.302490,0.090070,1.000000,1.000000,0.000000,C-06,0,0,0,1,1,0,0.010264,-0.129310,0.8125,0.2468,0.2660,2,ok
0,2932,325.880000,1.896470,1.461710,-2.940882,-0.001257,0.037020,10.855280,0.219067,-0.358760,0.152490,0.511250,1.000000,1.000000,0.000000,C-06,0,0,0,1,1,0,0.010290,-0.086781,0.7917,0.2557,0.2651,2,ok
0,2933,325.980000,1.874915,1.457352,-2.940075,-0.000528,0.037827,10.877259,0.219984,-0.306184,0.002490,0.308674,1.000000,1.000000,0.000000,C-06,0,0,0,1,1,0,0.013359,-0.118019,0.7708,0.1788,0.2629,2,ok
0,2934,326.100000,1.849025,1.452068,-2.950202,0.000396,0.027700,10.902206,0.220406,-0.204843,-0.147510,0.057333,1.000000,1.000000,0.000000,C-06,0,0,0,1,1,0,0.010472,-0.098536,0.7292,0.2169,0.2633,2,ok
0,2935,326.220000,1.823093,1.446870,-2.955322,0.000280,-0.008389,10.930127,0.220390,-0.061629,-0.061629,0.000000,1.000000,1.000000,0.000000,,0,0,0,1,1,0,0.009675,-0.100872,0.7500,0.2097,0.2650,2,ok
0,2936,326.340000,1.797162,1.441969,-2.949504,-0.000077,-0.002572,10.955981,0.219768,0.448250,0.088371,-0.359879,1.000000,1.000000,0.000000,C-06,0,0,0,1,1,0,0.005364,-0.150560,0.8333,0.1839,0.2637,2,ok
0,2937,326.440000,1.776927,1.438019,-2.936258,-0.000810,-0.017060,10.977117,0.203896,0.830977,0.238371,-0.592606,0.928690,0.928690,0.000000,C-06,0,0,0,1,1,0,0.002928,-0.136979,0.7917,0.2081,0.2676,2,ok
0,2938,326.540000,1.757031,1.434080,-2.913295,-0.001463,0.005904,10.997388,0.202269,0.906990,0.388371,-0.518619,0.925549,0.925549,0.000000,C-06,0,0,0,1,1,0,0.002760,-0.152775,0.7917,0.1880,0.2651,2,ok
0,2939,326.660000,1.731777,1.429177,-2.882845,-0.002697,0.011702,11.023041,0.217181,0.422044,0.422044,0.000000,1.000000,1.000000,0.000000,,0,0,0,1,1,0,0.004822,-0.160450,0.8125,0.1254,0.2649,2,ok
0,2940,326.780000,1.706326,1.423127,-2.862823,-0.003134,0.031724,11.049197,0.218026,-0.052499,0.272044,0.324544,1.000000,1.000000,0.000000,C-06,0,0,0,1,1,0,0.006608,-0.100432,0.8125,0.1185,0.2681,2,ok
0,2941,326.880000,1.685202,1.417358,-2.854891,-0.002936,0.019050,11.071042,0.219072,-0.330653,0.122044,0.452697,1.000000,1.000000,0.000000,C-06,0,0,0,1,1,0,0.006507,-0.083535,0.7708,0.1226,0.2635,3,ok
0,2942,326.980000,1.664099,1.411154,-2.855820,-0.002532,0.018121,11.093034,0.220078,-0.330965,-0.027956,0.303009,1.000000,1.000000,0.000000,C-06,0,0,0,1,1,0,0.006483,-0.058456,0.7500,0.1198,0.2677,3,ok
0,2943,327.100000,1.638730,1.403712,-2.867588,-0.002178,-0.011369,11.119421,0.220645,-0.182131,-0.177956,0.004175,1.000000,1.000000,0.000000,C-06,0,0,0,1,1,0,0.005684,-0.069078,0.7292,0.1177,0.2648,3,ok
0,2944,327.220000,1.613302,1.396502,-2.870386,-0.002530,-0.014167,11.145849,0.220215,0.359655,-0.027956,-0.387611,1.000000,1.000000,0.000000,C-06,0,0,0,1,1,0,0.004281,-0.084282,0.7500,0.1035,0.2694,2,ok
0,2945,327.340000,1.587893,1.389427,-2.862408,-0.003085,-0.022373,11.172179,0.219557,0.686363,0.122044,-0.564318,1.000000,1.000000,0.000000,C-06,0,0,0,1,1,0,0.004279,-0.128708,0.8542,0.0461,0.2639,2,ok
0,2946,327.440000,1.566789,1.383536,-2.847177,-0.003767,-0.007142,11.194079,0.218675,0.763791,0.272044,-0.491747,1.000000,1.000000,0.000000,C-06,0,0,0,1,1,0,0.003638,-0.130508,0.8125,0.0343,0.2680,2,ok
0,2947,327.540000,1.545773,1.377534,-2.835901,-0.004317,0.004133,11.215929,0.218556,0.187976,0.187976,0.000000,1.000000,1.000000,0.000000,,0,0,0,1,1,0,0.003173,-0.100383,0.8333,0.0316,0.2647,3,ok
0,2948,327.660000,1.520640,1.369937,-2.825191,-0.004886,0.000786,11.242122,0.218812,0.151903,0.151903,0.000000,1.000000,1.000000,0.000000,,0,0,0,1,1,0,0.002319,-0.086942,0.7708,0.0565,0.2673,2,ok
0,2949,327.780000,1.495556,1.361741,-2.824366,-0.004898,0.001611,11.268511,0.219985,-0.044467,0.001903,0.046371,1.000000,1.000000,0.000000,C-06,0,0,0,1,1,0,0.003469,-0.079376,0.8125,0.0104,0.2660,3,ok
0,2950,327.880000,1.474642,1.354880,-2.828383,-0.005187,-0.013430,11.290448,0.220242,-0.075431,-0.075431,0.000000,1.000000,1.000000,0.000000,,0,0,0,1,1,0,0.001373,-0.050197,0.7500,0.0383,0.2646,3,ok
0,2951,327.980000,1.453680,1.348018,-2.838243,-0.005509,-0.023291,11.312502,0.220848,-0.175882,-0.175882,0.000000,1.000000,1.000000,0.000000,,0,0,0,1,1,0,0.002027,-0.088628,0.7708,-0.0032,0.2655,2,ok
0,2952,328.100000,1.428476,1.340071,-2.840408,-0.006307,-0.034976,11.338877,0.220206,-0.003126,-0.025882,-0.022756,1.000000,1.000000,0.000000,C-06,0,0,0,1,1,0,0.002027,-0.088628,0.7708,-0.0032,0.2655,2,ok
0,2953,328.220000,1.403293,1.332237,-2.832425,-0.007264,-0.026994,11.365233,0.219515,0.644087,0.124118,-0.519969,1.000000,1.000000,0.000000,C-06,0,0,0,1,1,0,-0.001199,-0.125096,0.7917,-0.0260,0.2662,3,ok
0,2954,328.340000,1.378216,1.324408,-2.814205,-0.008323,-0.017000,11.391431,0.218351,0.787536,0.274118,-0.513418,1.000000,1.000000,0.000000,C-06,0,0,0,1,1,0,-0.002972,-0.104674,0.8125,-0.0200,0.2664,3,ok
0,2955,328.440000,1.357457,1.317875,-2.793616,-0.009189,0.003589,11.413177,0.217157,0.368692,0.368692,0.000000,1.000000,1.000000,0.000000,,0,0,0,1,1,0,-0.001998,-0.086859,0.8333,-0.0472,0.2664,3,ok
0,2956,328.540000,1.336827,1.310777,-2.780567,-0.009555,0.010198,11.434933,0.218269,0.097529,0.218692,0.121162,1.000000,1.000000,0.000000,C-06,0,0,0,1,1,0,-0.001802,-0.055924,0.8125,-0.0313,0.2663,3,ok
0,2957,328.660000,1.312156,1.301595,-2.775342,-0.009415,0.015423,11.461257,0.219446,-0.055458,0.068692,0.124150,1.000000,1.000000,0.000000,C-06,0,0,0,1,1,0,-0.000168,-0.038915,0.7917,-0.0565,0.2663,2,ok
0,2958,328.780000,1.287487,1.292153,-2.780195,-0.009118,0.005880,11.487609,0.220329,-0.529162,-0.081308,0.447854,1.000000,1.000000,0.000000,C-06,0,0,0,1,1,0,0.000340,-0.015338,0.7292,-0.0683,0.2649,2,ok
0,2959,328.880000,1.266864,1.284318,-2.792435,-0.008992,-0.006361,11.509670,0.221013,-0.265158,-0.231308,0.033850,1.000000,1.000000,0.000000,C-06,0,0,0,1,1,0,-0.000073,-0.029308,0.7500,-0.0688,0.2698,2,ok
0,2960,328.980000,1.246170,1.276647,-2.797650,-0.009087,-0.015918,11.531687,0.220669,0.417343,-0.081308,-0.498652,1.000000,1.000000,0.000000,C-06,0,0,0,1,1,0,0.000113,-0.063524,0.7292,-0.1187,0.2662,2,ok
0,2961,329.100000,1.221332,1.267732,-2.793595,-0.009577,-0.011864,11.558073,0.219727,0.633728,0.068692,-0.565036,1.000000,1.000000,0.000000,C-06,0,0,0,1,1,0,-0.000685,-0.069858,0.7708,-0.1192,0.2632,2,ok
0,2962,329.220000,1.196573,1.258781,-2.779682,-0.009988,-0.000965,11.584414,0.218914,0.921122,0.218692,-0.702430,1.000000,1.000000,0.000000,C-06,0,0,0,1,1,0,-0.002320,-0.067511,0.7708,-0.1046,0.2683,2,ok
0,2963,329.340000,1.171993,1.249815,-2.755834,-0.010290,0.022883,11.610577,0.217189,0.422170,0.368692,-0.053478,1.000000,1.000000,0.000000,C-06,0,0,0,1,1,0,-0.001869,-0.033791,0.7917,-0.1159,0.2644,2,ok
0,2964,329.440000,1.151665,1.241892,-2.743090,-0.010101,0.033986,11.632342,0.218282,-0.293546,0.218692,0.512238,1.000000,1.000000,0.000000,C-06,0,0,0,1,1,0,-0.000714,-0.028308,0.8125,-0.1374,0.2646,2,ok
0,2965,329.540000,1.131410,1.233471,-2.738659,-0.009497,0.038417,11.654269,0.219454,-1.000000,0.068692,1.068692,1.000000,1.000000,0.000000,C-06,0,0,0,1,1,0,0.003000,0.000643,0.8125,-0.1577,0.2702,2,ok
0,2966,329.660000,1.107103,1.223133,-2.743406,-0.008553,0.034083,11.680670,0.220341,-0.932885,-0.081308,0.851577,1.000000,1.000000,0.000000,C-06,0,0,0,1,1,0,0.003474,0.031312,0.7500,-0.1562,0.2688,3,ok
0,2967,329.780000,1.082699,1.212858,-2.757938,-0.007693,0.019551,11.707135,0.221176,-0.753003,-0.231308,0.521695,1.000000,1.000000,0.000000,C-06,0,0,0,1,1,0,0.005457,0.019605,0.7917,-0.1831,0.2699,2,ok
0,2968,329.880000,1.062244,1.204305,-2.771502,-0.007026,0.005744,11.729299,0.222051,-0.244817,-0.244817,0.000000,1.000000,1.000000,0.000000,,0,0,0,1,1,0,0.006448,-0.013906,0.7500,-0.2307,0.2674,3,ok
0,2969,329.980000,1.041697,1.196071,-2.780653,-0.006682,-0.003407,11.751432,0.221304,-0.156893,-0.156893,0.000000,1.000000,1.000000,0.000000,,0,0,0,1,1,0,0.004415,-0.017938,0.7083,-0.2130,0.2670,3,ok
0,2970,330.100000,1.019301,1.187568,-2.784003,-0.006747,-0.006758,11.775295,0.198313,-0.043432,-0.043432,0.000000,0.889053,0.900000,0.010947,C-06,0,0,0,1,1,0,0.002270,-0.016145,0.7708,-0.1887,0.2665,3,ok
0,2971,330.220000,0.996890,1.179225,-2.777764,-0.006861,0.002155,11.799332,0.199189,0.102993,0.102993,0.000000,0.907881,0.907881,0.000000,,0,0,0,1,1,0,0.004190,-0.049093,0.8542,-0.2526,0.2671,3,ok
0,2972,330.340000,0.972725,1.170043,-2.777674,-0.006808,0.002245,11.825108,0.219968,-0.005945,-0.005945,0.000000,1.000000,1.000000,0.000000,,0,0,0,1,1,0,0.004709,-0.059012,0.8333,-0.2640,0.2705,3,ok
0,2973,330.440000,0.952159,1.162220,-2.779411,-0.006788,0.003475,11.847176,0.220089,-0.033151,-0.033151,0.000000,1.000000,1.000000,0.000000,,0,0,0,1,1,0,0.003803,-0.006826,0.7708,-0.2411,0.2672,3,ok
0,2974,330.540000,0.931552,1.154426,-2.789115,-0.006809,-0.006229,11.869208,0.220650,-0.212605,-0.183151,0.029454,1.000000,1.000000,0.000000,C-06,0,0,0,1,1,0,0.004053,-0.015962,0.7708,-0.2594,0.2655,3,ok
0,2975,330.660000,0.906732,1.145090,-2.798384,-0.006683,-0.011477,11.895789,0.221103,-0.133046,-0.133046,0.000000,1.000000,1.000000,0.000000,,0,0,0,1,1,0,0.004790,-0.039080,0.7500,-0.3042,0.2640,3,ok
0,2976,330.780000,0.881848,1.136055,-2.803462,-0.006810,-0.016554,11.922262,0.220575,-0.070046,-0.070046,0.000000,1.000000,1.000000,0.000000,,0,0,0,1,1,0,0.003903,-0.073005,0.7292,-0.3257,0.2693,3,ok
0,2977,330.880000,0.861055,1.128661,-2.815248,-0.007025,-0.023817,11.944343,0.221048,-0.305454,-0.220046,0.085408,1.000000,1.000000,0.000000,C-06,0,0,0,1,1,0,0.003667,-0.063961,0.7083,-0.3361,0.2686,3,ok
0,2978,330.980000,0.840198,1.121472,-2.819888,-0.007450,-0.028456,11.966400,0.220571,0.286104,-0.070046,-0.356151,1.000000,1.000000,0.000000,C-06,0,0,0,1,1,0,0.005280,-0.086854,0.7708,-0.3791,0.2679,3,ok
0,2979,331.100000,0.815170,1.113112,-2.815011,-0.008101,-0.016843,11.992823,0.219693,0.341601,0.079954,-0.261647,1.000000,1.000000,0.000000,C-06,0,0,0,1,1,0,0.003773,-0.101564,0.8333,-0.4114,0.2673,3,ok
0,2980,331.220000,0.790225,1.104735,-2.800153,-0.008666,-0.001985,12.019131,0.218796,0.251344,0.229954,-0.021390,1.000000,1.000000,0.000000,C-06,0,0,0,1,1,0,0.002459,-0.107256,0.8125,-0.3934,0.2701,3,ok
0,2981,331.340000,0.765378,1.096059,-2.794186,-0.008759,0.010768,12.045510,0.219357,-0.169383,0.079954,0.249337,1.000000,1.000000,0.000000,C-06,0,0,0,1,1,0,0.005523,-0.083289,0.8125,-0.4407,0.2730,3,ok
0,2982,331.440000,0.744682,1.088581,-2.797539,-0.008579,0.007416,12.067515,0.220221,-0.375309,-0.070046,0.305263,1.000000,1.000000,0.000000,C-06,0,0,0,1,1,0,0.005633,-0.064097,0.8125,-0.4458,0.2703,3,ok
0,2983,331.540000,0.723931,1.081121,-2.809261,-0.008263,0.004179,12.089645,0.220883,-0.548000,-0.220046,0.327954,1.000000,1.000000,0.000000,C-06,0,0,0,1,1,0,0.009382,-0.052162,0.7708,-0.5344,0.2700,3,ok
0,2984,331.660000,0.698876,1.072172,-2.834008,-0.007885,-0.020568,12.116248,0.222468,-0.611208,-0.370046,0.241162,1.000000,1.000000,0.000000,C-06,0,0,0,1,1,0,0.009382,-0.052162,0.7708,-0.5344,0.2700,3,ok
0,2985,331.780000,0.673627,1.063432,-2.856659,-0.007554,-0.033126,12.143041,0.222651,-0.319366,-0.319366,0.000000,1.000000,1.000000,0.000000,,0,0,0,1,1,0,0.008429,-0.058486,0.7500,-0.5759,0.2652,3,ok
0,2986,331.880000,0.652479,1.056857,-2.867408,-0.007946,-0.043874,12.165184,0.221348,0.111579,-0.169366,-0.280945,1.000000,1.000000,0.000000,C-06,0,0,0,1,1,0,0.004770,-0.070014,0.7917,-0.5697,0.2665,3,ok
0,2987,331.980000,0.631851,1.050993,-2.869282,-0.008674,-0.034559,12.186702,0.213850,0.226501,-0.019366,-0.245867,0.971370,0.971370,0.000000,C-06,0,0,0,1,1,0,0.002877,-0.107079,0.8125,-0.5770,0.2672,3,ok
0,2988,332.100000,0.606531,1.044068,-2.860727,-0.009771,-0.026004,12.212928,0.219135,0.222506,0.130634,-0.091872,1.000000,1.000000,0.000000,C-06,0,0,0,1,1,0,0.005069,-0.173205,0.8542,-0.6536,0.2704,3,ok
0,2989,332.220000,0.581179,1.036855,-2.857488,-0.010315,-0.010827,12.239417,0.219695,0.039606,0.039606,0.000000,1.000000,1.000000,0.000000,,0,0,0,1,1,0,0.004955,-0.162608,0.7917,-0.6626,0.2716,3,ok
0,2990,332.340000,0.555813,1.029458,-2.864719,-0.010613,-0.018058,12.265838,0.220410,-0.152747,-0.110394,0.042352,1.000000,1.000000,0.000000,C-06,0,0,0,1,1,0,0.002518,-0.002790,0.7292,-0.6227,0.2705,3,ok
0,2991,332.440000,0.534612,1.023289,-2.878681,-0.010612,-0.018699,12.288051,0.221173,-0.244974,-0.244974,0.000000,1.000000,1.000000,0.000000,,0,0,0,1,1,0,0.006768,-0.059494,0.7708,-0.7604,0.2682,3,ok
0,2992,332.540000,0.513323,1.017119,-2.895162,-0.010623,-0.035180,12.310216,0.222047,-0.276797,-0.276797,0.000000,1.000000,1.000000,0.000000,,0,0,0,1,1,0,0.004827,-0.074091,0.7708,-0.7461,0.2675,3,ok
0,2993,332.660000,0.487630,1.009765,-2.925478,-0.010432,-0.051015,12.337082,0.223298,-0.563006,-0.426797,0.136209,1.000000,1.000000,0.000000,C-06,0,0,0,1,1,0,0.004351,-0.019777,0.7292,-0.7339,0.2666,3,ok
0,2994,332.780000,0.461785,1.003274,-2.946762,-0.011048,-0.072299,12.363435,0.221944,0.075966,-0.276797,-0.352764,1.000000,1.000000,0.000000,C-06,0,0,0,1,1,0,0.000634,-0.073313,0.7708,-0.7801,0.2654,3,ok
0,2995,332.880000,0.440182,0.998657,-2.955372,-0.011970,-0.064862,12.385978,0.220822,0.358190,-0.126797,-0.484987,1.000000,1.000000,0.000000,C-06,0,0,0,1,1,0,-0.000869,-0.127064,0.8125,-0.7798,0.2644,3,ok
0,2996,332.980000,0.418562,0.994541,-2.954591,-0.013386,-0.064081,12.407940,0.219999,0.920287,0.023203,-0.897085,1.000000,1.000000,0.000000,C-06,0,0,0,1,1,0,-0.006591,-0.124266,0.8125,-0.7148,0.2634,3,ok
0,2997,333.100000,0.392651,0.989636,-2.942546,-0.014741,-0.034177,12.434497,0.219521,0.684516,0.173203,-0.511314,1.000000,1.000000,0.000000,C-06,0,0,0,1,1,0,-0.007101,-0.021682,0.7708,-0.7300,0.2660,3,ok
0,2998,333.220000,0.366791,0.984647,-2.935856,-0.015945,-0.027487,12.459288,0.219470,0.082943,0.082943,0.000000,1.000000,1.000000,0.000000,,0,0,0,1,1,0,-0.006566,-0.042161,0.7917,-0.7511,0.2619,3,ok
0,2999,333.340000,0.340938,0.979266,-2.940152,-0.016162,-0.012096,12.487556,0.220188,-0.275696,-0.067057,0.208639,1.000000,1.000000,0.000000,C-06,0,0,0,1,1,0,-0.007878,0.100992,0.7500,-0.6984,0.2649,3,ok
0,3000,333.440000,0.319357,0.974766,-2.952849,-0.016298,-0.003870,12.509951,0.220698,-0.319039,-0.217057,0.101982,1.000000,1.000000,0.000000,C-06,0,0,0,1,1,0,-0.008017,0.049632,0.7292,-0.6933,0.2591,3,ok
