episode,step,x,y,yaw,ey,epsi,s,speed,raw_steer,safe_steer,steer_correction,interventions,emergency,joint_envelope_violated,oscillation_persistent,cv_ok,cv_state_available,cv_perception_invalid,cv_ey,cv_epsi,cv_confidence,cv_curvature,cv_lane_width,cv_n_lines,cv_reason
0,1,2.161096,-1.675244,-0.042547,-0.007189,0.007937,5.001928,0.042630,0.085076,0.085076,0.000000,,0,0,0,1,1,0,0.004836,-0.099383,0.6667,0.2545,0.2495,2,ok
0,2,2.170343,-1.675154,-0.034543,-0.006609,0.015942,5.011158,0.106200,0.097548,0.097548,0.000000,,0,0,0,1,1,0,0.005683,-0.097602,0.6667,0.2461,0.2500,2,ok
0,3,2.187221,-1.675085,-0.024013,-0.005646,0.026471,5.028008,0.169817,0.128555,0.128555,0.000000,,0,0,0,1,1,0,0.006905,-0.090308,0.6875,0.2468,0.2496,2,ok
0,4,2.206504,-1.675080,-0.017037,-0.004769,0.023523,5.047216,0.199970,0.097417,0.097417,0.000000,,0,0,0,1,1,0,-0.002602,-0.084903,0.7292,0.6450,0.2685,2,ok
0,5,2.230502,-1.675139,-0.011267,-0.003803,0.029293,5.071194,0.199987,0.066786,0.066786,0.000000,,0,0,0,1,1,0,-0.001118,-0.089478,0.6875,0.6721,0.2682,2,ok
0,6,2.250501,-1.675212,-0.008699,-0.003116,0.019337,5.091136,0.199994,0.034247,0.034247,0.000000,,0,0,0,1,1,0,0.000036,-0.101173,0.6667,0.6959,0.2676,2,ok
0,7,2.270500,-1.675287,0.003349,-0.002610,0.031385,5.111130,0.200001,0.318302,0.184247,-0.134055,C-06,0,0,0,1,1,0,-0.000702,-0.113066,0.6875,0.7336,0.2727,2,ok
0,8,2.294499,-1.675377,0.018878,-0.002002,0.046914,5.135120,0.199968,0.184160,0.184160,0.000000,,0,0,0,1,1,0,0.002258,-0.115526,0.7083,0.7109,0.2683,2,ok
0,9,2.314492,-1.675426,0.031174,-0.001695,0.044436,5.155088,0.199914,0.087914,0.087914,0.000000,,0,0,0,1,1,0,0.003717,-0.108987,0.7708,0.7599,0.2688,2,ok
0,10,2.338476,-1.675103,0.043111,-0.000956,0.056373,5.179063,0.199837,0.147853,0.147853,0.000000,,0,0,0,1,1,0,0.005274,-0.105813,0.7708,0.7717,0.2658,2,ok
0,11,2.358454,-1.674605,0.050594,-0.000326,0.046644,5.199025,0.199831,0.106116,0.106116,0.000000,,0,0,0,1,1,0,0.006505,-0.105718,0.7500,0.7877,0.2657,2,ok
0,12,2.378421,-1.674012,0.064231,0.000229,0.060281,5.218993,0.199686,0.208704,0.208704,0.000000,,0,0,0,1,1,0,0.007254,-0.104088,0.7292,0.8071,0.2683,2,ok
0,13,2.398376,-1.672943,0.069028,0.001260,0.065079,5.238950,0.199855,0.007074,0.058704,0.051629,C-06,0,0,0,1,1,0,0.009154,-0.120339,0.7083,0.8058,0.2637,2,ok
0,14,2.422321,-1.671308,0.065578,0.002418,0.042328,5.262948,0.200043,-0.050239,-0.050239,0.000000,,0,0,0,1,1,0,0.012609,-0.130459,0.7292,0.7509,0.2661,2,ok
0,15,2.442275,-1.669997,0.071591,0.003312,0.048341,5.282925,0.199920,0.219863,0.099761,-0.120102,C-06,0,0,0,1,1,0,0.012594,-0.145439,0.6875,0.7665,0.2623,2,ok
0,16,2.462212,-1.668690,0.087349,0.003976,0.040514,5.302977,0.199681,0.520325,0.249761,-0.270564,C-06,0,0,0,1,1,0,0.012594,-0.145439,0.6875,0.7665,0.2623,2,ok
0,17,2.482112,-1.667384,0.112931,0.004418,0.066096,5.322915,0.199187,0.506839,0.399761,-0.107077,C-06,0,0,0,1,1,0,0.018348,-0.175269,0.6875,0.6787,0.2578,2,ok
0,18,2.505915,-1.665789,0.143089,0.004979,0.096254,5.345933,0.198525,0.385486,0.385486,0.000000,,0,0,0,1,1,0,0.018407,-0.169087,0.7083,0.7199,0.2635,2,ok
0,19,2.529635,-1.663171,0.161917,0.005972,0.089729,5.370727,0.198854,0.099322,0.235486,0.136164,C-06,0,0,0,1,1,0,0.023528,-0.149966,0.7708,0.6565,0.2652,2,ok
0,20,2.549363,-1.660212,0.168028,0.007594,0.095839,5.390609,0.199531,-0.039074,0.085486,0.124561,C-06,0,0,0,1,1,0,0.024911,-0.145343,0.7500,0.6507,0.2644,2,ok
0,21,2.569082,-1.656881,0.167088,0.009214,0.064436,5.410820,0.200040,-0.022558,-0.022558,0.000000,,0,0,0,1,1,0,0.025392,-0.149315,0.7292,0.6543,0.2665,2,ok
0,22,2.588792,-1.653555,0.174549,0.010544,0.071898,5.430764,0.199763,0.152047,0.127442,-0.024605,C-06,0,0,0,1,1,0,0.026866,-0.156482,0.7500,0.6003,0.2641,2,ok
0,23,2.612393,-1.649565,0.190919,0.012143,0.088267,5.453126,0.199190,0.223641,0.223641,0.000000,,0,0,0,1,1,0,0.025510,-0.174921,0.6875,0.6378,0.2639,2,ok
0,24,2.632002,-1.646241,0.205235,0.012877,0.069163,5.474861,0.198638,0.230652,0.230652,0.000000,,0,0,0,1,1,0,0.025866,-0.178152,0.7083,0.6371,0.2632,2,ok
0,25,2.651553,-1.642770,0.219654,0.013810,0.083583,5.494695,0.198529,0.234193,0.234193,0.000000,,0,0,0,1,1,0,0.026628,-0.174807,0.6667,0.6280,0.2650,2,ok
0,26,2.671023,-1.639103,0.242270,0.014631,0.066972,5.515134,0.197658,0.682152,0.384193,-0.297959,C-06,0,0,0,1,1,0,0.026447,-0.172689,0.6667,0.6208,0.2620,2,ok
0,27,2.694212,-1.634581,0.279741,0.015089,0.104443,5.538755,0.196411,1.000000,0.534193,-0.465807,C-06,0,0,0,1,1,0,0.028609,-0.170717,0.6667,0.5958,0.2602,2,ok
0,28,2.717170,-1.629053,0.311402,0.016578,0.136104,5.562322,0.196756,0.445250,0.445250,0.000000,,0,0,0,1,1,0,0.029304,-0.159941,0.7083,0.6006,0.2637,2,ok
0,29,2.736151,-1.623540,0.329084,0.018010,0.112305,5.582654,0.197736,0.104426,0.295250,0.190823,C-06,0,0,0,1,1,0,0.033486,-0.128466,0.7708,0.5625,0.2599,2,ok
0,30,2.758785,-1.616417,0.349115,0.020247,0.132337,5.606276,0.197724,0.292944,0.292944,0.000000,,0,0,0,1,1,0,0.035725,-0.114016,0.7708,0.5418,0.2639,2,ok
0,31,2.781292,-1.608515,0.359402,0.022623,0.099575,5.631157,0.198860,-0.119851,0.142944,0.262795,C-06,0,0,0,1,1,0,0.037495,-0.107385,0.7083,0.5676,0.2623,2,ok
0,32,2.803756,-1.600092,0.359519,0.024903,0.099693,5.655040,0.200006,-0.268287,-0.007056,0.261231,C-06,0,0,0,1,1,0,0.040275,-0.109012,0.7083,0.5405,0.2653,2,ok
0,33,2.826260,-1.591649,0.349562,0.026960,0.048474,5.680169,0.200614,-0.252492,-0.157056,0.095436,C-06,0,0,0,1,1,0,0.040676,-0.129172,0.7292,0.5367,0.2636,2,ok
0,34,2.848816,-1.583415,0.348402,0.027969,0.047314,5.704159,0.200057,0.012890,-0.007056,-0.019946,C-06,0,0,0,1,1,0,0.039460,-0.135665,0.7292,0.5430,0.2639,2,ok
0,35,2.867620,-1.576570,0.346665,0.028791,0.045577,5.724153,0.200160,-0.032726,-0.032726,0.000000,,0,0,0,1,1,0,0.037556,-0.160710,0.7083,0.5518,0.2636,2,ok
0,36,2.890164,-1.568416,0.354062,0.029040,0.012590,5.749164,0.199539,0.429164,0.117274,-0.311889,C-06,0,0,0,1,1,0,0.037925,-0.182795,0.6667,0.5348,0.2623,2,ok
0,37,2.912607,-1.560239,0.371253,0.029171,0.029781,5.773049,0.198499,0.654614,0.267274,-0.387339,C-06,0,0,0,1,1,0,0.037594,-0.192409,0.7292,0.5015,0.2640,2,ok
0,38,2.934896,-1.551988,0.388581,0.028941,0.011072,5.797854,0.197967,0.259653,0.259653,0.000000,,0,0,0,1,1,0,0.037050,-0.187665,0.7917,0.5127,0.2649,2,ok
0,39,2.953355,-1.544781,0.401438,0.028796,0.023929,5.817670,0.198187,0.232143,0.232143,0.000000,,0,0,0,1,1,0,0.036689,-0.178793,0.7708,0.5074,0.2625,2,ok
0,40,2.975418,-1.535553,0.407329,0.029061,-0.003974,5.842540,0.199350,-0.052057,0.082143,0.134200,C-06,0,0,0,1,1,0,0.035344,-0.172804,0.7500,0.5401,0.2661,2,ok
0,41,2.997443,-1.526095,0.409373,0.028897,-0.001930,5.866510,0.199781,0.027573,0.027573,0.000000,,0,0,0,1,1,0,0.035581,-0.189482,0.7708,0.5127,0.2645,2,ok
0,42,3.019443,-1.516606,0.413162,0.028773,0.001859,5.890469,0.199527,0.060490,0.060490,0.000000,,0,0,0,1,1,0,0.034128,-0.197176,0.7708,0.5169,0.2639,2,ok
0,43,3.037731,-1.508668,0.420686,0.028128,-0.023366,5.911297,0.199112,0.144252,0.144252,0.000000,,0,0,0,1,1,0,0.030549,-0.205323,0.7083,0.5567,0.2637,2,ok
0,44,3.059550,-1.499041,0.439181,0.027454,-0.004871,5.935135,0.198081,0.700903,0.294252,-0.406652,C-06,0,0,0,1,1,0,0.029185,-0.208792,0.6875,0.5636,0.2628,2,ok
0,45,3.081132,-1.489276,0.466796,0.026572,-0.009252,5.959709,0.196845,1.000000,0.444252,-0.555748,C-06,0,0,0,1,1,0,0.026471,-0.209092,0.6667,0.6056,0.2639,2,ok
0,46,3.102367,-1.479055,0.503288,0.025905,0.027239,5.983265,0.196147,0.990806,0.594252,-0.396554,C-06,0,0,0,1,1,0,0.027925,-0.185985,0.7292,0.5855,0.2649,2,ok
0,47,3.123225,-1.467892,0.531056,0.026022,0.023915,6.007723,0.197347,0.056166,0.444252,0.388086,C-06,0,0,0,1,1,0,0.028525,-0.165020,0.7708,0.6242,0.2663,2,ok
0,48,3.140389,-1.457980,0.546445,0.026340,0.039304,6.027541,0.198343,0.009375,0.294252,0.284877,C-06,0,0,0,1,1,0,0.031094,-0.152700,0.7708,0.5987,0.2652,2,ok
0,49,3.160833,-1.445606,0.555664,0.027215,0.048523,6.051422,0.199219,-0.050165,0.144252,0.194417,C-06,0,0,0,1,1,0,0.032857,-0.143952,0.7500,0.5993,0.2654,2,ok
0,50,3.181217,-1.432948,0.555918,0.027669,0.017766,6.076281,0.200021,-0.124308,-0.005748,0.118559,C-06,0,0,0,1,1,0,0.036039,-0.143454,0.7500,0.5324,0.2644,2,ok
0,51,3.201607,-1.420278,0.555409,0.028065,0.017257,6.100282,0.200047,-0.008739,-0.008739,0.000000,,0,0,0,1,1,0,0.043449,-0.157582,0.6875,0.2896,0.2442,2,ok
0,52,3.222052,-1.407623,0.546479,0.027935,-0.021768,6.125125,0.200754,-0.419710,-0.158739,0.260970,C-06,0,0,0,1,1,0,0.033933,-0.174596,0.7292,0.5356,0.2640,2,ok
0,53,3.239204,-1.397164,0.533184,0.027527,-0.035063,6.145211,0.201408,-0.274199,-0.274199,0.000000,,0,0,0,1,1,0,0.031709,-0.192204,0.6875,0.5479,0.2644,2,ok
0,54,3.259925,-1.384861,0.525047,0.026494,-0.072834,6.170121,0.200774,0.885011,-0.124199,-1.009210,C-06,0,0,0,1,1,0,0.031266,-0.232660,0.6458,0.5042,0.2581,2,ok
0,55,3.280690,-1.372824,0.526001,0.024732,-0.071879,6.194058,0.199902,0.507140,0.025801,-0.481339,C-06,0,0,0,1,1,0,0.027083,-0.251661,0.6875,0.5278,0.2635,2,ok
0,56,3.297948,-1.362783,0.534303,0.023299,-0.063577,6.213973,0.199325,0.499656,0.175801,-0.323855,C-06,0,0,0,1,1,0,0.022229,-0.266140,0.7500,0.5448,0.2655,2,ok
0,57,3.318508,-1.350671,0.550154,0.021056,-0.076770,6.238394,0.198503,0.270062,0.270062,0.000000,,0,0,0,1,1,0,0.019578,-0.266883,0.7708,0.5446,0.2636,2,ok
0,58,3.338829,-1.338286,0.572434,0.019153,-0.054489,6.262115,0.198113,0.383066,0.383066,0.000000,,0,0,0,1,1,0,0.015173,-0.260834,0.7708,0.6107,0.2658,2,ok
0,59,3.358906,-1.325392,0.586685,0.017304,-0.069238,6.286437,0.198949,0.195027,0.233066,0.038039,C-06,0,0,0,1,1,0,0.024192,-0.249449,0.7292,0.2568,0.2428,2,ok
0,60,3.378855,-1.312136,0.591959,0.015645,-0.063964,6.310331,0.199639,-0.029314,0.083066,0.112380,C-06,0,0,0,1,1,0,0.011289,-0.247614,0.7500,0.6337,0.2648,2,ok
0,61,3.395465,-1.300976,0.589160,0.014121,-0.095385,6.330711,0.200264,-0.102218,-0.066934,0.035284,C-06,0,0,0,1,1,0,0.009579,-0.250572,0.7083,0.6259,0.2624,2,ok
0,62,3.415394,-1.287640,0.593468,0.011848,-0.091077,6.354583,0.199643,0.283652,0.083066,-0.200585,C-06,0,0,0,1,1,0,0.006092,-0.262249,0.6875,0.6528,0.2622,2,ok
0,63,3.435209,-1.274212,0.606033,0.009719,-0.078512,6.375642,0.199120,0.226382,0.226382,0.000000,,0,0,0,1,1,0,0.003555,-0.290655,0.6458,0.6611,0.2587,2,ok
0,64,3.454795,-1.260514,0.626975,0.007190,-0.087054,6.402472,0.198810,0.547007,0.376382,-0.170625,C-06,0,0,0,1,1,0,-0.003184,-0.285948,0.7500,0.7446,0.2616,2,ok
0,65,3.474028,-1.246363,0.655964,0.005316,-0.058064,6.426276,0.198911,0.689806,0.526382,-0.163424,C-06,0,0,0,1,1,0,-0.004470,-0.277192,0.7917,0.7372,0.2572,2,ok
0,66,3.492867,-1.231626,0.680112,0.003535,-0.062481,6.450278,0.199541,0.433384,0.433384,0.000000,,0,0,0,1,1,0,-0.003703,-0.262041,0.7917,0.7280,0.2576,2,ok
0,67,3.511380,-1.216393,0.699389,0.002255,-0.043204,6.474218,0.199931,0.351881,0.351881,0.000000,,0,0,0,1,1,0,-0.003555,-0.249847,0.7708,0.7154,0.2589,2,ok
0,68,3.529599,-1.200724,0.724153,0.000993,-0.047252,6.498277,0.200590,0.464907,0.464907,0.000000,,0,0,0,1,1,0,-0.005604,-0.247116,0.7292,0.7626,0.2576,2,ok
0,69,3.544562,-1.187323,0.744660,0.000101,-0.026744,6.518344,0.201104,0.442796,0.442796,0.000000,,0,0,0,1,1,0,-0.006188,-0.238653,0.7292,0.8006,0.2633,2,ok
0,70,3.562158,-1.170895,0.763091,-0.000609,-0.038334,6.542398,0.200442,0.320247,0.320247,0.000000,,0,0,0,1,1,0,-0.006767,-0.231815,0.7083,0.8478,0.2624,2,ok
0,71,3.579411,-1.154171,0.778834,-0.001301,-0.022591,6.566416,0.200115,0.270972,0.270972,0.000000,,0,0,0,1,1,0,-0.005652,-0.226954,0.7083,0.8279,0.2608,2,ok
0,72,3.596330,-1.137161,0.798840,-0.001554,-0.002585,6.590094,0.199742,0.350471,0.350471,0.000000,,0,0,0,1,1,0,-0.001035,-0.227537,0.6875,0.7200,0.2554,2,ok
0,73,3.612840,-1.119863,0.825954,-0.002041,-0.004904,6.614266,0.198848,0.485328,0.485328,0.000000,,0,0,0,1,1,0,-0.001854,-0.233483,0.7083,0.7586,0.2632,2,ok
0,74,3.626193,-1.105085,0.854108,-0.001896,0.023251,6.634183,0.199395,0.622110,0.622110,0.000000,,0,0,0,1,1,0,-0.003072,-0.231186,0.6875,0.7837,0.2599,2,ok
0,75,3.641730,-1.086801,0.880143,-0.001477,0.019091,6.658117,0.200235,0.280638,0.472110,0.191472,C-06,0,0,0,1,1,0,0.005690,-0.202500,0.7917,0.6374,0.2529,2,ok
0,76,3.656908,-1.068162,0.898191,-0.000891,0.037139,6.682147,0.200420,0.128095,0.322110,0.194015,C-06,0,0,0,1,1,0,0.006269,-0.188485,0.7708,0.6810,0.2567,2,ok
0,77,3.671819,-1.049315,0.908020,-0.000185,0.015466,6.706160,0.200298,-0.048457,0.172110,0.220567,C-06,0,0,0,1,1,0,0.007661,-0.183296,0.7708,0.6986,0.2624,2,ok
0,78,3.686535,-1.030273,0.925424,0.000387,0.032871,6.730219,0.200780,0.380639,0.322110,-0.058529,C-06,0,0,0,1,1,0,0.022151,-0.205990,0.7292,0.2592,0.2429,2,ok
0,79,3.698550,-1.014176,0.946172,0.001199,0.053618,6.750289,0.201453,0.453012,0.453012,0.000000,,0,0,0,1,1,0,0.020895,-0.207778,0.7083,0.3033,0.2388,2,ok
0,80,3.712639,-0.994583,0.963928,0.001773,0.039037,6.774461,0.201167,-0.025844,0.303012,0.328856,C-06,0,0,0,1,1,0,0.012986,-0.206188,0.7292,0.5922,0.2586,2,ok
0,81,3.726368,-0.974801,0.973337,0.002694,0.048447,6.798523,0.200638,-0.232601,0.153012,0.385613,C-06,0,0,0,1,1,0,0.015142,-0.201062,0.7083,0.5735,0.2637,2,ok
0,82,3.737620,-0.958258,0.974061,0.003262,0.015690,6.818611,0.200012,-0.113044,0.003012,0.116057,C-06,0,0,0,1,1,0,0.016365,-0.214629,0.6667,0.5364,0.2561,2,ok
0,83,3.751108,-0.938403,0.974616,0.003692,0.016246,6.842611,0.200042,0.010083,0.010083,0.000000,,0,0,0,1,1,0,0.017887,-0.216049,0.7292,0.4610,0.2478,2,ok
0,84,3.764582,-0.918488,0.983387,0.003935,-0.012795,6.866790,0.200720,0.358193,0.160083,-0.198110,C-06,0,0,0,1,1,0,0.012560,-0.227581,0.7917,0.5167,0.2538,2,ok
0,85,3.777882,-0.898399,1.000996,0.003828,0.004813,6.890882,0.201481,0.349792,0.310083,-0.039709,C-06,0,0,0,1,1,0,0.012451,-0.231974,0.8125,0.4967,0.2584,2,ok
0,86,3.790977,-0.878027,1.027628,0.004048,0.031445,6.914438,0.202683,0.492684,0.460083,-0.032600,C-06,0,0,0,1,1,0,0.011321,-0.231327,0.7708,0.5015,0.2616,2,ok
0,87,3.801551,-0.860821,1.043850,0.003805,0.008487,6.935454,0.201930,0.168733,0.310083,0.141350,C-06,0,0,0,1,1,0,0.012794,-0.235962,0.7500,0.4368,0.2518,2,ok
0,88,3.813765,-0.840012,1.054138,0.004037,0.018774,6.959582,0.201030,0.046297,0.160083,0.113786,C-06,0,0,0,1,1,0,0.012076,-0.223924,0.7500,0.4656,0.2586,2,ok
0,89,3.825632,-0.819136,1.055212,0.003938,-0.021486,6.983793,0.200064,-0.263067,0.010083,0.273151,C-06,0,0,0,1,1,0,0.010541,-0.225976,0.7500,0.4537,0.2600,2,ok
0,90,3.837475,-0.798258,1.054874,0.003377,-0.021824,7.007790,0.200011,-0.006646,-0.006646,0.000000,,0,0,0,1,1,0,0.006737,-0.234635,0.7292,0.4799,0.2584,2,ok
0,91,3.849316,-0.777337,1.063091,0.002558,-0.054685,7.031941,0.200668,0.391844,0.143354,-0.248490,C-06,0,0,0,1,1,0,0.003875,-0.251537,0.6875,0.4865,0.2590,2,ok
0,92,3.859090,-0.759797,1.076863,0.001369,-0.040913,7.051984,0.201282,0.283190,0.283190,0.000000,,0,0,0,1,1,0,0.003555,-0.254976,0.7500,0.4373,0.2621,2,ok
0,93,3.870775,-0.738556,1.096760,0.000063,-0.021016,7.076193,0.202359,0.321011,0.321011,0.000000,,0,0,0,1,1,0,0.002556,-0.247461,0.7917,0.4160,0.2599,2,ok
0,94,3.882196,-0.717056,1.124740,-0.001703,-0.032440,7.100465,0.203543,0.450291,0.450291,0.000000,,0,0,0,1,1,0,0.000063,-0.240455,0.7708,0.4323,0.2603,2,ok
0,95,3.891513,-0.698897,1.152930,-0.003050,-0.004249,7.120831,0.204409,0.531745,0.531745,0.000000,,0,0,0,1,1,0,0.000193,-0.221748,0.8125,0.4044,0.2647,2,ok
0,96,3.902228,-0.676791,1.189512,-0.004440,-0.004767,7.145232,0.204828,0.557744,0.557744,0.000000,,0,0,0,1,1,0,-0.000461,-0.200312,0.8125,0.4185,0.2646,2,ok
0,97,3.911982,-0.654390,1.217634,-0.005312,0.023356,7.169649,0.203520,0.178134,0.407744,0.229609,C-06,0,0,0,1,1,0,0.000684,-0.183325,0.7917,0.4073,0.2632,2,ok
0,98,3.921004,-0.631778,1.240610,-0.005564,0.012690,7.193821,0.202841,0.332155,0.332155,0.000000,,0,0,0,1,1,0,0.001400,-0.170485,0.7500,0.4067,0.2626,2,ok
0,99,3.929215,-0.609021,1.253899,-0.005635,0.025978,7.218013,0.201513,0.125243,0.182155,0.056912,C-06,0,0,0,1,1,0,0.002138,-0.156829,0.7500,0.3979,0.2638,2,ok
0,100,3.935530,-0.590008,1.256374,-0.005179,0.028453,7.238043,0.200259,-0.265146,0.032155,0.297300,C-06,0,0,0,1,1,0,0.002414,-0.151594,0.7083,0.3894,0.2626,2,ok
0,101,3.942956,-0.567209,1.248967,-0.005163,-0.009836,7.261835,0.199573,-0.315248,-0.117845,0.197402,C-06,0,0,0,1,1,0,0.000358,-0.159975,0.6875,0.4146,0.2637,2,ok
0,102,3.950545,-0.544438,1.250573,-0.005513,-0.008230,7.285835,0.200111,0.101221,0.032155,-0.069066,C-06,0,0,0,1,1,0,-0.001736,-0.170433,0.7292,0.4210,0.2620,2,ok
0,103,3.958099,-0.521616,1.262572,-0.006139,-0.026155,7.309717,0.200664,0.400591,0.182155,-0.218437,C-06,0,0,0,1,1,0,-0.002517,-0.182753,0.8125,0.3823,0.2633,2,ok
0,104,3.965651,-0.498670,1.285193,-0.007035,-0.003534,7.333857,0.201897,0.636628,0.332155,-0.304474,C-06,0,0,0,1,1,0,-0.002160,-0.180853,0.8125,0.3566,0.2610,2,ok
0,105,3.971945,-0.479410,1.312325,-0.007743,0.023598,7.350842,0.203263,0.552796,0.482155,-0.070642,C-06,0,0,0,1,1,0,-0.006171,-0.169941,0.7500,0.4590,0.2622,2,ok
0,106,3.979192,-0.456120,1.341944,-0.009001,0.024833,7.378258,0.203200,0.402976,0.402976,0.000000,,0,0,0,1,1,0,-0.004626,-0.148700,0.7708,0.4338,0.2641,2,ok
0,107,3.985782,-0.432671,1.370599,-0.009497,0.053488,7.402609,0.202890,0.387041,0.387041,0.000000,,0,0,0,1,1,0,-0.003182,-0.133250,0.7500,0.4509,0.2694,2,ok
0,108,3.990422,-0.413040,1.386105,-0.009583,0.043209,7.422514,0.201608,0.070007,0.237041,0.167034,C-06,0,0,0,1,1,0,-0.003912,-0.121195,0.7500,0.5036,0.2694,2,ok
0,109,3.995128,-0.389431,1.393442,-0.008893,0.050546,7.446578,0.200540,0.054592,0.087041,0.032448,C-06,0,0,0,1,1,0,-0.000996,-0.110410,0.7292,0.4634,0.2702,2,ok
0,110,3.999376,-0.365814,1.389389,-0.008066,0.020877,7.470357,0.199855,-0.066274,-0.062959,0.003315,C-06,0,0,0,1,1,0,-0.001826,-0.120938,0.6458,0.5014,0.2726,2,ok
0,111,4.003604,-0.342215,1.386151,-0.007486,0.017639,7.494325,0.199750,-0.041550,-0.041550,0.000000,,0,0,0,1,1,0,-0.001746,-0.129857,0.7292,0.4944,0.2688,2,ok
0,112,4.008004,-0.318615,1.390481,-0.007255,-0.002941,7.518161,0.200154,0.065112,0.065112,0.000000,,0,0,0,1,1,0,-0.003102,-0.140769,0.7917,0.5121,0.2645,2,ok
0,113,4.011680,-0.298923,1.400443,-0.007383,0.007021,7.538193,0.200484,0.167220,0.167220,0.000000,,0,0,0,1,1,0,-0.001435,-0.148726,0.8125,0.4461,0.2597,2,ok
0,114,4.016091,-0.275241,1.415335,-0.007527,0.021913,7.562281,0.200957,0.196879,0.196879,0.000000,,0,0,0,1,1,0,-0.005644,-0.147266,0.7500,0.5722,0.2628,2,ok
0,115,4.020502,-0.251488,1.440666,-0.008238,0.023378,7.586239,0.201656,0.338039,0.338039,0.000000,,0,0,0,1,1,0,-0.005050,-0.141968,0.7708,0.5639,0.2632,2,ok
0,116,4.024584,-0.227659,1.462683,-0.008646,0.045395,7.610412,0.201389,0.276828,0.276828,0.000000,,0,0,0,1,1,0,-0.003950,-0.135496,0.7708,0.5614,0.2680,2,ok
0,117,4.027653,-0.203785,1.473465,-0.008465,0.032044,7.634279,0.200527,-0.138237,0.126828,0.265065,C-06,0,0,0,1,1,0,-0.002269,-0.128979,0.7292,0.5647,0.2632,2,ok
0,118,4.029629,-0.183880,1.472541,-0.007863,0.031120,7.654273,0.199987,-0.049786,-0.023172,0.026614,C-06,0,0,0,1,1,0,-0.003034,-0.124588,0.7083,0.6101,0.2684,2,ok
0,119,4.031966,-0.160009,1.460664,-0.007306,-0.005458,7.678080,0.199753,-0.161114,-0.161114,0.000000,,0,0,0,1,1,0,-0.001210,-0.131144,0.7292,0.5665,0.2657,2,ok
0,120,4.034565,-0.136157,1.458996,-0.007365,-0.007126,7.702073,0.199954,-0.006668,-0.011114,-0.004446,C-06,0,0,0,1,1,0,-0.003992,-0.170766,0.7708,0.5997,0.2654,2,ok
0,121,4.036783,-0.116274,1.467276,-0.007465,0.001154,7.722079,0.200153,0.237511,0.138886,-0.098624,C-06,0,0,0,1,1,0,-0.004998,-0.184260,0.7708,0.6167,0.2635,2,ok
0,122,4.039446,-0.092378,1.489451,-0.008179,-0.000841,7.745923,0.200553,0.416449,0.288886,-0.127562,C-06,0,0,0,1,1,0,-0.005547,-0.187089,0.8125,0.6023,0.2631,2,ok
0,123,4.042109,-0.068434,1.517994,-0.008901,0.027703,7.770005,0.200936,0.356411,0.356411,0.000000,,0,0,0,1,1,0,-0.005197,-0.178916,0.7708,0.6215,0.2651,2,ok
0,124,4.044628,-0.044453,1.545291,-0.009953,0.029563,7.793857,0.200821,0.328337,0.328337,0.000000,,0,0,0,1,1,0,-0.001974,-0.163420,0.7917,0.5655,0.2640,2,ok
0,125,4.046734,-0.020455,1.577610,-0.010744,0.061883,7.817934,0.200580,0.386894,0.386894,0.000000,,0,0,0,1,1,0,-0.000570,-0.159629,0.7917,0.5482,0.2606,2,ok
0,126,4.047455,-0.000458,1.594993,-0.010577,0.053212,7.837703,0.200012,-0.014851,0.236894,0.251744,C-06,0,0,0,1,1,0,-0.000755,-0.145601,0.7292,0.6137,0.2644,2,ok
0,127,4.047245,0.023532,1.602988,-0.009601,0.061207,7.861674,0.199918,-0.170329,0.086894,0.257223,C-06,0,0,0,1,1,0,0.000350,-0.135947,0.7500,0.6090,0.2664,2,ok
0,128,4.046488,0.047521,1.598527,-0.008182,0.029160,7.885382,0.200028,-0.192251,-0.063106,0.129145,C-06,0,0,0,1,1,0,0.000876,-0.138517,0.7083,0.6095,0.2644,2,ok
0,129,4.045706,0.071515,1.588724,-0.007355,0.019356,7.909374,0.200072,-0.120812,-0.120812,0.000000,,0,0,0,1,1,0,-0.003181,-0.170395,0.7500,0.6704,0.2718,2,ok
0,130,4.045265,0.095511,1.590417,-0.006869,0.021050,7.933369,0.199993,0.235940,0.029188,-0.206752,C-06,0,0,0,1,1,0,-0.003005,-0.186624,0.7708,0.6678,0.2641,2,ok
0,131,4.044915,0.115504,1.601835,-0.006944,0.002806,7.953187,0.199938,0.302694,0.179188,-0.123507,C-06,0,0,0,1,1,0,-0.003780,-0.192921,0.7708,0.6527,0.2599,2,ok
0,132,4.044495,0.139481,1.628250,-0.007104,0.029221,7.977166,0.199715,0.565049,0.329188,-0.235862,C-06,0,0,0,1,1,0,-0.005301,-0.193869,0.8333,0.6861,0.2623,2,ok
0,133,4.044075,0.163415,1.661148,-0.007650,0.029270,8.000858,0.199242,0.413189,0.413189,0.000000,,0,0,0,1,1,0,-0.004519,-0.181969,0.8125,0.6934,0.2645,2,ok
0,134,4.043477,0.183308,1.686960,-0.008188,0.055082,8.020752,0.198866,0.388601,0.388601,0.000000,,0,0,0,1,1,0,-0.004775,-0.164648,0.7292,0.7420,0.2676,2,ok
0,135,4.041665,0.207113,1.709055,-0.007739,0.077177,8.043550,0.198887,0.275807,0.275807,0.000000,,0,0,0,1,1,0,-0.004571,-0.161224,0.7708,0.7718,0.2737,2,ok
0,136,4.038803,0.230865,1.719476,-0.007145,0.054131,8.068255,0.199392,-0.253673,0.125807,0.379480,C-06,0,0,0,1,1,0,-0.004763,-0.151179,0.7708,0.8171,0.2712,2,ok
0,137,4.035884,0.250644,1.718709,-0.006088,0.053364,8.088220,0.200006,-0.364510,-0.024193,0.340317,C-06,0,0,0,1,1,0,-0.003848,-0.156263,0.7500,0.8253,0.2709,2,ok
0,138,4.032340,0.274397,1.709318,-0.005323,0.009332,8.112005,0.200261,-0.129628,-0.129628,0.000000,,0,0,0,1,1,0,-0.003861,-0.166744,0.6875,0.8156,0.2693,2,ok
0,139,4.029025,0.298168,1.710014,-0.005173,0.010028,8.136005,0.199963,0.053227,0.020372,-0.032855,C-06,0,0,0,1,1,0,-0.007105,-0.190197,0.7083,0.8672,0.2694,2,ok
0,140,4.026279,0.317961,1.720022,-0.005061,0.020036,8.152666,0.199694,0.412365,0.170372,-0.241993,C-06,0,0,0,1,1,0,-0.009461,-0.205027,0.8125,0.9168,0.2659,2,ok
0,141,4.023532,0.337710,1.739596,-0.005712,0.004925,8.175750,0.199099,0.684375,0.320372,-0.364002,C-06,0,0,0,1,1,0,-0.009089,-0.213392,0.7917,0.9166,0.2665,2,ok
0,142,4.020235,0.361297,1.774137,-0.006345,0.039466,8.199558,0.197860,0.647647,0.470372,-0.177275,C-06,0,0,0,1,1,0,-0.011534,-0.207101,0.7917,1.0085,0.2716,2,ok
0,143,4.017174,0.380834,1.798003,-0.006943,0.030109,8.219117,0.197686,0.380348,0.380348,0.000000,,0,0,0,1,1,0,-0.007943,-0.187914,0.8125,0.9549,0.2679,2,ok
0,144,4.012709,0.404149,1.822520,-0.007137,0.054626,8.242855,0.197774,0.333953,0.333953,0.000000,,0,0,0,1,1,0,-0.006171,-0.182090,0.7917,0.9359,0.2637,2,ok
0,145,4.007245,0.427348,1.836492,-0.006522,0.035684,8.266462,0.198675,0.139982,0.183953,0.043971,C-06,0,0,0,1,1,0,-0.007808,-0.181627,0.7708,1.0584,0.2710,2,ok
0,146,4.002094,0.446637,1.839239,-0.005915,0.038431,8.286418,0.199744,-0.352222,0.033953,0.386175,C-06,0,0,0,1,1,0,-0.004232,-0.184473,0.7292,0.9936,0.2654,2,ok
0,147,3.995732,0.469799,1.831631,-0.005015,0.030823,8.310421,0.200372,-0.378183,-0.116047,0.262135,C-06,0,0,0,1,1,0,-0.008288,-0.186431,0.7500,1.1075,0.2735,2,ok
0,148,3.989542,0.492990,1.831524,-0.004866,-0.002960,8.334278,0.199980,0.006735,0.006735,0.000000,,0,0,0,1,1,0,-0.011357,-0.226487,0.7083,1.1580,0.2702,2,ok
0,149,3.984386,0.512294,1.840032,-0.004841,0.005548,8.354259,0.199597,0.848095,0.156735,-0.691360,C-06,0,0,0,1,1,0,-0.012361,-0.244321,0.7500,1.1905,0.2672,2,ok
0,150,3.979230,0.531528,1.857400,-0.004999,-0.012760,8.373991,0.198705,0.388081,0.306735,-0.081345,C-06,0,0,0,1,1,0,-0.015885,-0.257182,0.8750,1.2903,0.2724,2,ok
0,151,3.973043,0.554444,1.888487,-0.005786,0.018327,8.397714,0.196952,0.678207,0.456735,-0.221472,C-06,0,0,0,1,1,0,-0.010112,-0.255953,0.8125,1.1698,0.2599,2,ok
0,152,3.967417,0.573383,1.906760,-0.005946,0.036599,8.417471,0.197641,0.298783,0.306735,0.007952,C-06,0,0,0,1,1,0,-0.011536,-0.247847,0.7917,1.2408,0.2726,2,ok
0,153,3.960265,0.595922,1.936955,-0.006353,0.029370,8.440893,0.196521,0.484141,0.456735,-0.027406,C-06,0,0,0,1,1,0,-0.006711,-0.238171,0.7708,1.1342,0.2670,2,ok
0,154,3.952604,0.618185,1.970403,-0.006409,0.062818,8.464437,0.196172,0.505983,0.505983,0.000000,,0,0,0,1,1,0,-0.007740,-0.246671,0.7917,1.2118,0.2705,2,ok
0,155,3.945374,0.636528,1.990520,-0.005828,0.042321,8.483897,0.197292,0.302804,0.355983,0.053179,C-06,0,0,0,1,1,0,-0.005983,-0.239830,0.7708,1.2011,0.2680,2,ok
0,156,3.935927,0.658373,2.004519,-0.005058,0.056320,8.507685,0.198433,-0.024830,0.205983,0.230814,C-06,0,0,0,1,1,0,-0.003397,-0.234079,0.7708,1.1719,0.2627,2,ok
0,157,3.925934,0.680126,2.008769,-0.003745,0.060570,8.531587,0.199571,-0.317806,0.055983,0.373790,C-06,0,0,0,1,1,0,-0.001770,-0.237374,0.7500,1.1486,0.2657,2,ok
0,158,3.917456,0.698197,2.019117,-0.003248,0.028148,8.551389,0.199260,0.540304,0.205983,-0.334320,C-06,0,0,0,1,1,0,-0.003835,-0.271525,0.7083,1.1916,0.2637,2,ok
0,159,3.908932,0.716145,2.037190,-0.002738,0.046220,8.571252,0.198031,0.544410,0.355983,-0.188427,C-06,0,0,0,1,1,0,-0.003811,-0.266513,0.7292,1.1967,0.2621,2,ok
0,160,3.898567,0.737417,2.068071,-0.002164,0.031587,8.594807,0.196651,0.582306,0.505983,-0.076322,C-06,0,0,0,1,1,0,-0.004402,-0.266569,0.8333,1.2445,0.2579,2,ok
0,161,3.889453,0.754877,2.092395,-0.001806,0.055910,8.614499,0.197079,0.473586,0.473586,0.000000,,0,0,0,1,1,0,-0.001919,-0.258166,0.8542,1.2033,0.2565,2,ok
0,162,3.877893,0.775496,2.123811,-0.000668,0.087327,8.638111,0.197149,0.524767,0.524767,0.000000,,0,0,0,1,1,0,0.000758,-0.250156,0.8542,1.1627,0.2574,2,ok
0,163,3.865500,0.795772,2.146532,0.000543,0.062595,8.661832,0.198189,0.175285,0.374767,0.199482,C-06,0,0,0,1,1,0,0.004028,-0.219817,0.8125,1.1637,0.2608,2,ok
0,164,3.854714,0.812482,2.158088,0.001785,0.074150,8.681682,0.198991,-0.181220,0.224767,0.405986,C-06,0,0,0,1,1,0,0.007228,-0.240519,0.7708,1.1176,0.2568,2,ok
0,165,3.841443,0.832425,2.162950,0.003360,0.029195,8.705744,0.199676,-0.205610,0.074767,0.280377,C-06,0,0,0,1,1,0,0.012148,-0.250965,0.8125,1.0242,0.2514,2,ok
0,166,3.828047,0.852363,2.158948,0.004085,0.025192,8.729754,0.200336,-0.107917,-0.075233,0.032684,C-06,0,0,0,1,1,0,0.010030,-0.265317,0.7292,1.0712,0.2524,2,ok
0,167,3.816950,0.868988,2.162054,0.004627,0.028299,8.749734,0.199708,0.447912,0.074767,-0.373145,C-06,0,0,0,1,1,0,0.009623,-0.301920,0.6875,1.0566,0.2520,2,ok
0,168,3.805802,0.885538,2.172364,0.004591,-0.013479,8.769933,0.199123,0.659281,0.224767,-0.434514,C-06,0,0,0,1,1,0,0.015890,-0.342186,0.7292,0.8973,0.2399,2,ok
0,169,3.792197,0.905186,2.193276,0.004415,0.007432,8.793832,0.198755,0.703564,0.374767,-0.328797,C-06,0,0,0,1,1,0,0.010780,-0.342468,0.7708,0.9560,0.2453,2,ok
0,170,3.780527,0.921297,2.217318,0.004689,0.031474,8.813484,0.198720,0.831905,0.524767,-0.307138,C-06,0,0,0,1,1,0,0.012312,-0.341886,0.8125,0.8781,0.2477,2,ok
0,171,3.765987,0.940251,2.245119,0.004374,0.005582,8.837861,0.199342,0.501102,0.501102,0.000000,,0,0,0,1,1,0,0.012948,-0.334849,0.8125,0.8405,0.2445,2,ok
0,172,3.750874,0.958847,2.264713,0.004749,0.025176,8.861821,0.199845,0.236430,0.351102,0.114672,C-06,0,0,0,1,1,0,0.013684,-0.320215,0.8333,0.7873,0.2518,2,ok
0,173,3.737960,0.974119,2.281898,0.004790,-0.012588,8.882099,0.200179,0.385462,0.385462,0.000000,,0,0,0,1,1,0,0.012585,-0.314383,0.7917,0.7649,0.2525,2,ok
0,174,3.722100,0.992209,2.303953,0.004707,0.009467,8.906156,0.200739,0.404464,0.404464,0.000000,,0,0,0,1,1,0,0.012432,-0.323508,0.7917,0.7413,0.2539,2,ok
0,175,3.705805,1.009981,2.330886,0.004980,-0.019983,8.930547,0.200771,0.484590,0.484590,0.000000,,0,0,0,1,1,0,0.011736,-0.325725,0.7708,0.7211,0.2537,2,ok
0,176,3.691901,1.024398,2.347890,0.004742,-0.002979,8.950575,0.200187,0.344954,0.344954,0.000000,,0,0,0,1,1,0,0.012636,-0.319149,0.7708,0.6578,0.2588,2,ok
0,177,3.677776,1.038560,2.362552,0.004840,0.011684,8.970576,0.199903,0.300247,0.300247,0.000000,,0,0,0,1,1,0,0.014346,-0.317527,0.7500,0.5833,0.2556,2,ok
0,178,3.660572,1.055208,2.387898,0.004789,-0.019647,8.994801,0.199176,0.651908,0.450247,-0.201661,C-06,0,0,0,1,1,0,0.015355,-0.321807,0.7083,0.5298,0.2497,2,ok
0,179,3.645926,1.068699,2.415180,0.004595,0.007635,9.014712,0.199060,0.862825,0.600247,-0.262578,C-06,0,0,0,1,1,0,0.010720,-0.312227,0.7500,0.5660,0.2586,2,ok
0,180,3.627711,1.084302,2.455391,0.005226,0.047846,9.038688,0.200501,0.756305,0.750247,-0.006057,C-06,0,0,0,1,1,0,0.008807,-0.292398,0.8125,0.5901,0.2608,2,ok
0,181,3.608859,1.099363,2.493807,0.005420,0.029751,9.063130,0.201597,0.695014,0.695014,0.000000,,0,0,0,1,1,0,0.009669,-0.253195,0.8125,0.5639,0.2623,2,ok
0,182,3.592754,1.111488,2.519915,0.006034,0.055859,9.083279,0.201806,0.433011,0.545014,0.112003,C-06,0,0,0,1,1,0,0.014187,-0.227841,0.8125,0.4682,0.2597,2,ok
0,183,3.573082,1.125553,2.543088,0.006853,0.023424,9.107818,0.201634,0.215859,0.395014,0.179155,C-06,0,0,0,1,1,0,0.015901,-0.211214,0.8333,0.4455,0.2591,2,ok
0,184,3.549794,1.141403,2.561549,0.007502,0.041885,9.135980,0.201160,0.097136,0.245014,0.147878,C-06,0,0,0,1,1,0,0.014716,-0.199839,0.8125,0.4815,0.2623,2,ok
0,185,3.533000,1.152489,2.573774,0.008251,0.054110,9.155227,0.201277,0.250062,0.250062,0.000000,,0,0,0,1,1,0,0.016375,-0.209309,0.7708,0.4290,0.2614,2,ok
0,186,3.516107,1.163303,2.579229,0.008102,0.007673,9.176605,0.200525,-0.189721,0.100062,0.289783,C-06,0,0,0,1,1,0,0.014343,-0.204753,0.7708,0.4466,0.2606,2,ok
0,187,3.495814,1.176108,2.576873,0.008151,0.005316,9.200600,0.199806,-0.240230,-0.049938,0.190292,C-06,0,0,0,1,1,0,0.015003,-0.203283,0.7292,0.4021,0.2577,2,ok
0,188,3.478925,1.186803,2.575973,0.007698,-0.041344,9.220998,0.199920,-0.015514,-0.015514,0.000000,,0,0,0,1,1,0,0.009332,-0.217955,0.7500,0.4421,0.2617,2,ok
0,189,3.462011,1.197522,2.582002,0.006672,-0.035315,9.240996,0.200516,0.417576,0.134486,-0.283090,C-06,0,0,0,1,1,0,0.005376,-0.226676,0.7708,0.4737,0.2631,2,ok
0,190,3.441573,1.210260,2.598327,0.005618,-0.018990,9.265056,0.201335,0.517883,0.284486,-0.233397,C-06,0,0,0,1,1,0,0.006749,-0.227869,0.8125,0.3895,0.2584,2,ok
0,191,3.424349,1.220745,2.619528,0.004260,-0.039218,9.285386,0.202442,0.440394,0.434486,-0.005908,C-06,0,0,0,1,1,0,0.004979,-0.225238,0.7917,0.4013,0.2612,2,ok
0,192,3.403411,1.233070,2.642457,0.002880,-0.016290,9.309643,0.202544,0.369835,0.369835,0.000000,,0,0,0,1,1,0,0.005053,-0.213262,0.8125,0.3954,0.2636,2,ok
0,193,3.382200,1.245015,2.667468,0.001614,-0.026698,9.334019,0.202984,0.404103,0.404103,0.000000,,0,0,0,1,1,0,0.002731,-0.199238,0.8125,0.4309,0.2610,2,ok
0,194,3.364288,1.254671,2.694685,0.000651,0.000518,9.354345,0.204160,0.526706,0.526706,0.000000,,0,0,0,1,1,0,0.003219,-0.184931,0.7917,0.4052,0.2612,2,ok
0,195,3.346154,1.263892,2.717634,0.000175,0.023468,9.374683,0.203442,0.422592,0.422592,0.000000,,0,0,0,1,1,0,0.002505,-0.160219,0.7500,0.4181,0.2622,2,ok
0,196,3.324188,1.274227,2.736013,-0.000435,0.011947,9.398957,0.202240,-0.114517,0.272592,0.387109,C-06,0,0,0,1,1,0,0.005343,-0.150079,0.7500,0.3842,0.2654,2,ok
0,197,3.305779,1.282322,2.743397,-0.000452,0.019330,9.419067,0.200998,-0.285796,0.122592,0.408389,C-06,0,0,0,1,1,0,0.004316,-0.138748,0.7500,0.4125,0.2617,2,ok
0,198,3.283660,1.291639,2.742176,-0.000457,-0.009595,9.443059,0.199896,-0.211972,-0.027408,0.184565,C-06,0,0,0,1,1,0,0.003038,-0.146443,0.7083,0.4186,0.2708,2,ok
0,199,3.261580,1.300955,2.735041,-0.000730,-0.016731,9.467022,0.199458,-0.115070,-0.115070,0.000000,,0,0,0,1,1,0,0.005692,-0.150853,0.7708,0.3574,0.2616,2,ok
0,200,3.243208,1.308858,2.736365,-0.001213,-0.041421,9.486991,0.200105,0.187785,0.034930,-0.152854,C-06,0,0,0,1,1,0,0.002180,-0.168233,0.8125,0.3809,0.2657,2,ok
0,201,3.221101,1.318318,2.747794,-0.002182,-0.029993,9.511017,0.200767,0.253827,0.184930,-0.068897,C-06,0,0,0,1,1,0,-0.000893,-0.171283,0.7917,0.3952,0.2661,2,ok
0,202,3.198844,1.327759,2.769428,-0.003079,-0.008358,9.535177,0.202167,0.408367,0.334930,-0.073437,C-06,0,0,0,1,1,0,-0.000853,-0.173567,0.7917,0.3777,0.2667,2,ok
0,203,3.180123,1.335604,2.795979,-0.004296,-0.006285,9.555355,0.203769,0.495877,0.484930,-0.010947,C-06,0,0,0,1,1,0,-0.003141,-0.158567,0.7917,0.4116,0.2664,2,ok
0,204,3.161239,1.343037,2.815672,-0.005074,0.013408,9.575634,0.202864,0.322267,0.334930,0.012663,C-06,0,0,0,1,1,0,-0.000097,-0.141986,0.7500,0.3523,0.2622,2,ok
0,205,3.138450,1.351162,2.829103,-0.005442,0.003886,9.599723,0.201533,0.066493,0.184930,0.118437,C-06,0,0,0,1,1,0,0.000244,-0.136212,0.7708,0.3598,0.2624,2,ok
0,206,3.119394,1.357587,2.836873,-0.005608,0.011656,9.619832,0.201066,0.130503,0.130503,0.000000,,0,0,0,1,1,0,0.001703,-0.124212,0.7083,0.3320,0.2624,2,ok
0,207,3.096500,1.364818,2.836218,-0.005343,0.011002,9.641139,0.199974,-0.253617,-0.019497,0.234120,C-06,0,0,0,1,1,0,0.001186,-0.123437,0.7083,0.3430,0.2629,2,ok
0,208,3.073629,1.372022,2.830873,-0.005748,-0.017049,9.667677,0.199676,-0.080505,-0.080505,0.000000,,0,0,0,1,1,0,-0.001081,-0.131804,0.7708,0.3594,0.2636,2,ok
0,209,3.054578,1.378130,2.834268,-0.006131,-0.013655,9.687679,0.200188,0.112575,0.069495,-0.043080,C-06,0,0,0,1,1,0,-0.001301,-0.140200,0.7917,0.3253,0.2661,2,ok
0,210,3.031660,1.385470,2.846638,-0.006907,-0.021659,9.711617,0.200866,0.183684,0.183684,0.000000,,0,0,0,1,1,0,-0.002283,-0.146776,0.8333,0.3172,0.2653,2,ok
0,211,3.008642,1.392809,2.862888,-0.007767,-0.005410,9.735762,0.201735,0.234097,0.234097,0.000000,,0,0,0,1,1,0,-0.003634,-0.141165,0.8542,0.3314,0.2657,2,ok
0,212,2.989380,1.398799,2.875693,-0.008552,-0.013832,9.755736,0.201710,0.214091,0.214091,0.000000,,0,0,0,1,1,0,-0.003455,-0.133544,0.8125,0.3275,0.2655,2,ok
0,213,2.970031,1.404614,2.896608,-0.009390,0.007082,9.775922,0.202489,0.361095,0.361095,0.000000,,0,0,0,1,1,0,-0.003971,-0.130315,0.8125,0.3320,0.2659,2,ok
0,214,2.946700,1.411044,2.912754,-0.009834,0.023229,9.798841,0.201585,0.168524,0.211095,0.042571,C-06,0,0,0,1,1,0,-0.002774,-0.117573,0.8125,0.3184,0.2649,2,ok
0,215,2.927195,1.416085,2.924934,-0.010218,0.015621,9.820107,0.201440,0.197851,0.197851,0.000000,,0,0,0,1,1,0,-0.002191,-0.110253,0.7708,0.3159,0.2637,2,ok
0,216,2.903743,1.421408,2.929218,-0.009938,0.019904,9.844153,0.200327,0.030499,0.047851,0.017352,C-06,0,0,0,1,1,0,-0.002869,-0.105874,0.7500,0.3383,0.2685,2,ok
0,217,2.880298,1.426472,2.922399,-0.009811,-0.006553,9.867903,0.199721,-0.211675,-0.102149,0.109526,C-06,0,0,0,1,1,0,-0.001322,-0.112760,0.7083,0.3053,0.2641,2,ok
0,218,2.860779,1.430801,2.921522,-0.009959,-0.007430,9.887895,0.199948,-0.007659,-0.007659,0.000000,,0,0,0,1,1,0,-0.004253,-0.121962,0.7500,0.3237,0.2653,2,ok
0,219,2.837335,1.436039,2.931260,-0.010324,-0.016279,9.911725,0.200388,0.194712,0.142341,-0.052371,C-06,0,0,0,1,1,0,-0.004778,-0.130190,0.8333,0.3067,0.2643,2,ok
0,220,2.813834,1.441279,2.943631,-0.010980,-0.003908,9.935794,0.200875,0.168120,0.168120,0.000000,,0,0,0,1,1,0,-0.005206,-0.127234,0.8125,0.3094,0.2638,2,ok
0,221,2.794207,1.445603,2.953006,-0.011476,0.005467,9.955886,0.200987,0.148947,0.148947,0.000000,,0,0,0,1,1,0,-0.006442,-0.121418,0.7708,0.3275,0.2648,2,ok
0,222,2.774538,1.449837,2.966308,-0.012215,-0.000569,9.975794,0.201405,0.216871,0.216871,0.000000,,0,0,0,1,1,0,-0.008452,-0.117173,0.7917,0.3777,0.2688,2,ok
0,223,2.750857,1.454884,2.991716,-0.013065,0.024839,9.999992,0.202143,0.342857,0.342857,0.000000,,0,0,0,1,1,0,-0.006994,-0.116801,0.7708,0.3403,0.2655,2,ok
0,224,2.731061,1.458462,3.004857,-0.013343,0.019595,10.019879,0.201066,0.175405,0.192857,0.017452,C-06,0,0,0,1,1,0,-0.005967,-0.100059,0.7708,0.3328,0.2646,2,ok
0,225,2.707253,1.462544,3.026806,-0.013637,0.041543,10.044033,0.201511,0.288033,0.288033,0.000000,,0,0,0,1,1,0,-0.004963,-0.092190,0.7500,0.3308,0.2629,2,ok
0,226,2.683395,1.465801,3.038234,-0.013250,0.035236,10.067850,0.200605,-0.167940,0.138033,0.305973,C-06,0,0,0,1,1,0,-0.006389,-0.078005,0.7500,0.3996,0.2703,2,ok
0,227,2.663494,1.468195,3.045257,-0.012881,0.042259,10.087890,0.200418,0.103585,0.103585,0.000000,,0,0,0,1,1,0,-0.005846,-0.077652,0.7500,0.3922,0.2725,2,ok
0,228,2.639594,1.470950,3.055956,-0.012319,0.052958,10.111942,0.200518,0.136039,0.136039,0.000000,,0,0,0,1,1,0,-0.004354,-0.075192,0.7708,0.3695,0.2691,2,ok
0,229,2.615673,1.473436,3.065418,-0.011927,0.043943,10.135753,0.200397,0.116104,0.116104,0.000000,,0,0,0,1,1,0,-0.002103,-0.075519,0.8542,0.3387,0.2639,2,ok
0,230,2.595725,1.475327,3.073083,-0.011439,0.051607,10.155784,0.200357,0.113483,0.113483,0.000000,,0,0,0,1,1,0,-0.003324,-0.074842,0.8333,0.4002,0.2702,2,ok
0,231,2.575768,1.476960,3.078563,-0.010853,0.039391,10.175628,0.200220,0.078391,0.078391,0.000000,,0,0,0,1,1,0,-0.001822,-0.071244,0.7708,0.3740,0.2711,2,ok
0,232,2.551811,1.478809,3.086058,-0.010218,0.046886,10.199648,0.200241,0.092660,0.092660,0.000000,,0,0,0,1,1,0,-0.002067,-0.065113,0.7500,0.3777,0.2688,2,ok
0,233,2.531839,1.480095,3.089700,-0.009434,0.050529,10.217599,0.200114,0.049901,0.049901,0.000000,,0,0,0,1,1,0,-0.003762,-0.066441,0.7708,0.4333,0.2647,2,ok
0,234,2.507874,1.481369,3.086081,-0.008769,0.029242,10.243436,0.199970,-0.050492,-0.050492,0.000000,,0,0,0,1,1,0,-0.006183,-0.065665,0.7917,0.5054,0.2688,2,ok
0,235,2.483907,1.482702,3.093295,-0.008123,0.036455,10.267432,0.200074,0.104046,0.099508,-0.004538,C-06,0,0,0,1,1,0,-0.003705,-0.077347,0.6875,0.4412,0.2664,2,ok
0,236,2.463925,1.483817,3.103650,-0.007823,0.029554,10.287334,0.200162,0.153549,0.153549,0.000000,,0,0,0,1,1,0,-0.005997,-0.082411,0.7292,0.5058,0.2654,2,ok
0,237,2.439939,1.485071,3.111310,-0.007417,0.037215,10.311349,0.200146,0.089022,0.089022,0.000000,,0,0,0,1,1,0,-0.006480,-0.078022,0.7708,0.5504,0.2723,2,ok
0,238,2.415949,1.486016,3.115957,-0.006962,0.024237,10.335215,0.200069,0.053027,0.053027,0.000000,,0,0,0,1,1,0,-0.004923,-0.078594,0.7917,0.5429,0.2708,2,ok
0,239,2.395953,1.486743,3.125059,-0.006694,0.033340,10.355222,0.200103,0.137132,0.137132,0.000000,,0,0,0,1,1,0,-0.006090,-0.080994,0.8125,0.5753,0.2642,2,ok
0,240,2.375955,1.487456,3.133359,-0.006411,0.041640,10.374166,0.200103,0.116804,0.116804,0.000000,,0,0,0,1,1,0,-0.003941,-0.085722,0.7917,0.5878,0.2671,2,ok
0,241,2.351955,1.488012,3.140871,-0.006201,0.032267,10.399126,0.200038,0.086668,0.086668,0.000000,,0,0,0,1,1,0,-0.003082,-0.080841,0.7917,0.5821,0.2642,2,ok
0,242,2.331955,1.488372,-3.135076,-0.005909,0.039506,10.419127,0.200021,0.103627,0.103627,0.000000,,0,0,0,1,1,0,-0.001435,-0.087530,0.8125,0.5582,0.2669,2,ok
0,243,2.307956,1.488238,-3.135569,-0.005282,0.021350,10.443021,0.200001,-0.013772,-0.013772,0.000000,,0,0,0,1,1,0,-0.002468,-0.085809,0.7500,0.6070,0.2645,2,ok
0,244,2.283956,1.488084,-3.135839,-0.004759,0.021081,10.467015,0.200001,-0.002529,-0.002529,0.000000,,0,0,0,1,1,0,-0.000305,-0.090961,0.7500,0.5830,0.2652,2,ok
0,245,2.263957,1.487958,-3.126837,-0.004474,0.012853,10.486934,0.199984,0.140924,0.140924,0.000000,,0,0,0,1,1,0,-0.001920,-0.111666,0.6875,0.6241,0.2676,2,ok
0,246,2.239962,1.487807,-3.115461,-0.004370,0.024229,10.510929,0.199938,0.135459,0.135459,0.000000,,0,0,0,1,1,0,0.003305,-0.117460,0.7708,0.5367,0.2619,2,ok
0,247,2.215975,1.487653,-3.103245,-0.004334,0.018440,10.534843,0.199863,0.147787,0.147787,0.000000,,0,0,0,1,1,0,0.005658,-0.120975,0.7500,0.4946,0.2620,2,ok
0,248,2.195997,1.487477,-3.086337,-0.004541,0.035348,10.554820,0.199713,0.255504,0.255504,0.000000,,0,0,0,1,1,0,0.007669,-0.125191,0.8333,0.4767,0.2643,2,ok
0,249,2.176037,1.487149,-3.070175,-0.004596,0.051510,10.574783,0.199560,0.236934,0.236934,0.000000,,0,0,0,1,1,0,0.008937,-0.117654,0.8333,0.4666,0.2607,2,ok
0,250,2.152115,1.486265,-3.052111,-0.004444,0.052377,10.598643,0.199423,0.223638,0.223638,0.000000,,0,0,0,1,1,0,0.009879,-0.110997,0.8333,0.4720,0.2650,2,ok
0,251,2.132217,1.485320,-3.028902,-0.004224,0.075586,10.618563,0.198985,0.361430,0.361430,0.000000,,0,0,0,1,1,0,0.011847,-0.106398,0.8125,0.4264,0.2657,2,ok
0,252,2.108394,1.483381,-3.011588,-0.003307,0.074240,10.642372,0.199156,0.008374,0.211430,0.203056,C-06,0,0,0,1,1,0,0.015118,-0.102409,0.7500,0.3799,0.2598,2,ok
0,253,2.084606,1.480503,-3.006117,-0.001798,0.079710,10.666286,0.199714,-0.374340,0.061430,0.435770,C-06,0,0,0,1,1,0,0.016016,-0.094783,0.7500,0.4071,0.2624,3,ok
0,254,2.064783,1.477810,-3.011293,-0.000247,0.074535,10.686231,0.200131,-0.376645,-0.088570,0.288076,C-06,0,0,0,1,1,0,0.019248,-0.098868,0.7708,0.3296,0.2615,2,ok
0,255,2.040992,1.474692,-3.007239,0.001198,0.056647,10.710180,0.199891,0.793078,0.061430,-0.731648,C-06,0,0,0,1,1,0,0.017592,-0.119944,0.6875,0.3474,0.2681,2,ok
0,256,2.017233,1.471582,-2.991750,0.002624,0.072136,10.734099,0.199472,1.000000,0.211430,-0.788570,C-06,0,0,0,1,1,0,0.018212,-0.120774,0.7500,0.3371,0.2615,2,ok
0,257,1.997490,1.468991,-2.969679,0.003465,0.068213,10.754065,0.198791,0.426734,0.361430,-0.065304,C-06,0,0,0,1,1,0,0.018178,-0.114786,0.8125,0.3217,0.2658,3,ok
0,258,1.977810,1.466149,-2.955570,0.004423,0.082323,10.773926,0.198821,-0.068748,0.211430,0.280179,C-06,0,0,0,1,1,0,0.021009,-0.100044,0.8333,0.2748,0.2638,2,ok
0,259,1.954238,1.461924,-2.950195,0.006236,0.059114,10.798006,0.199624,-0.061828,0.061430,0.123258,C-06,0,0,0,1,1,0,0.020358,-0.085466,0.8125,0.3075,0.2669,2,ok
0,260,1.934602,1.458139,-2.951006,0.007466,0.058303,10.817965,0.200018,-0.018706,-0.018706,0.000000,,0,0,0,1,1,0,0.020996,-0.079959,0.8333,0.2781,0.2638,3,ok
0,261,1.911042,1.453580,-2.948641,0.008958,0.060669,10.841916,0.199936,0.034881,0.034881,0.000000,,0,0,0,1,1,0,0.022230,-0.099899,0.7708,0.2527,0.2639,2,ok
0,262,1.887493,1.449020,-2.946110,0.009771,0.031792,10.866235,0.199840,0.033758,0.033758,0.000000,,0,0,0,1,1,0,0.022840,-0.111314,0.7917,0.2091,0.2627,3,ok
0,263,1.867891,1.445221,-2.936597,0.010272,0.041305,10.886195,0.199487,0.164298,0.164298,0.000000,,0,0,0,1,1,0,0.021623,-0.113195,0.6875,0.2099,0.2645,2,ok
0,264,1.844448,1.440662,-2.914313,0.010613,0.032620,10.910435,0.198573,0.916134,0.314298,-0.601836,C-06,0,0,0,1,1,0,0.020672,-0.111125,0.7500,0.2098,0.2645,3,ok
0,265,1.821155,1.436103,-2.881526,0.010446,0.065406,10.934169,0.197050,1.000000,0.464298,-0.535702,C-06,0,0,0,1,1,0,0.023327,-0.102601,0.7292,0.1629,0.2595,3,ok
0,266,1.801880,1.431703,-2.862132,0.010923,0.084801,10.953934,0.197756,-0.110148,0.314298,0.424446,C-06,0,0,0,1,1,0,0.024009,-0.067574,0.8125,0.1841,0.2657,2,ok
0,267,1.782686,1.426571,-2.851716,0.011642,0.067482,10.974090,0.198761,-0.071816,0.164298,0.236114,C-06,0,0,0,1,1,0,0.025851,-0.052098,0.8333,0.1678,0.2632,3,ok
0,268,1.759695,1.419762,-2.850089,0.013087,0.069109,10.998025,0.199888,-0.313303,0.014298,0.327600,C-06,0,0,0,1,1,0,0.026942,-0.044367,0.8125,0.1646,0.2677,3,ok
0,269,1.740520,1.414016,-2.857363,0.014156,0.037184,11.018321,0.200375,-0.254603,-0.135702,0.118901,C-06,0,0,0,1,1,0,0.027357,-0.046504,0.7917,0.1559,0.2651,3,ok
0,270,1.717441,1.407117,-2.870490,0.015129,0.024057,11.042390,0.201057,-0.188091,-0.188091,0.000000,,0,0,0,1,1,0,0.027056,-0.054251,0.8125,0.1431,0.2676,2,ok
0,271,1.694248,1.400218,-2.893890,0.015986,-0.019950,11.066850,0.202186,-0.708526,-0.338091,0.370435,C-06,0,0,0,1,1,0,0.025214,-0.071709,0.7917,0.1146,0.2633,3,ok
0,272,1.674793,1.394469,-2.922684,0.016386,-0.048743,11.087132,0.203447,-0.868016,-0.488091,0.379925,C-06,0,0,0,1,1,0,0.023831,-0.081637,0.7708,0.1191,0.2655,3,ok
0,273,1.651300,1.388223,-2.948633,0.016198,-0.074693,11.111441,0.202439,0.009767,-0.338091,-0.347857,C-06,0,0,0,1,1,0,0.019799,-0.121808,0.7292,0.0839,0.2631,2,ok
0,274,1.627711,1.383011,-2.963486,0.014514,-0.107267,11.135894,0.201225,1.000000,-0.188091,-1.188091,C-06,0,0,0,1,1,0,0.017066,-0.138282,0.6875,0.1032,0.2634,2,ok
0,275,1.608020,1.379336,-2.966651,0.012414,-0.110431,11.155814,0.200229,0.387343,-0.038091,-0.425433,C-06,0,0,0,1,1,0,0.007319,-0.176004,0.8333,0.1293,0.2669,2,ok
0,276,1.588335,1.375848,-2.960458,0.010006,-0.120424,11.175813,0.199791,0.307752,0.111909,-0.195843,C-06,0,0,0,1,1,0,0.006446,-0.184958,0.8125,0.0588,0.2652,2,ok
0,277,1.568689,1.372371,-2.945000,0.007456,-0.104965,11.195601,0.199240,0.457919,0.261909,-0.196009,C-06,0,0,0,1,1,0,0.002489,-0.183120,0.7708,0.0888,0.2671,2,ok
0,278,1.545221,1.368198,-2.915423,0.004428,-0.075389,11.217985,0.198045,0.699396,0.411909,-0.287487,C-06,0,0,0,1,1,0,0.001217,-0.167780,0.8125,0.0654,0.2659,2,ok
0,279,1.525791,1.364677,-2.889049,0.001715,-0.063072,11.238862,0.197177,0.437186,0.437186,0.000000,,0,0,0,1,1,0,0.001320,-0.146090,0.7917,0.0398,0.2651,2,ok
0,280,1.506479,1.360470,-2.868680,-0.000293,-0.042704,11.258525,0.197674,0.331742,0.331742,0.000000,,0,0,0,1,1,0,-0.000405,-0.121003,0.7708,0.0816,0.2681,2,ok
0,281,1.483413,1.354482,-2.855137,-0.001960,-0.040185,11.282282,0.198642,0.117562,0.181742,0.064181,C-06,0,0,0,1,1,0,0.001772,-0.098192,0.7708,0.0106,0.2683,2,ok
0,282,1.464237,1.348921,-2.852556,-0.002933,-0.037604,11.302224,0.199754,-0.042100,0.031742,0.073843,C-06,0,0,0,1,1,0,0.001659,-0.081627,0.7500,0.0012,0.2653,2,ok
0,283,1.441211,1.342084,-2.859876,-0.003985,-0.054445,11.326195,0.200383,-0.114237,-0.114237,0.000000,,0,0,0,1,1,0,0.003298,-0.081298,0.6875,-0.0572,0.2660,2,ok
0,284,1.422002,1.336520,-2.858399,-0.005103,-0.052968,11.346163,0.199908,0.070293,0.035763,-0.034530,C-06,0,0,0,1,1,0,-0.001222,-0.082613,0.7917,-0.0160,0.2661,2,ok
0,285,1.402825,1.330945,-2.848242,-0.006199,-0.042811,11.366104,0.199448,0.328559,0.185763,-0.142796,C-06,0,0,0,1,1,0,-0.003146,-0.088733,0.8125,-0.0097,0.2663,2,ok
0,286,1.379885,1.324250,-2.838314,-0.007610,-0.041109,11.389914,0.198928,0.138894,0.138894,0.000000,,0,0,0,1,1,0,-0.003568,-0.081382,0.8125,-0.0314,0.2644,2,ok
0,287,1.360844,1.318578,-2.822217,-0.008706,-0.025011,11.409751,0.198242,0.289326,0.288894,-0.000432,C-06,0,0,0,1,1,0,-0.003498,-0.072103,0.8333,-0.0510,0.2663,2,ok
0,288,1.341911,1.312856,-2.804816,-0.009760,-0.014051,11.429444,0.197653,0.304884,0.304884,0.000000,,0,0,0,1,1,0,-0.003809,-0.062763,0.7917,-0.0537,0.2677,3,ok
0,289,1.319310,1.305313,-2.792335,-0.010447,-0.001571,11.453260,0.198596,0.177352,0.177352,0.000000,,0,0,0,1,1,0,-0.003237,-0.042167,0.7708,-0.0577,0.2648,2,ok
0,290,1.300527,1.298535,-2.790187,-0.010539,0.000578,11.473229,0.199778,-0.042212,0.027352,0.069564,C-06,0,0,0,1,1,0,-0.001102,-0.016217,0.7917,-0.1031,0.2653,2,ok
0,291,1.281734,1.291653,-2.795225,-0.010662,-0.009150,11.493174,0.200311,-0.098521,-0.098521,0.000000,,0,0,0,1,1,0,-0.004092,-0.011157,0.7292,-0.0443,0.2664,3,ok
0,292,1.259166,1.283503,-2.792988,-0.010921,-0.006913,11.517167,0.199849,0.042501,0.042501,0.000000,,0,0,0,1,1,0,-0.003156,-0.017250,0.7500,-0.0814,0.2675,2,ok
0,293,1.240392,1.276718,-2.785768,-0.011206,-0.004037,11.537064,0.199400,0.136166,0.136166,0.000000,,0,0,0,1,1,0,-0.002895,-0.015708,0.6875,-0.0974,0.2616,3,ok
0,294,1.221651,1.269785,-2.784245,-0.011382,-0.002514,11.557045,0.199858,0.017513,0.017513,0.000000,,0,0,0,1,1,0,-0.001229,-0.015443,0.7708,-0.1348,0.2646,2,ok
0,295,1.199147,1.261391,-2.789555,-0.011519,-0.010838,11.581084,0.200333,-0.084883,-0.084883,0.000000,,0,0,0,1,1,0,-0.002155,-0.008738,0.8125,-0.1227,0.2656,2,ok
0,296,1.180383,1.254489,-2.786324,-0.011696,-0.007607,11.601076,0.199807,0.073209,0.065117,-0.008092,C-06,0,0,0,1,1,0,-0.004097,-0.006542,0.7917,-0.1171,0.2639,2,ok
0,297,1.157897,1.246211,-2.782837,-0.011902,-0.004120,11.625037,0.199588,0.050895,0.050895,0.000000,,0,0,0,1,1,0,-0.004414,-0.002122,0.7708,-0.1259,0.2649,3,ok
0,298,1.139185,1.239303,-2.778373,-0.012156,-0.001297,11.644920,0.199343,0.081617,0.081617,0.000000,,0,0,0,1,1,0,-0.004231,0.003021,0.7917,-0.1384,0.2678,3,ok
0,299,1.120499,1.232268,-2.776074,-0.012284,0.001002,11.664887,0.199696,0.037487,0.037487,0.000000,,0,0,0,1,1,0,-0.003693,0.013511,0.7500,-0.1499,0.2676,2,ok
0,300,1.098058,1.223693,-2.783019,-0.012313,-0.005530,11.688916,0.200446,-0.254829,-0.112513,0.142316,C-06,0,0,0,1,1,0,-0.004715,0.017583,0.7500,-0.1188,0.2683,2,ok
0,301,1.079284,1.216565,-2.797040,-0.012376,-0.019552,11.708997,0.201230,-0.362233,-0.262513,0.099720,C-06,0,0,0,1,1,0,-0.003089,0.016865,0.7083,-0.1856,0.2678,3,ok
0,302,1.060435,1.209597,-2.803966,-0.012615,-0.026721,11.729097,0.200931,-0.095840,-0.112513,-0.016673,C-06,0,0,0,1,1,0,-0.002600,0.012770,0.7500,-0.2275,0.2664,2,ok
0,303,1.037795,1.201633,-2.802099,-0.013271,-0.024854,11.753088,0.199869,0.086243,0.037487,-0.048757,C-06,0,0,0,1,1,0,-0.006124,0.005515,0.7083,-0.1894,0.2690,2,ok
0,304,1.018928,1.194973,-2.804995,-0.013796,-0.027750,11.773089,0.200180,-0.058850,-0.058850,0.000000,,0,0,0,1,1,0,-0.006264,0.008739,0.7917,-0.2166,0.2673,3,ok
0,305,1.000062,1.188368,-2.800941,-0.014292,-0.021022,11.793134,0.199745,0.083105,0.083105,0.000000,,0,0,0,1,1,0,-0.006629,0.005512,0.8333,-0.2326,0.2682,2,ok
0,306,0.977470,1.180447,-2.793557,-0.014865,-0.013638,11.817067,0.199281,0.109966,0.109966,0.000000,,0,0,0,1,1,0,-0.004874,0.011129,0.8333,-0.2804,0.2674,2,ok
0,307,0.958692,1.173833,-2.786733,-0.015329,-0.003847,11.836949,0.199020,0.122511,0.122511,0.000000,,0,0,0,1,1,0,-0.004874,0.011129,0.8333,-0.2804,0.2674,2,ok
0,308,0.939957,1.167058,-2.781275,-0.015638,0.001611,11.856869,0.199239,0.094725,0.094725,0.000000,,0,0,0,1,1,0,-0.006721,0.036292,0.7708,-0.2368,0.2669,3,ok
0,309,0.917487,1.158608,-2.784483,-0.015648,0.002424,11.881023,0.200203,-0.077386,-0.055275,0.022111,C-06,0,0,0,1,1,0,-0.004434,0.044962,0.7917,-0.2960,0.2658,2,ok
0,310,0.898714,1.151604,-2.795454,-0.015569,-0.008546,11.901060,0.200699,-0.315422,-0.205275,0.110147,C-06,0,0,0,1,1,0,-0.003185,0.051258,0.7292,-0.3354,0.2622,3,ok
0,311,0.876056,1.143204,-2.816537,-0.015521,-0.029630,11.924184,0.201982,-0.316350,-0.316350,0.000000,,0,0,0,1,1,0,-0.005804,0.044749,0.6875,-0.2926,0.2658,3,ok
0,312,0.857069,1.136475,-2.826841,-0.015733,-0.035410,11.945398,0.201376,0.329275,-0.166350,-0.495625,C-06,0,0,0,1,1,0,-0.006423,0.034059,0.7292,-0.3425,0.2699,3,ok
0,313,0.838042,1.130200,-2.829326,-0.016387,-0.037895,11.965422,0.200270,-0.033529,-0.033529,0.000000,,0,0,0,1,1,0,-0.006294,0.024869,0.7708,-0.3908,0.2664,2,ok
0,314,0.815203,1.122810,-2.829180,-0.017214,-0.031012,11.989508,0.200020,0.004658,0.004658,0.000000,,0,0,0,1,1,0,-0.007481,0.023179,0.8125,-0.3852,0.2686,2,ok
0,315,0.796175,1.116656,-2.827730,-0.017868,-0.029562,12.009495,0.199940,0.026826,0.026826,0.000000,,0,0,0,1,1,0,-0.007897,0.032550,0.8125,-0.4037,0.2701,3,ok
0,316,0.777165,1.110503,-2.823464,-0.018470,-0.018509,12.029595,0.199697,0.078135,0.078135,0.000000,,0,0,0,1,1,0,-0.008598,0.040927,0.8125,-0.4087,0.2694,3,ok
0,317,0.754394,1.103119,-2.816737,-0.019066,-0.011782,12.053526,0.199297,0.098554,0.098554,0.000000,,0,0,0,1,1,0,-0.007278,0.049493,0.7917,-0.4434,0.2711,2,ok
0,318,0.735434,1.096748,-2.819074,-0.019353,-0.014119,12.072000,0.200142,-0.056065,-0.051446,0.004619,C-06,0,0,0,1,1,0,-0.005847,0.061234,0.7917,-0.4892,0.2695,2,ok
0,319,0.716441,1.090361,-2.827344,-0.019427,-0.013904,12.093750,0.200614,-0.152463,-0.152463,0.000000,,0,0,0,1,1,0,-0.003920,0.072414,0.7708,-0.5370,0.2685,3,ok
0,320,0.693549,1.082697,-2.846805,-0.019566,-0.033365,12.117890,0.201698,-0.289641,-0.289641,0.000000,,0,0,0,1,1,0,-0.005131,0.072455,0.7292,-0.5349,0.2666,3,ok
0,321,0.674385,1.076577,-2.855638,-0.019797,-0.032105,12.138197,0.201123,0.123225,-0.139641,-0.262865,C-06,0,0,0,1,1,0,-0.004797,0.071315,0.7292,-0.5704,0.2618,3,ok
0,322,0.655190,1.070858,-2.857821,-0.020390,-0.034287,12.158217,0.200219,-0.028059,-0.028059,0.000000,,0,0,0,1,1,0,-0.007827,0.064203,0.7708,-0.5637,0.2663,3,ok
0,323,0.632131,1.064047,-2.863747,-0.021026,-0.029024,12.182468,0.200516,-0.086268,-0.086268,0.000000,,0,0,0,1,1,0,-0.008323,0.066670,0.8333,-0.5860,0.2669,3,ok
0,324,0.612884,1.058381,-2.868836,-0.021477,-0.034114,12.202527,0.200671,-0.085851,-0.085851,0.000000,,0,0,0,1,1,0,-0.007104,0.071573,0.8542,-0.6530,0.2724,3,ok
0,325,0.589758,1.051765,-2.872992,-0.022087,-0.026330,12.226874,0.200434,-0.056302,-0.056302,0.000000,,0,0,0,1,1,0,-0.008140,0.074026,0.8125,-0.6611,0.2722,3,ok
0,326,0.570470,1.046396,-2.874612,-0.022558,-0.027950,12.246890,0.200191,-0.025027,-0.025027,0.000000,,0,0,0,1,1,0,-0.009348,0.082355,0.7708,-0.6578,0.2686,3,ok
0,327,0.551156,1.041095,-2.884215,-0.023101,-0.037553,12.266882,0.200507,-0.192181,-0.175027,0.017154,C-06,0,0,0,1,1,0,-0.011319,0.093236,0.7292,-0.6365,0.2703,3,ok
0,328,0.527882,1.034738,-2.906955,-0.023483,-0.046973,12.291322,0.201555,-0.326455,-0.325027,0.001428,C-06,0,0,0,1,1,0,-0.008366,0.099800,0.7500,-0.7492,0.2664,3,ok
0,329,0.508399,1.029577,-2.920265,-0.023960,-0.060284,12.311471,0.201527,-0.206929,-0.206929,0.000000,,0,0,0,1,1,0,-0.010931,0.091576,0.7500,-0.7411,0.2673,3,ok
0,330,0.488873,1.024956,-2.925922,-0.024746,-0.051459,12.331844,0.200581,-0.083246,-0.083246,0.000000,,0,0,0,1,1,0,-0.012867,0.091388,0.7292,-0.7298,0.2661,3,ok
0,331,0.465430,1.019809,-2.925023,-0.026018,-0.050560,12.355811,0.199951,0.018214,0.018214,0.000000,,0,0,0,1,1,0,-0.012909,0.089021,0.7292,-0.7937,0.2628,3,ok
0,332,0.445912,1.015535,-2.917858,-0.026880,-0.027348,12.376212,0.199662,0.126824,0.126824,0.000000,,0,0,0,1,1,0,-0.015090,0.103981,0.8333,-0.7837,0.2626,3,ok
0,333,0.426413,1.011099,-2.917405,-0.027458,-0.026896,12.396201,0.200007,-0.003023,-0.003023,0.000000,,0,0,0,1,1,0,-0.017024,0.120866,0.8542,-0.7413,0.2600,3,ok
0,334,0.403005,1.005760,-2.920823,-0.027992,-0.012453,12.420655,0.200147,-0.049317,-0.049317,0.000000,,0,0,0,1,1,0,-0.017024,0.120866,0.8542,-0.7413,0.2600,3,ok
0,335,0.383496,1.001379,-2.917787,-0.028301,-0.009417,12.440647,0.199869,0.057528,0.057528,0.000000,,0,0,0,1,1,0,-0.017529,0.151325,0.8125,-0.7502,0.2611,3,ok
0,336,0.363987,0.996941,-2.921808,-0.028554,-0.013438,12.459288,0.200172,-0.075681,-0.075681,0.000000,,0,0,0,1,1,0,-0.016628,0.168531,0.7708,-0.7701,0.2595,3,ok
0,337,0.340526,0.991608,-2.937687,-0.028308,-0.009632,12.485327,0.200804,-0.230610,-0.225681,0.004930,C-06,0,0,0,1,1,0,-0.018349,0.184759,0.7500,-0.7191,0.2607,3,ok
0,338,0.320912,0.987165,-2.952520,-0.028147,-0.024464,12.505438,0.201369,-0.239357,-0.239357,0.000000,,0,0,0,1,1,0,-0.019486,0.192524,0.7083,-0.7160,0.2596,3,ok
0,339,0.297321,0.982359,-2.960012,-0.027982,-0.011033,12.530118,0.200564,0.137092,-0.089357,-0.226450,C-06,0,0,0,1,1,0,-0.020210,0.195302,0.7708,-0.6936,0.2594,3,ok
0,340,0.277643,0.978597,-2.963487,-0.028069,-0.014507,12.550152,0.200320,-0.052231,-0.052231,0.000000,,0,0,0,1,1,0,-0.020685,0.199811,0.7500,-0.6763,0.2584,3,ok
0,341,0.257950,0.974881,-2.969320,-0.027834,0.004086,12.570824,0.200501,-0.095599,-0.095599,0.000000,,0,0,0,1,1,0,-0.020058,0.209892,0.8125,-0.6587,0.2609,3,ok
0,342,0.234312,0.970758,-2.965704,-0.027787,0.007701,12.594819,0.199875,0.143842,0.054401,-0.089441,C-06,0,0,0,1,1,0,-0.020011,0.216361,0.8125,-0.6452,0.2535,3,ok
0,343,0.214618,0.967259,-2.967621,-0.027366,0.030961,12.615449,0.200069,-0.036082,-0.036082,0.000000,,0,0,0,1,1,0,-0.020594,0.232128,0.8125,-0.5809,0.2547,3,ok
0,344,0.194902,0.963755,-2.978568,-0.026807,0.020014,12.635465,0.200413,-0.287378,-0.186082,0.101296,C-06,0,0,0,1,1,0,-0.017071,0.255331,0.7917,-0.6054,0.2555,3,ok
0,345,0.171180,0.959550,-3.001348,-0.025739,0.024979,12.660423,0.201082,-0.304686,-0.304686,0.000000,,0,0,0,1,1,0,-0.018081,0.265279,0.7708,-0.5348,0.2573,3,ok
0,346,0.151342,0.956047,-3.028963,-0.024519,-0.002636,12.680531,0.201763,-0.435531,-0.435531,0.000000,,0,0,0,1,1,0,-0.014366,0.255522,0.7292,-0.5708,0.2581,3,ok
0,347,0.131447,0.952905,-3.048574,-0.023501,0.007971,12.701252,0.201314,-0.069258,-0.285531,-0.216273,C-06,0,0,0,1,1,0,-0.017306,0.245311,0.7292,-0.4848,0.2609,3,ok
0,348,0.107538,0.950150,-3.060268,-0.022879,-0.003723,12.725311,0.200497,1.000000,-0.135531,-1.135531,C-06,0,0,0,1,1,0,-0.015202,0.236352,0.7708,-0.4958,0.2591,3,ok
0,349,0.087603,0.948494,-3.060012,-0.022825,0.029177,12.746101,0.199992,0.442614,0.014469,-0.428144,C-06,0,0,0,1,1,0,-0.015564,0.232102,0.7917,-0.4380,0.2623,3,ok
0,350,0.067664,0.946869,-3.068217,-0.022289,0.020971,12.766099,0.200116,-0.186615,-0.135531,0.051084,C-06,0,0,0,1,1,0,-0.015564,0.232102,0.7917,-0.4380,0.2623,3,ok
0,351,0.043713,0.944918,-3.088689,-0.021508,0.033380,12.790874,0.200370,-0.259269,-0.259269,0.000000,,0,0,0,1,1,0,-0.010387,0.238256,0.7917,-0.4403,0.2600,3,ok
0,352,0.023732,0.943292,-3.109935,-0.020275,0.012135,12.810884,0.200552,-0.311686,-0.311686,0.000000,,0,0,0,1,1,0,-0.010227,0.239576,0.8125,-0.3847,0.2624,3,ok
0,353,-0.000263,0.941484,-3.132629,-0.018836,0.024136,12.835569,0.200429,-0.267936,-0.267936,0.000000,,0,0,0,1,1,0,-0.008203,0.229001,0.7917,-0.3954,0.2586,3,ok
0,354,-0.020262,0.940197,3.123228,-0.017244,-0.003192,12.855546,0.200384,-0.399584,-0.399584,0.000000,,0,0,0,1,1,0,-0.008636,0.214229,0.7500,-0.3363,0.2622,3,ok
0,355,-0.040250,0.939086,3.092813,-0.015828,-0.033608,12.875515,0.199957,-0.442630,-0.442630,0.000000,,0,0,0,1,1,0,-0.006790,0.199301,0.7083,-0.3592,0.2624,3,ok
0,356,-0.064204,0.939118,3.068175,-0.014740,-0.024445,12.899994,0.199499,0.536025,-0.292630,-0.828655,C-06,0,0,0,1,1,0,-0.007649,0.178797,0.7500,-0.3222,0.2632,3,ok
0,357,-0.084142,0.940088,3.057654,-0.014709,-0.034966,12.919955,0.199616,1.000000,-0.142630,-1.142630,C-06,0,0,0,1,1,0,-0.009457,0.163954,0.7917,-0.2694,0.2647,3,ok
0,358,-0.104069,0.941634,3.054812,-0.014695,-0.005559,12.940450,0.199888,-0.034870,-0.034870,0.000000,,0,0,0,1,1,0,-0.006678,0.153971,0.8125,-0.3120,0.2653,3,ok
0,359,-0.127968,0.943557,3.044832,-0.014592,-0.015539,12.964426,0.199717,-0.131447,-0.131447,0.000000,,0,0,0,1,1,0,-0.006961,0.154924,0.8125,-0.2928,0.2648,3,ok
0,360,-0.147874,0.945469,3.045086,-0.014383,0.015386,12.984859,0.200007,0.014162,0.014162,0.000000,,0,0,0,1,1,0,-0.005129,0.156595,0.7917,-0.2666,0.2659,3,ok
0,361,-0.167776,0.947405,3.039140,-0.014033,0.009441,13.004852,0.199898,-0.099257,-0.099257,0.000000,,0,0,0,1,1,0,-0.002707,0.162360,0.8125,-0.2700,0.2610,3,ok
0,362,-0.191627,0.949728,3.020464,-0.013279,0.018966,13.029177,0.199498,-0.345245,-0.249257,0.095988,C-06,0,0,0,1,1,0,-0.000566,0.162492,0.7500,-0.2821,0.2663,3,ok
0,363,-0.211450,0.951664,2.995556,-0.012398,-0.005942,13.049074,0.198856,-0.406495,-0.399257,0.007237,C-06,0,0,0,1,1,0,-0.003090,0.158449,0.7292,-0.2085,0.2678,3,ok
0,364,-0.231211,0.953863,2.978804,-0.011629,0.003255,13.069265,0.198791,-0.207230,-0.249257,-0.042028,C-06,0,0,0,1,1,0,-0.002820,0.143845,0.7500,-0.2207,0.2631,3,ok
0,365,-0.254876,0.957413,2.970661,-0.011157,-0.004888,13.093190,0.199452,0.831475,-0.099257,-0.930733,C-06,0,0,0,1,1,0,-0.003424,0.128703,0.7292,-0.2071,0.2716,3,ok
0,366,-0.274588,0.960796,2.973084,-0.011184,-0.002465,13.110385,0.200090,0.727801,0.050743,-0.677058,C-06,0,0,0,1,1,0,-0.001734,0.116942,0.8542,-0.1975,0.2654,3,ok
0,367,-0.298236,0.964820,2.966396,-0.010575,0.014316,13.137423,0.199778,-0.194763,-0.099257,0.095505,C-06,0,0,0,1,1,0,0.000888,0.125854,0.8125,-0.2261,0.2671,3,ok
0,368,-0.317908,0.968169,2.953260,-0.010125,0.001180,13.157373,0.199326,-0.220459,-0.220459,0.000000,,0,0,0,1,1,0,-0.000001,0.127738,0.8542,-0.1734,0.2640,3,ok
0,369,-0.337536,0.971555,2.944203,-0.009264,0.013609,13.177507,0.199154,-0.140079,-0.140079,0.000000,,0,0,0,1,1,0,0.000995,0.119536,0.7708,-0.1838,0.2647,3,ok
0,370,-0.361033,0.975731,2.928359,-0.008347,-0.002234,13.201355,0.198649,-0.218316,-0.218316,0.000000,,0,0,0,1,1,0,0.001084,0.119130,0.7917,-0.1707,0.2624,3,ok
0,371,-0.380552,0.979414,2.915144,-0.007514,0.004256,13.221344,0.198609,-0.215095,-0.215095,0.000000,,0,0,0,1,1,0,-0.000330,0.112940,0.7917,-0.1142,0.2646,3,ok
0,372,-0.400000,0.983260,2.896759,-0.006790,-0.014130,13.241156,0.197948,-0.311293,-0.311293,0.000000,,0,0,0,1,1,0,0.002304,0.101635,0.7292,-0.1627,0.2623,3,ok
0,373,-0.423232,0.988414,2.879057,-0.006264,-0.013840,13.265059,0.198294,-0.242494,-0.242494,0.000000,,0,0,0,1,1,0,0.000032,0.090073,0.7500,-0.1139,0.2664,3,ok
0,374,-0.442530,0.993377,2.873076,-0.006317,-0.019821,13.284985,0.199313,1.000000,-0.092494,-1.092494,C-06,0,0,0,1,1,0,0.001471,0.067038,0.7708,-0.1468,0.2663,3,ok
0,375,-0.461819,0.998668,2.875851,-0.006617,-0.000636,13.305104,0.200143,0.938175,0.057506,-0.880670,C-06,0,0,0,1,1,0,0.001471,0.067038,0.7708,-0.1468,0.2663,3,ok
0,376,-0.484973,1.004970,2.874559,-0.006583,-0.001928,13.329101,0.199926,-0.022880,-0.022880,0.000000,,0,0,0,1,1,0,0.001627,0.067342,0.7917,-0.1191,0.2649,3,ok
0,377,-0.504242,1.010247,2.865149,-0.006586,-0.011338,13.349079,0.199548,-0.178296,-0.172880,0.005416,C-06,0,0,0,1,1,0,0.001388,0.067322,0.8333,-0.0929,0.2661,3,ok
0,378,-0.523471,1.015593,2.861508,-0.006386,0.000145,13.369128,0.199595,-0.053044,-0.053044,0.000000,,0,0,0,1,1,0,0.001684,0.071189,0.8125,-0.0940,0.2651,3,ok
0,379,-0.546549,1.022222,2.866165,-0.006352,0.004802,13.393140,0.200245,0.073459,0.073459,0.000000,,0,0,0,1,1,0,0.000533,0.065911,0.8125,-0.0580,0.2693,3,ok
0,380,-0.565787,1.027662,2.862294,-0.006001,0.014828,13.413225,0.199793,-0.243840,-0.076541,0.167299,C-06,0,0,0,1,1,0,0.003376,0.070213,0.7500,-0.0776,0.2659,3,ok
0,381,-0.588808,1.034182,2.846988,-0.005513,-0.000478,13.437146,0.198987,-0.465779,-0.226541,0.239239,C-06,0,0,0,1,1,0,0.003170,0.070548,0.7292,-0.0494,0.2683,3,ok
0,382,-0.607930,1.039824,2.841889,-0.005201,0.006244,13.457140,0.199404,0.311496,-0.076541,-0.388037,C-06,0,0,0,1,1,0,0.004073,0.064435,0.7083,-0.0595,0.2622,3,ok
0,383,-0.627047,1.045715,2.845535,-0.005031,0.009890,13.477144,0.200194,1.000000,0.073459,-0.926541,C-06,0,0,0,1,1,0,0.000682,0.066638,0.7500,-0.0069,0.2662,3,ok
0,384,-0.650051,1.052802,2.860520,-0.004751,0.036097,13.501268,0.200984,0.714340,0.223459,-0.490880,C-06,0,0,0,1,1,0,0.000013,0.061400,0.7917,0.0196,0.2693,3,ok
0,385,-0.669283,1.058516,2.865673,-0.004155,0.041249,13.521321,0.200575,-0.452763,0.073459,0.526223,C-06,0,0,0,1,1,0,0.006060,0.070828,0.8333,-0.0297,0.2668,3,ok
0,386,-0.688518,1.063980,2.861981,-0.003320,0.037558,13.541300,0.199810,-0.738283,-0.076541,0.661743,C-06,0,0,0,1,1,0,0.006104,0.079851,0.7917,0.0038,0.2662,3,ok
0,387,-0.711539,1.070515,2.846941,-0.002149,0.032093,13.565226,0.199018,-0.523699,-0.226541,0.297158,C-06,0,0,0,1,1,0,0.008247,0.079564,0.8125,0.0216,0.2643,3,ok
0,388,-0.730617,1.075960,2.825891,-0.001192,0.011043,13.585044,0.197832,-0.414611,-0.376541,0.038071,C-06,0,0,0,1,1,0,0.009304,0.069713,0.7917,0.0179,0.2669,3,ok
0,389,-0.749555,1.081444,2.802258,-0.000182,-0.003977,13.604742,0.196865,-0.414678,-0.414678,0.000000,,0,0,0,1,1,0,0.007845,0.052986,0.7500,0.0253,0.2633,3,ok
0,390,-0.772044,1.088440,2.767159,0.000658,-0.039076,13.628280,0.196015,-0.527728,-0.527728,0.000000,,0,0,0,1,1,0,0.005504,0.028300,0.7292,0.0566,0.2676,3,ok
0,391,-0.790577,1.095116,2.745602,0.000536,-0.053339,13.647974,0.197093,0.502394,-0.377728,-0.880122,C-06,0,0,0,1,1,0,0.004006,0.003825,0.7292,0.0423,0.2650,3,ok
0,392,-0.808978,1.102469,2.732691,-0.000174,-0.066249,13.667776,0.198229,1.000000,-0.227728,-1.227728,C-06,0,0,0,1,1,0,-0.000345,-0.021079,0.7917,0.0890,0.2666,2,ok
0,393,-0.830970,1.111872,2.727035,-0.001604,-0.071905,13.690578,0.199389,0.503934,-0.077728,-0.581662,C-06,0,0,0,1,1,0,-0.001321,-0.037388,0.7917,0.0704,0.2669,2,ok
0,394,-0.849286,1.119914,2.730375,-0.002861,-0.062065,13.711626,0.200217,0.170788,0.072272,-0.098516,C-06,0,0,0,1,1,0,-0.002810,-0.049736,0.7917,0.0569,0.2635,3,ok
0,395,-0.871313,1.129577,2.736220,-0.004373,-0.056221,13.735632,0.200639,0.090370,0.090370,0.000000,,0,0,0,1,1,0,-0.003702,-0.049502,0.7917,0.0807,0.2661,3,ok
0,396,-0.889720,1.137629,2.743508,-0.005545,-0.043640,13.755709,0.201113,0.136457,0.136457,0.000000,,0,0,0,1,1,0,-0.004747,-0.043655,0.7917,0.1036,0.2674,2,ok
0,397,-0.908180,1.145563,2.749796,-0.006569,-0.037352,13.775776,0.200923,0.112933,0.112933,0.000000,,0,0,0,1,1,0,-0.004687,-0.039312,0.7708,0.1002,0.2638,2,ok
0,398,-0.930375,1.154799,2.752461,-0.007475,-0.030939,13.799825,0.200300,0.037043,0.037043,0.000000,,0,0,0,1,1,0,-0.004697,-0.037158,0.7500,0.1054,0.2653,2,ok
0,399,-0.948881,1.162400,2.752949,-0.008094,-0.030452,13.819823,0.200059,0.007350,0.007350,0.000000,,0,0,0,1,1,0,-0.004720,-0.033482,0.7292,0.1187,0.2679,2,ok
0,400,-0.967412,1.169979,2.759301,-0.008684,-0.024099,13.839129,0.200415,0.122580,0.122580,0.000000,,0,0,0,1,1,0,-0.006799,-0.032418,0.7708,0.1651,0.2677,2,ok
0,401,-0.989714,1.179073,2.766970,-0.009246,-0.013324,13.863955,0.200938,0.114626,0.114626,0.000000,,0,0,0,1,1,0,-0.008796,-0.028821,0.7083,0.1972,0.2729,3,ok
0,402,-1.008324,1.186404,2.765888,-0.009477,-0.014407,13.883957,0.199913,-0.029702,-0.029702,0.000000,,0,0,0,1,1,0,-0.006383,-0.021658,0.8125,0.1803,0.2671,2,ok
0,403,-1.026931,1.193735,2.766499,-0.009720,-0.011730,13.903947,0.200016,0.014105,0.014105,0.000000,,0,0,0,1,1,0,-0.007417,-0.023759,0.8333,0.2184,0.2701,3,ok
0,404,-1.049272,1.202534,2.768680,-0.010013,-0.009550,13.927956,0.200160,0.033761,0.033761,0.000000,,0,0,0,1,1,0,-0.006594,-0.028654,0.7917,0.2098,0.2687,2,ok
0,405,-1.067891,1.209821,2.766809,-0.010186,-0.010538,13.947981,0.199874,-0.037322,-0.037322,0.000000,,0,0,0,1,1,0,-0.005556,-0.028684,0.8125,0.1967,0.2659,2,ok
0,406,-1.086508,1.217143,2.768631,-0.010359,-0.008716,13.967985,0.200126,0.038189,0.038189,0.000000,,0,0,0,1,1,0,-0.007594,-0.032188,0.8125,0.2380,0.2654,2,ok
0,407,-1.108857,1.225887,2.768042,-0.010528,-0.009641,13.991975,0.199952,-0.011784,-0.011784,0.000000,,0,0,0,1,1,0,-0.007297,-0.033404,0.7917,0.2390,0.2691,3,ok
0,408,-1.127477,1.233185,2.767976,-0.010692,-0.009707,14.011974,0.199998,-0.000272,-0.000272,0.000000,,0,0,0,1,1,0,-0.007816,-0.037579,0.7500,0.2635,0.2681,2,ok
0,409,-1.149838,1.241944,2.772121,-0.010885,-0.005562,14.035989,0.200265,0.065453,0.065453,0.000000,,0,0,0,1,1,0,-0.009443,-0.036185,0.7500,0.3031,0.2683,2,ok
0,410,-1.168516,1.249243,2.780375,-0.011066,0.001940,14.056019,0.200796,0.155312,0.155312,0.000000,,0,0,0,1,1,0,-0.011179,-0.040437,0.7500,0.3561,0.2703,2,ok
0,411,-1.187236,1.256375,2.782777,-0.011083,0.004341,14.076051,0.200280,0.034177,0.034177,0.000000,,0,0,0,1,1,0,-0.008935,-0.038085,0.7500,0.3297,0.2754,3,ok
0,412,-1.209724,1.264896,2.787003,-0.011071,0.006057,14.100086,0.200528,0.064280,0.064280,0.000000,,0,0,0,1,1,0,-0.008913,-0.040663,0.8333,0.3682,0.2738,2,ok
0,413,-1.228501,1.271986,2.793402,-0.011052,0.012456,14.120157,0.200901,0.117696,0.117696,0.000000,,0,0,0,1,1,0,-0.006215,-0.041058,0.8125,0.3240,0.2663,2,ok
0,414,-1.247313,1.278913,2.796616,-0.010867,0.015670,14.139496,0.200421,0.051279,0.051279,0.000000,,0,0,0,1,1,0,-0.008096,-0.039425,0.8542,0.3886,0.2674,2,ok
0,415,-1.269897,1.287043,2.795842,-0.010540,0.011020,14.164173,0.199967,-0.015897,-0.015897,0.000000,,0,0,0,1,1,0,-0.007719,-0.036425,0.7917,0.4158,0.2670,2,ok
0,416,-1.288714,1.293811,2.796026,-0.010261,0.011203,14.184168,0.199977,0.004681,0.004681,0.000000,,0,0,0,1,1,0,-0.008043,-0.039491,0.7917,0.4354,0.2664,2,ok
0,417,-1.307508,1.300585,2.788556,-0.010076,-0.001458,14.204087,0.199547,-0.159850,-0.145319,0.014532,C-06,0,0,0,1,1,0,-0.006563,-0.054362,0.7500,0.4153,0.2641,2,ok
0,418,-1.330024,1.308885,2.788194,-0.010068,-0.001820,14.228084,0.200017,0.076945,0.004681,-0.072264,C-06,0,0,0,1,1,0,-0.009357,-0.061623,0.7292,0.4839,0.2636,2,ok
0,419,-1.348813,1.315807,2.796187,-0.010112,-0.000279,14.248031,0.200481,0.196415,0.154681,-0.041733,C-06,0,0,0,1,1,0,-0.009956,-0.070114,0.7292,0.4969,0.2657,2,ok
0,420,-1.367651,1.322724,2.801790,-0.010233,0.005324,14.268099,0.200773,0.093729,0.093729,0.000000,,0,0,0,1,1,0,-0.009122,-0.079013,0.7292,0.5053,0.2644,2,ok
0,421,-1.390291,1.330810,2.804606,-0.010163,0.008140,14.291993,0.200305,0.037367,0.037367,0.000000,,0,0,0,1,1,0,-0.008284,-0.077097,0.7708,0.5183,0.2648,2,ok
0,422,-1.409185,1.337509,2.810857,-0.010234,0.006526,14.312097,0.200648,0.115399,0.115399,0.000000,,0,0,0,1,1,0,-0.006161,-0.088065,0.7917,0.5045,0.2665,2,ok
0,423,-1.431916,1.345534,2.818944,-0.010286,0.014613,14.336202,0.200968,0.117570,0.117570,0.000000,,0,0,0,1,1,0,-0.006508,-0.090672,0.8125,0.5415,0.2644,2,ok
0,424,-1.450902,1.352072,2.824577,-0.010272,0.010243,14.356206,0.200785,0.096015,0.096015,0.000000,,0,0,0,1,1,0,-0.005217,-0.091455,0.8125,0.5262,0.2657,2,ok
0,425,-1.469920,1.358477,2.829414,-0.010174,0.015080,14.376274,0.200672,0.082581,0.082581,0.000000,,0,0,0,1,1,0,-0.005026,-0.093136,0.7917,0.5329,0.2647,2,ok
0,426,-1.492788,1.366088,2.837190,-0.010027,0.011815,14.400275,0.200923,0.113430,0.113430,0.000000,,0,0,0,1,1,0,-0.002538,-0.099074,0.8125,0.4980,0.2636,2,ok
0,427,-1.511897,1.372377,2.847198,-0.009988,0.021823,14.420393,0.201426,0.175444,0.175444,0.000000,,0,0,0,1,1,0,-0.002688,-0.102877,0.7917,0.5109,0.2630,2,ok
0,428,-1.531076,1.378642,2.861517,-0.009904,0.036142,14.440569,0.202040,0.249091,0.249091,0.000000,,0,0,0,1,1,0,0.000294,-0.099984,0.7500,0.4734,0.2625,2,ok
0,429,-1.554173,1.385612,2.870942,-0.009565,0.032679,14.464531,0.200975,0.123958,0.123958,0.000000,,0,0,0,1,1,0,0.003945,-0.107856,0.7292,0.4414,0.2568,2,ok
0,430,-1.573461,1.391189,2.876923,-0.009124,0.038660,14.484605,0.200765,0.098683,0.098683,0.000000,,0,0,0,1,1,0,0.006951,-0.110865,0.7708,0.4028,0.2572,2,ok
0,431,-1.592782,1.396675,2.883559,-0.008674,0.029901,14.504572,0.200863,0.112103,0.112103,0.000000,,0,0,0,1,1,0,0.005312,-0.116719,0.8125,0.4456,0.2587,2,ok
0,432,-1.616023,1.403182,2.895960,-0.008246,0.042301,14.528703,0.201349,0.175833,0.175833,0.000000,,0,0,0,1,1,0,0.006379,-0.120562,0.8125,0.4264,0.2603,2,ok
0,433,-1.635445,1.408405,2.904914,-0.007683,0.051256,14.548807,0.201088,0.145499,0.145499,0.000000,,0,0,0,1,1,0,0.007443,-0.116726,0.8333,0.4196,0.2601,2,ok
0,434,-1.654904,1.413380,2.911924,-0.007214,0.039898,14.568749,0.200821,0.112581,0.112581,0.000000,,0,0,0,1,1,0,0.008930,-0.115890,0.8125,0.3843,0.2621,2,ok
0,435,-1.678292,1.419115,2.918856,-0.006436,0.046830,14.592818,0.200666,0.093426,0.093426,0.000000,,0,0,0,1,1,0,0.010880,-0.131167,0.7917,0.3420,0.2606,2,ok
0,436,-1.697813,1.423807,2.925847,-0.005911,0.034071,14.612765,0.200817,0.115698,0.115698,0.000000,,0,0,0,1,1,0,0.008866,-0.140400,0.7708,0.3842,0.2658,2,ok
0,437,-1.721290,1.429375,2.939585,-0.005430,0.047809,14.636888,0.201322,0.190115,0.190115,0.000000,,0,0,0,1,1,0,0.008646,-0.139545,0.7292,0.3661,0.2663,2,ok
0,438,-1.740896,1.433636,2.945494,-0.004652,0.053718,14.654810,0.200573,0.086573,0.086573,0.000000,,0,0,0,1,1,0,0.008577,-0.135635,0.7083,0.3579,0.2663,2,ok
0,439,-1.760518,1.437639,2.948007,-0.004166,0.032210,14.676840,0.200233,0.036208,0.036208,0.000000,,0,0,0,1,1,0,0.008783,-0.140365,0.7083,0.3435,0.2653,2,ok
0,440,-1.784081,1.442396,2.953190,-0.003472,0.037393,14.700868,0.200411,0.071205,0.071205,0.000000,,0,0,0,1,1,0,0.007369,-0.138130,0.7708,0.3445,0.2642,2,ok
0,441,-1.803742,1.446360,2.961923,-0.003192,0.018807,14.720846,0.200716,0.146509,0.146509,0.000000,,0,0,0,1,1,0,0.004865,-0.144627,0.8125,0.3767,0.2678,2,ok
0,442,-1.823435,1.450291,2.970345,-0.003038,0.027229,14.740927,0.200822,0.132660,0.132660,0.000000,,0,0,0,1,1,0,0.004838,-0.142861,0.8125,0.3590,0.2676,2,ok
0,443,-1.847104,1.454814,2.980527,-0.002772,0.006196,14.764928,0.200797,0.133765,0.133765,0.000000,,0,0,0,1,1,0,0.003820,-0.138566,0.8125,0.3647,0.2642,2,ok
0,444,-1.866862,1.458468,2.991484,-0.003019,0.017154,14.785020,0.201014,0.174442,0.174442,0.000000,,0,0,0,1,1,0,0.003668,-0.136083,0.7708,0.3337,0.2631,2,ok
0,445,-1.886655,1.462022,3.004159,-0.003161,0.029828,14.805129,0.201105,0.198584,0.198584,0.000000,,0,0,0,1,1,0,0.002669,-0.137361,0.7500,0.3485,0.2645,2,ok
0,446,-1.910450,1.465881,3.017157,-0.003388,0.012037,14.829124,0.200841,0.164895,0.164895,0.000000,,0,0,0,1,1,0,0.001880,-0.132806,0.7500,0.3598,0.2639,2,ok
0,447,-1.930314,1.468954,3.034244,-0.003736,0.029124,14.849223,0.201189,0.269308,0.269308,0.000000,,0,0,0,1,1,0,0.001118,-0.125245,0.7292,0.3606,0.2660,2,ok
0,448,-1.950209,1.471492,3.042847,-0.003549,0.037727,14.869277,0.200498,-0.034845,0.119308,0.154153,C-06,0,0,0,1,1,0,-0.000722,-0.116072,0.7083,0.3993,0.2705,2,ok
0,449,-1.974093,1.473879,3.043191,-0.003580,0.008652,14.893141,0.199998,-0.002835,-0.002835,0.000000,,0,0,0,1,1,0,-0.002100,-0.111460,0.7083,0.4230,0.2667,2,ok
0,450,-1.994000,1.475841,3.047263,-0.003611,0.012724,14.913144,0.200071,0.067472,0.067472,0.000000,,0,0,0,1,1,0,-0.000178,-0.112599,0.7500,0.3767,0.2626,2,ok
