episode,step,x,y,yaw,ey,epsi,s,speed,raw_steer,safe_steer,steer_correction,raw_throttle,safe_throttle,throttle_correction,interventions,emergency,joint_envelope_violated,oscillation_persistent,cv_ok,cv_state_available,cv_perception_invalid,cv_ey,cv_epsi,cv_confidence,cv_curvature,cv_lane_width,cv_n_lines,cv_reason
0,1,-0.835341,-1.640495,0.031287,-0.017995,0.031287,2.003594,0.059073,0.033140,0.033140,0.000000,0.500000,0.500000,0.000000,,0,0,0,1,1,0,-0.005397,0.027194,0.6667,-0.0300,0.2673,2,ok
0,2,-0.826521,-1.640323,0.033264,-0.017823,0.033264,2.012414,0.112062,0.028148,0.028148,0.000000,0.500000,0.500000,0.000000,,0,0,0,1,1,0,-0.004960,0.027404,0.6667,-0.0363,0.2668,2,ok
0,3,-0.808946,-1.639856,0.035626,-0.017356,0.035626,2.029989,0.175656,0.029669,0.029669,0.000000,0.500000,0.500000,0.000000,,0,0,0,1,1,0,-0.004926,0.031130,0.6250,-0.0258,0.2673,2,ok
0,4,-0.789402,-1.639262,0.037708,-0.016762,0.037708,2.049534,0.199957,0.030190,0.030190,0.000000,0.500000,0.500000,0.000000,,0,0,0,1,1,0,-0.003517,0.032599,0.6250,-0.0394,0.2654,2,ok
0,5,-0.765419,-1.638412,0.038883,-0.015912,0.038883,2.073516,0.199980,0.013206,0.013206,0.000000,0.500000,0.500000,0.000000,,0,0,0,1,1,0,-0.003185,0.035227,0.5625,-0.0282,0.2664,2,ok
0,6,-0.745434,-1.637687,0.035978,-0.015187,0.035978,2.093502,0.200001,-0.046574,-0.046574,0.000000,0.500000,0.500000,0.000000,,0,0,0,1,1,0,-0.002043,0.036460,0.5417,-0.0343,0.2655,2,ok
0,7,-0.725446,-1.636962,0.035157,-0.014462,0.035157,2.113489,0.200008,-0.009276,-0.009276,0.000000,0.500000,0.500000,0.000000,,0,0,0,1,1,0,-0.001020,0.035251,0.5208,-0.0482,0.2632,2,ok
0,8,-0.701461,-1.636112,0.034980,-0.013612,0.034980,2.135135,0.200003,-0.001835,-0.001835,0.000000,0.500000,0.500000,0.000000,,0,0,0,1,1,0,-0.001581,0.033732,0.5208,-0.0212,0.2658,2,ok
0,9,-0.677475,-1.635263,0.033170,-0.012763,0.033170,2.161461,0.200014,-0.023231,-0.023231,0.000000,0.500000,0.500000,0.000000,,0,0,0,1,1,0,-0.000991,0.033775,0.5625,-0.0209,0.2660,2,ok
0,10,-0.657485,-1.634557,0.031154,-0.012057,0.031154,2.181450,0.200027,-0.029621,-0.029621,0.000000,0.500000,0.500000,0.000000,,0,0,0,1,1,0,-0.000399,0.033123,0.5000,-0.0223,0.2664,2,ok
0,11,-0.637494,-1.633850,0.028899,-0.011350,0.028899,2.201441,0.200041,-0.032717,-0.032717,0.000000,0.500000,0.500000,0.000000,,0,0,0,1,1,0,-0.000179,0.033523,0.4375,-0.0164,0.2654,2,ok
0,12,-0.617502,-1.633192,0.027268,-0.010692,0.027268,2.221433,0.200028,-0.023008,-0.023008,0.000000,0.500000,0.500000,0.000000,,0,0,0,1,1,0,0.000535,0.011494,0.3333,-0.0587,0.2643,1,single_line
0,13,-0.593510,-1.632426,0.023092,-0.009926,0.023092,2.245426,0.200048,-0.051684,-0.051684,0.000000,0.500000,0.500000,0.000000,,0,0,0,1,1,0,0.001812,0.004223,0.2917,-0.0774,0.2643,1,single_line
0,14,-0.573515,-1.631879,0.021315,-0.009379,0.021315,2.265421,0.200024,-0.023803,-0.023803,0.000000,0.500000,0.500000,0.000000,,0,0,0,1,1,0,0.001604,0.004060,0.2917,-0.0673,0.2643,1,single_line
0,15,-0.553519,-1.631401,0.022133,-0.008901,0.022133,2.285335,0.200008,0.014018,0.014018,0.000000,0.500000,0.500000,0.000000,,0,0,0,1,1,0,0.000751,0.010238,0.2708,-0.0410,0.2643,1,single_line
0,16,-0.533525,-1.630925,0.023788,-0.008425,0.023788,2.305411,0.200000,0.024355,0.024355,0.000000,0.500000,0.500000,0.000000,,0,0,0,1,1,0,0.003284,-0.004687,0.2292,-0.0893,0.2643,1,single_line
0,17,-0.513531,-1.630450,0.024604,-0.007950,0.024604,2.325405,0.199996,0.011063,0.011063,0.000000,0.500000,0.500000,0.000000,,0,0,0,1,1,0,0.002818,0.006005,0.2917,-0.0527,0.2643,1,single_line
0,18,-0.489538,-1.629879,0.023407,-0.007379,0.023407,2.349398,0.200001,-0.015899,-0.015899,0.000000,0.500000,0.500000,0.000000,,0,0,0,1,1,0,0.002649,0.012289,0.3333,-0.0371,0.2643,1,single_line
0,19,-0.465544,-1.629308,0.022882,-0.006808,0.022882,2.373392,0.200004,-0.005680,-0.005680,0.000000,0.500000,0.500000,0.000000,,0,0,0,1,1,0,0.003554,0.009676,0.3333,-0.0452,0.2643,1,single_line
0,20,-0.445549,-1.628836,0.022590,-0.006336,0.022590,2.393386,0.200004,-0.004132,-0.004132,0.000000,0.500000,0.500000,0.000000,,0,0,0,1,1,0,0.003678,0.011539,0.3125,-0.0378,0.2643,1,single_line
0,21,-0.425554,-1.628368,0.023441,-0.005868,0.023441,2.413381,0.200000,0.013444,0.013444,0.000000,0.500000,0.500000,0.000000,,0,0,0,1,1,0,0.004459,0.007975,0.2917,-0.0465,0.2643,1,single_line
0,22,-0.405560,-1.627899,0.024322,-0.005399,0.024322,2.433375,0.199996,0.012611,0.012611,0.000000,0.500000,0.500000,0.000000,,0,0,0,1,1,0,0.005182,0.006486,0.2917,-0.0576,0.2643,1,single_line
0,23,-0.381568,-1.627337,0.025788,-0.004837,0.025788,2.457368,0.199989,0.017855,0.017855,0.000000,0.500000,0.500000,0.000000,,0,0,0,1,1,0,0.006383,0.002322,0.3125,-0.0741,0.2643,1,single_line
0,24,-0.361575,-1.626869,0.028486,-0.004369,0.028486,2.477360,0.199975,0.040646,0.040646,0.000000,0.500000,0.500000,0.000000,,0,0,0,1,1,0,0.006856,0.005748,0.2708,-0.0613,0.2643,1,single_line
0,25,-0.341583,-1.626332,0.029236,-0.003832,0.029236,2.497352,0.199989,0.009235,0.009235,0.000000,0.500000,0.500000,0.000000,,0,0,0,1,1,0,0.006918,0.013406,0.2708,-0.0423,0.2643,1,single_line
0,26,-0.321592,-1.625755,0.029181,-0.003255,0.029181,2.517344,0.199999,-0.001542,-0.001542,0.000000,0.500000,0.500000,0.000000,,0,0,0,1,1,0,0.007430,0.017289,0.2708,-0.0365,0.2643,1,single_line
0,27,-0.297603,-1.625060,0.030442,-0.002560,0.030442,2.541333,0.199992,0.015873,0.015873,0.000000,0.500000,0.500000,0.000000,,0,0,0,1,1,0,0.008792,0.011690,0.3125,-0.0561,0.2643,1,single_line
0,28,-0.273613,-1.624365,0.029773,-0.001865,0.029773,2.565322,0.199995,-0.009530,-0.009530,0.000000,0.500000,0.500000,0.000000,,0,0,0,1,1,0,0.009422,0.015399,0.3542,-0.0475,0.2643,1,single_line
0,29,-0.253622,-1.623785,0.029186,-0.001285,0.029186,2.585313,0.199999,-0.008399,-0.008399,0.000000,0.500000,0.500000,0.000000,,0,0,0,1,1,0,0.010533,0.011148,0.3542,-0.0613,0.2643,1,single_line
0,30,-0.229633,-1.623090,0.029616,-0.000590,0.029616,2.609303,0.199996,0.006002,0.006002,0.000000,0.500000,0.500000,0.000000,,0,0,0,1,1,0,0.010460,0.014988,0.3333,-0.0467,0.2643,1,single_line
0,31,-0.205643,-1.622395,0.028837,0.000105,0.028837,2.633293,0.200001,-0.010303,-0.010303,0.000000,0.500000,0.500000,0.000000,,0,0,0,1,1,0,0.011867,0.010235,0.2917,-0.0654,0.2643,1,single_line
0,32,-0.181652,-1.621700,0.026612,0.000800,0.026612,2.657283,0.200013,-0.027711,-0.027711,0.000000,0.500000,0.500000,0.000000,,0,0,0,1,1,0,0.011852,0.014657,0.3125,-0.0491,0.2643,1,single_line
0,33,-0.157659,-1.621005,0.021204,0.001495,0.021204,2.681277,0.200038,-0.066736,-0.066736,0.000000,0.500000,0.500000,0.000000,,0,0,0,1,1,0,0.011915,0.014791,0.2917,-0.0484,0.2643,1,single_line
0,34,-0.137664,-1.620576,0.023224,0.001924,0.023224,2.701272,0.199990,0.036629,0.036629,0.000000,0.500000,0.500000,0.000000,,0,0,0,1,1,0,0.013002,0.004744,0.2500,-0.0550,0.2643,1,single_line
0,35,-0.113672,-1.620075,0.027516,0.002425,0.027516,2.725264,0.199969,0.052314,0.052314,0.000000,0.500000,0.500000,0.000000,,0,0,0,1,1,0,0.014642,-0.002944,0.2917,-0.0839,0.2643,1,single_line
0,36,-0.089681,-1.619453,0.028450,0.003047,0.028450,2.749255,0.199990,0.009048,0.009048,0.000000,0.500000,0.500000,0.000000,,0,0,0,1,1,0,0.013836,0.011690,0.3333,-0.0481,0.2643,1,single_line
0,37,-0.065690,-1.618814,0.025756,0.003686,0.025756,2.773246,0.200004,-0.034228,-0.034228,0.000000,0.500000,0.500000,0.000000,,0,0,0,1,1,0,0.015214,0.011398,0.3333,-0.0585,0.2643,1,single_line
0,38,-0.041697,-1.618175,0.023859,0.004325,0.023859,2.797238,0.200013,-0.022002,-0.022002,0.000000,0.500000,0.500000,0.000000,,0,0,0,1,1,0,0.014330,0.019875,0.3125,-0.0161,0.2643,1,single_line
0,39,-0.021703,-1.617657,0.022967,0.004843,0.022967,2.817233,0.200012,-0.011995,-0.011995,0.000000,0.500000,0.500000,0.000000,,0,0,0,1,1,0,0.016485,0.002838,0.3333,-0.0723,0.2643,1,single_line
0,40,0.002291,-1.617050,0.021689,0.005450,0.021689,2.841227,0.200015,-0.015513,-0.015513,0.000000,0.500000,0.500000,0.000000,,0,0,0,1,1,0,0.017165,-0.000959,0.2917,-0.0820,0.2643,1,single_line
0,41,0.026287,-1.616453,0.016824,0.006047,0.016824,2.865222,0.200033,-0.060395,-0.060395,0.000000,0.500000,0.500000,0.000000,,0,0,0,1,1,0,0.017234,0.001372,0.2917,-0.0718,0.2643,1,single_line
0,42,0.050284,-1.616002,0.015662,0.006498,0.015662,2.889219,0.200008,-0.011387,-0.011387,0.000000,0.500000,0.500000,0.000000,,0,0,0,1,1,0,0.016937,0.000983,0.2708,-0.0639,0.2643,1,single_line
0,43,0.074280,-1.615570,0.018155,0.006930,0.018155,2.913216,0.200000,0.032359,0.032359,0.000000,0.500000,0.500000,0.000000,,0,0,0,1,1,0,0.017675,-0.002903,0.2708,-0.0602,0.2643,1,single_line
0,44,0.094277,-1.615210,0.018936,0.007290,0.018936,2.933212,0.199997,0.010064,0.010064,0.000000,0.500000,0.500000,0.000000,,0,0,0,1,1,0,0.017756,0.001756,0.3125,-0.0490,0.2643,1,single_line
0,45,0.118273,-1.614778,0.017637,0.007722,0.017637,2.957208,0.200001,-0.016593,-0.016593,0.000000,0.500000,0.500000,0.000000,,0,0,0,1,1,0,0.018665,-0.002398,0.3333,-0.0692,0.2643,1,single_line
0,46,0.142269,-1.614347,0.015749,0.008153,0.015749,2.981205,0.200007,-0.022793,-0.022793,0.000000,0.500000,0.500000,0.000000,,0,0,0,1,1,0,0.018882,-0.000013,0.3333,-0.0598,0.2643,1,single_line
0,47,0.162267,-1.614028,0.015587,0.008472,0.015587,3.001202,0.200001,-0.000781,-0.000781,0.000000,0.500000,0.500000,0.000000,,0,0,0,1,1,0,0.019991,-0.007809,0.3333,-0.0755,0.2643,1,single_line
0,48,0.186264,-1.613650,0.015458,0.008850,0.015458,3.025200,0.200001,-0.001579,-0.001579,0.000000,0.500000,0.500000,0.000000,,0,0,0,1,1,0,0.019376,-0.002540,0.3333,-0.0610,0.2643,1,single_line
0,49,0.210261,-1.613272,0.014102,0.009228,0.014102,3.049197,0.200005,-0.017034,-0.017034,0.000000,0.500000,0.500000,0.000000,,0,0,0,1,1,0,0.019179,0.001462,0.2917,-0.0469,0.2643,1,single_line
0,50,0.234259,-1.612894,0.012606,0.009606,0.012606,3.073195,0.200009,-0.017812,-0.017812,0.000000,0.500000,0.500000,0.000000,,0,0,0,1,1,0,0.019595,-0.000548,0.2708,-0.0512,0.2643,1,single_line
0,51,0.258257,-1.612565,0.012964,0.009935,0.012964,3.097193,0.200002,0.005213,0.005213,0.000000,0.500000,0.500000,0.000000,,0,0,0,1,1,0,0.019901,-0.003817,0.2708,-0.0602,0.2643,1,single_line
0,52,0.278255,-1.612292,0.014398,0.010208,0.014398,3.117191,0.199998,0.021413,0.021413,0.000000,0.500000,0.500000,0.000000,,0,0,0,1,1,0,0.021338,-0.009908,0.2708,-0.0722,0.2643,1,single_line
0,53,0.302253,-1.611965,0.013662,0.010535,0.013662,3.141189,0.200000,-0.010633,-0.010633,0.000000,0.500000,0.500000,0.000000,,0,0,0,1,1,0,0.021594,-0.009616,0.3125,-0.0764,0.2643,1,single_line
0,54,0.326251,-1.611638,0.011005,0.010862,0.011005,3.165187,0.200006,-0.032453,-0.032453,0.000000,0.500000,0.500000,0.000000,,0,0,0,1,1,0,0.020645,0.000895,0.3542,-0.0414,0.2643,1,single_line
0,55,0.350250,-1.611311,0.009074,0.011189,0.009074,3.186435,0.200010,-0.022386,-0.022386,0.000000,0.500000,0.500000,0.000000,,0,0,0,1,1,0,0.021536,-0.007948,0.3542,-0.0677,0.2643,1,single_line
0,56,0.370249,-1.611116,0.009142,0.011384,0.009142,3.209185,0.200001,0.002457,0.002457,0.000000,0.500000,0.500000,0.000000,,0,0,0,1,1,0,0.021525,-0.009533,0.3125,-0.0599,0.2643,1,single_line
0,57,0.394248,-1.610888,0.009529,0.011612,0.009529,3.233184,0.200000,0.004704,0.004704,0.000000,0.500000,0.500000,0.000000,,0,0,0,1,1,0,0.021021,-0.004394,0.2917,-0.0438,0.2643,1,single_line
0,58,0.418247,-1.610660,0.010606,0.011840,0.010606,3.257182,0.199998,0.013191,0.013191,0.000000,0.500000,0.500000,0.000000,,0,0,0,1,1,0,0.021021,-0.004394,0.2917,-0.0438,0.2643,1,single_line
0,59,0.442246,-1.610432,0.009943,0.012068,0.009943,3.281181,0.199999,-0.009363,-0.009363,0.000000,0.500000,0.500000,0.000000,,0,0,0,1,1,0,0.022172,-0.008757,0.2708,-0.0650,0.2643,1,single_line
0,60,0.462245,-1.610242,0.010699,0.012258,0.010699,3.301180,0.199998,0.012030,0.012030,0.000000,0.500000,0.500000,0.000000,,0,0,0,1,1,0,0.021306,-0.000686,0.2500,-0.0399,0.2643,1,single_line
0,61,0.486243,-1.610011,0.011286,0.012489,0.011286,3.325179,0.199997,0.006703,0.006703,0.000000,0.500000,0.500000,0.000000,,0,0,0,1,1,0,0.023795,-0.014209,0.2708,-0.0769,0.2643,1,single_line
0,62,0.510242,-1.609774,0.009837,0.012726,0.009837,3.349177,0.200000,-0.018219,-0.018219,0.000000,0.500000,0.500000,0.000000,,0,0,0,1,1,0,0.021811,0.001064,0.3125,-0.0294,0.2643,1,single_line
0,63,0.534241,-1.609536,0.008173,0.012964,0.008173,3.373176,0.200003,-0.019800,-0.019800,0.000000,0.500000,0.500000,0.000000,,0,0,0,1,1,0,0.022130,-0.000491,0.3333,-0.0330,0.2643,1,single_line
0,64,0.558240,-1.609299,0.006750,0.013201,0.006750,3.397176,0.200005,-0.016680,-0.016680,0.000000,0.500000,0.500000,0.000000,,0,0,0,1,1,0,0.021914,0.000362,0.3125,-0.0250,0.2643,1,single_line
0,65,0.582240,-1.609098,0.005920,0.013402,0.005920,3.421175,0.200003,-0.009582,-0.009582,0.000000,0.500000,0.500000,0.000000,,0,0,0,1,1,0,0.023649,-0.015123,0.3125,-0.0775,0.2643,1,single_line
0,66,0.606239,-1.608953,0.005867,0.013547,0.005867,3.445175,0.200000,-0.000077,-0.000077,0.000000,0.500000,0.500000,0.000000,,0,0,0,1,1,0,0.022576,-0.006070,0.2917,-0.0390,0.2643,1,single_line
0,67,0.630239,-1.608812,0.005060,0.013688,0.005060,3.469174,0.200001,-0.010037,-0.010037,0.000000,0.500000,0.500000,0.000000,,0,0,0,1,1,0,0.022920,-0.007765,0.3125,-0.0432,0.2643,1,single_line
0,68,0.654239,-1.608671,0.005404,0.013829,0.005404,3.493174,0.200001,0.004673,0.004673,0.000000,0.500000,0.500000,0.000000,,0,0,0,1,1,0,0.023080,-0.009565,0.2500,-0.0483,0.2643,1,single_line
0,69,0.678238,-1.608530,0.006218,0.013970,0.006218,3.517174,0.200000,0.009937,0.009937,0.000000,0.500000,0.500000,0.000000,,0,0,0,1,1,0,0.023523,-0.010535,0.2708,-0.0497,0.2643,1,single_line
0,70,0.698238,-1.608412,0.005055,0.014088,0.005055,3.536835,0.200001,-0.018796,-0.018796,0.000000,0.500000,0.500000,0.000000,,0,0,0,1,1,0,0.022700,-0.000175,0.3958,-0.0212,0.2631,2,ok
0,71,0.722238,-1.608271,0.002798,0.014229,0.002798,3.561173,0.200003,-0.027202,-0.027202,0.000000,0.500000,0.500000,0.000000,,0,0,0,1,1,0,0.022966,0.002031,0.4375,-0.0296,0.2626,2,ok
0,72,0.746238,-1.608130,0.000882,0.014370,0.000882,3.585173,0.200003,-0.022335,-0.022335,0.000000,0.500000,0.500000,0.000000,,0,0,0,1,1,0,0.022067,-0.002374,0.4375,-0.0267,0.2616,2,ok
0,73,0.766238,-1.608048,-0.000424,0.014452,-0.000424,3.605173,0.200001,-0.018174,-0.018174,0.000000,0.500000,0.500000,0.000000,,0,0,0,1,1,0,0.022580,-0.000397,0.4167,-0.0123,0.2642,2,ok
0,74,0.790238,-1.607991,-0.001808,0.014509,-0.001808,3.629173,0.200000,-0.016180,-0.016180,0.000000,0.500000,0.500000,0.000000,,0,0,0,1,1,0,0.024026,-0.003886,0.4375,-0.0366,0.2645,2,ok
0,75,0.814238,-1.608009,-0.002361,0.014491,-0.002361,3.653173,0.200000,-0.005921,-0.005921,0.000000,0.500000,0.500000,0.000000,,0,0,0,1,1,0,0.023627,-0.005366,0.4583,-0.0297,0.2650,2,ok
0,76,0.838237,-1.608060,-0.002307,0.014440,-0.002307,3.677173,0.200000,0.000982,0.000982,0.000000,0.500000,0.500000,0.000000,,0,0,0,1,1,0,0.023622,-0.007608,0.4167,-0.0325,0.2647,2,ok
0,77,0.862237,-1.608112,-0.000676,0.014388,-0.000676,3.701173,0.200000,0.020010,0.020010,0.000000,0.500000,0.500000,0.000000,,0,0,0,1,1,0,0.025706,-0.012720,0.4375,-0.0597,0.2697,2,ok
0,78,0.882237,-1.608152,-0.000070,0.014348,-0.000070,3.721173,0.200000,0.007721,0.007721,0.000000,0.500000,0.500000,0.000000,,0,0,0,1,1,0,0.026089,-0.003176,0.5208,-0.0616,0.2689,2,ok
0,79,0.906237,-1.608192,-0.000961,0.014308,-0.000961,3.745173,0.200000,-0.011631,-0.011631,0.000000,0.500000,0.500000,0.000000,,0,0,0,1,1,0,0.024097,-0.001330,0.5833,-0.0384,0.2636,2,ok
0,80,0.930237,-1.608232,-0.002237,0.014268,-0.002237,3.769173,0.200000,-0.015250,-0.015250,0.000000,0.500000,0.500000,0.000000,,0,0,0,1,1,0,0.024694,-0.001826,0.6458,-0.0498,0.2652,2,ok
0,81,0.954237,-1.608272,-0.003575,0.014228,-0.003575,3.793173,0.199999,-0.015818,-0.015818,0.000000,0.500000,0.500000,0.000000,,0,0,0,1,1,0,0.023782,-0.003203,0.6875,-0.0350,0.2650,2,ok
0,82,0.978237,-1.608314,-0.004657,0.014186,-0.004657,3.817173,0.199998,-0.012583,-0.012583,0.000000,0.500000,0.500000,0.000000,,0,0,0,1,1,0,0.026426,-0.005875,0.7083,-0.1210,0.2691,2,ok
0,83,0.998237,-1.608365,-0.005500,0.014135,-0.005500,3.837172,0.199998,-0.011892,-0.011892,0.000000,0.500000,0.500000,0.000000,,0,0,0,1,1,0,0.024788,-0.005628,0.7083,-0.0744,0.2730,2,ok
0,84,1.022236,-1.608444,-0.006610,0.014056,-0.006610,3.861172,0.199997,-0.013203,-0.013203,0.000000,0.500000,0.500000,0.000000,,0,0,0,1,1,0,0.024705,-0.006179,0.6875,-0.0935,0.2733,2,ok
0,85,1.046236,-1.608568,-0.007352,0.013932,-0.007352,3.885171,0.199998,-0.008452,-0.008452,0.000000,0.500000,0.500000,0.000000,,0,0,0,1,1,0,0.024781,-0.007990,0.5833,-0.1138,0.2741,2,ok
0,86,1.066235,-1.608692,-0.007808,0.013808,-0.007808,3.905171,0.199998,-0.006311,-0.006311,0.000000,0.500000,0.500000,0.000000,,0,0,0,1,1,0,0.024032,-0.006139,0.5625,-0.1175,0.2742,2,ok
0,87,1.090234,-1.608848,-0.008623,0.013652,-0.008623,3.929170,0.199997,-0.009890,-0.009890,0.000000,0.500000,0.500000,0.000000,,0,0,0,1,1,0,0.023965,-0.008191,0.6250,-0.1217,0.2732,2,ok
0,88,1.114233,-1.609006,-0.010190,0.013494,-0.010190,3.953169,0.199994,-0.019103,-0.019103,0.000000,0.500000,0.500000,0.000000,,0,0,0,1,1,0,0.022668,-0.005663,0.6875,-0.1033,0.2707,2,ok
0,89,1.138232,-1.609176,-0.011772,0.013324,-0.011772,3.977167,0.199992,-0.018735,-0.018735,0.000000,0.500000,0.500000,0.000000,,0,0,0,1,1,0,0.021597,-0.003325,0.6458,-0.1093,0.2709,2,ok
0,90,1.162230,-1.609375,-0.013550,0.013125,-0.013550,4.001165,0.199990,-0.021287,-0.021287,0.000000,0.500000,0.500000,0.000000,,0,0,0,1,1,0,0.020463,0.000619,0.6458,-0.0966,0.2690,2,ok
0,91,1.182228,-1.609572,-0.015041,0.012928,-0.015041,4.021163,0.199989,-0.021271,-0.021271,0.000000,0.500000,0.500000,0.000000,,0,0,0,1,1,0,0.019742,0.003742,0.5833,-0.1040,0.2690,2,ok
0,92,1.206225,-1.609829,-0.017564,0.012671,-0.017564,4.045160,0.199982,-0.030404,-0.030404,0.000000,0.500000,0.500000,0.000000,,0,0,0,1,1,0,0.019667,-0.001051,0.5625,-0.0836,0.2647,2,ok
0,93,1.230221,-1.610148,-0.019708,0.012352,-0.019708,4.069156,0.199982,-0.025268,-0.025268,0.000000,0.500000,0.500000,0.000000,,0,0,0,1,1,0,0.018989,0.000432,0.5417,-0.0781,0.2646,2,ok
0,94,1.254215,-1.610523,-0.021785,0.011977,-0.021785,4.093151,0.199980,-0.024761,-0.024761,0.000000,0.500000,0.500000,0.000000,,0,0,0,1,1,0,0.014226,0.006832,0.4167,-0.1070,0.2682,1,single_line
0,95,1.278209,-1.610924,-0.024948,0.011576,-0.024948,4.117144,0.199967,-0.038405,-0.038405,0.000000,0.500000,0.500000,0.000000,,0,0,0,1,1,0,0.016483,-0.011232,0.3958,-0.1724,0.2682,1,single_line
0,96,1.298202,-1.611297,-0.027481,0.011203,-0.027481,4.137138,0.199965,-0.036320,-0.036320,0.000000,0.500000,0.500000,0.000000,,0,0,0,1,1,0,0.014698,0.000413,0.3958,-0.1413,0.2682,1,single_line
0,97,1.322192,-1.611805,-0.030706,0.010695,-0.028648,4.161127,0.199958,-0.038823,-0.038823,0.000000,0.500000,0.500000,0.000000,,0,0,0,1,1,0,0.012386,0.017771,0.3958,-0.0765,0.2682,1,single_line
0,98,1.346179,-1.612378,-0.034175,0.010122,-0.032118,4.185115,0.199949,-0.041906,-0.041906,0.000000,0.500000,0.500000,0.000000,,0,0,0,1,1,0,0.013257,0.012259,0.4167,-0.0886,0.2682,1,single_line
0,99,1.366167,-1.612924,-0.036971,0.009576,-0.030782,4.205102,0.199946,-0.040344,-0.040344,0.000000,0.500000,0.500000,0.000000,,0,0,0,1,1,0,0.012026,0.021039,0.4167,-0.0529,0.2682,1,single_line
0,100,1.390149,-1.613654,-0.040301,0.008846,-0.034111,4.229084,0.199941,-0.040229,-0.040229,0.000000,0.500000,0.500000,0.000000,,0,0,0,1,1,0,0.011848,0.021396,0.4167,-0.0509,0.2682,1,single_line
0,101,1.414128,-1.614472,-0.043462,0.008191,-0.029426,4.252980,0.199939,-0.038168,-0.038168,0.000000,0.500000,0.500000,0.000000,,0,0,0,1,1,0,0.011143,0.023745,0.3958,-0.0418,0.2682,1,single_line
0,102,1.438103,-1.615370,-0.046540,0.007540,-0.032503,4.276963,0.199936,-0.037298,-0.037298,0.000000,0.500000,0.500000,0.000000,,0,0,0,1,1,0,0.010444,0.030236,0.4167,-0.0071,0.2682,1,single_line
0,103,1.462076,-1.616339,-0.049700,0.006975,-0.026264,4.300873,0.199929,-0.038515,-0.038515,0.000000,0.500000,0.500000,0.000000,,0,0,0,1,1,0,0.008383,0.044512,0.4167,0.0437,0.2682,1,single_line
0,104,1.482050,-1.617210,-0.052199,0.006517,-0.028763,4.320861,0.199929,-0.036444,-0.036444,0.000000,0.500000,0.500000,0.000000,,0,0,0,1,1,0,0.008205,0.045941,0.3958,0.0620,0.2682,1,single_line
0,105,1.506015,-1.618335,-0.054927,0.006085,-0.020098,4.344733,0.199932,-0.033103,-0.033103,0.000000,0.500000,0.500000,0.000000,,0,0,0,1,1,0,0.008932,0.041237,0.3958,0.0517,0.2682,1,single_line
0,106,1.529977,-1.619532,-0.057504,0.005828,-0.022675,4.368724,0.199932,-0.031426,-0.031426,0.000000,0.500000,0.500000,0.000000,,0,0,0,1,1,0,0.010281,0.034096,0.3958,0.0446,0.2682,1,single_line
0,107,1.553936,-1.620800,-0.059897,0.005580,-0.014463,4.392671,0.199934,-0.029171,-0.029171,0.000000,0.500000,0.500000,0.000000,,0,0,0,1,1,0,0.009186,0.042963,0.3958,0.0924,0.2682,1,single_line
0,108,1.577891,-1.622137,-0.062039,0.005370,-0.016605,4.416662,0.199939,-0.026094,-0.026094,0.000000,0.500000,0.500000,0.000000,,0,0,0,1,1,0,0.012959,0.015672,0.3958,0.0086,0.2682,1,single_line
0,109,1.597852,-1.623301,-0.063619,0.005196,-0.007768,4.436604,0.199944,-0.023050,-0.023050,0.000000,0.500000,0.500000,0.000000,,0,0,0,1,1,0,0.011555,0.026105,0.3958,0.0511,0.2682,1,single_line
0,110,1.621802,-1.624752,-0.065231,0.005111,-0.009379,4.460598,0.199951,-0.019586,-0.019586,0.000000,0.500000,0.500000,0.000000,,0,0,0,1,1,0,0.011031,0.030968,0.4167,0.0773,0.2682,1,single_line
0,111,1.645750,-1.626252,-0.066628,0.005001,-0.004104,4.484561,0.199956,-0.017054,-0.017054,0.000000,0.500000,0.500000,0.000000,,0,0,0,1,1,0,0.011397,0.027913,0.4167,0.0793,0.2682,1,single_line
0,112,1.665705,-1.627529,-0.067756,0.004989,-0.005232,4.504556,0.199957,-0.016638,-0.016638,0.000000,0.500000,0.500000,0.000000,,0,0,0,1,1,0,0.011397,0.027913,0.4167,0.0793,0.2682,1,single_line
0,113,1.689649,-1.629129,-0.068300,0.004907,-0.005776,4.528554,0.199984,-0.006192,-0.006192,0.000000,0.500000,0.500000,0.000000,,0,0,0,1,1,0,0.009739,0.042917,0.4375,0.1553,0.2682,1,single_line
0,114,1.713593,-1.630758,-0.068177,0.005012,0.000609,4.552507,0.199997,0.001858,0.001858,0.000000,0.500000,0.500000,0.000000,,0,0,0,1,1,0,0.008903,0.048636,0.4375,0.1803,0.2682,1,single_line
0,115,1.737539,-1.632387,-0.067070,0.005127,0.001716,4.576507,0.200011,0.014160,0.014160,0.000000,0.500000,0.500000,0.000000,,0,0,0,1,1,0,0.008692,0.052783,0.4167,0.2108,0.2682,1,single_line
0,116,1.761486,-1.634017,-0.065081,0.005239,0.007911,4.600511,0.200037,0.025018,0.025018,0.000000,0.500000,0.500000,0.000000,,0,0,0,1,1,0,0.008409,0.059743,0.4167,0.2444,0.2682,1,single_line
0,117,1.781445,-1.635375,-0.063065,0.005332,0.009928,4.620516,0.200062,0.029988,0.029988,0.000000,0.500000,0.500000,0.000000,,0,0,0,1,1,0,0.011138,0.048663,0.4167,0.2264,0.2682,1,single_line
0,118,1.805400,-1.637005,-0.059485,0.005534,0.016414,4.644494,0.200106,0.044785,0.044785,0.000000,0.500000,0.500000,0.000000,,0,0,0,1,1,0,0.012619,0.042470,0.4167,0.2136,0.2682,1,single_line
0,119,1.829360,-1.638622,-0.055170,0.005795,0.020730,4.668508,0.200129,0.053303,0.053303,0.000000,0.500000,0.500000,0.000000,,0,0,0,1,1,0,0.013690,0.041455,0.4167,0.2146,0.2682,1,single_line
0,120,1.853327,-1.640172,-0.050249,0.006122,0.026577,4.692524,0.200137,0.060318,0.060318,0.000000,0.500000,0.500000,0.000000,,0,0,0,1,1,0,0.015275,0.040436,0.4167,0.2103,0.2682,1,single_line
0,121,1.877300,-1.641648,-0.044121,0.006518,0.032705,4.716539,0.200159,0.075349,0.075349,0.000000,0.500000,0.500000,0.000000,,0,0,0,1,1,0,0.014345,0.056494,0.4167,0.2723,0.2682,1,single_line
0,122,1.897283,-1.642813,-0.038186,0.006912,0.038381,4.736554,0.200168,0.086902,0.086902,0.000000,0.500000,0.500000,0.000000,,0,0,0,1,1,0,0.016199,0.051488,0.4167,0.2507,0.2682,1,single_line
0,123,1.921269,-1.644098,-0.030303,0.007496,0.046264,4.760567,0.200159,0.095401,0.095401,0.000000,0.500000,0.500000,0.000000,,0,0,0,1,1,0,0.018076,0.049673,0.4167,0.2470,0.2682,1,single_line
0,124,1.945261,-1.645191,-0.022607,0.008270,0.051691,4.784574,0.200124,0.092074,0.092074,0.000000,0.500000,0.500000,0.000000,,0,0,0,1,1,0,0.018287,0.066762,0.3958,0.2981,0.2682,1,single_line
0,125,1.965257,-1.645999,-0.015224,0.009010,0.059074,4.804573,0.200119,0.106351,0.106351,0.000000,0.500000,0.500000,0.000000,,0,0,0,1,1,0,0.021050,0.059503,0.3958,0.2720,0.2682,2,single_line
0,126,1.989255,-1.646817,-0.005712,0.010049,0.068586,4.828563,0.200086,0.113167,0.113167,0.000000,0.500000,0.500000,0.000000,,0,0,0,1,1,0,0.021848,0.065300,0.3958,0.2797,0.2682,1,single_line
0,127,2.013255,-1.647350,0.002543,0.011232,0.073383,4.852601,0.200033,0.096335,0.096335,0.000000,0.500000,0.500000,0.000000,,0,0,0,1,1,0,0.021260,0.093693,0.3958,0.3694,0.2682,1,single_line
0,128,2.037255,-1.647690,0.010909,0.012603,0.081749,4.876564,0.199999,0.099052,0.099052,0.000000,0.500000,0.500000,0.000000,,0,0,0,1,1,0,0.022918,0.098066,0.3750,0.3864,0.2682,1,single_line
0,129,2.061252,-1.647825,0.019221,0.014088,0.085092,4.900571,0.199965,0.098840,0.098840,0.000000,0.500000,0.500000,0.000000,,0,0,0,1,1,0,0.023424,0.111749,0.3958,0.4377,0.2682,1,single_line
0,130,2.081247,-1.647755,0.025566,0.015496,0.091436,4.920517,0.199941,0.090399,0.090399,0.000000,0.500000,0.500000,0.000000,,0,0,0,1,1,0,0.027025,0.109993,0.3542,0.4362,0.2682,2,single_line
0,131,2.105236,-1.647534,0.033975,0.017236,0.092908,4.944545,0.199904,0.101560,0.101560,0.000000,0.500000,0.500000,0.000000,,0,0,0,1,1,0,0.025820,0.135962,0.3542,0.5403,0.2682,2,single_line
0,132,2.129218,-1.647145,0.043085,0.019080,0.102019,4.968460,0.199859,0.110609,0.110609,0.000000,0.500000,0.500000,0.000000,,0,0,0,1,1,0,0.029870,0.122285,0.3750,0.4937,0.2682,2,single_line
0,133,2.153191,-1.646546,0.052343,0.021050,0.102827,4.992515,0.199816,0.112686,0.112686,0.000000,0.500000,0.500000,0.000000,,0,0,0,1,1,0,0.035064,0.116401,0.3542,0.5032,0.2682,2,single_line
0,134,2.173159,-1.645920,0.061361,0.022732,0.111845,5.012421,0.199747,0.133843,0.133843,0.000000,0.500000,0.500000,0.000000,,0,0,0,1,1,0,0.036382,0.122604,0.3333,0.5223,0.2682,2,single_line
0,135,2.193115,-1.645173,0.071463,0.024535,0.121947,5.032310,0.199669,0.150370,0.150370,0.000000,0.500000,0.500000,0.000000,,0,0,0,1,1,0,0.038854,0.127199,0.3542,0.5615,0.2682,2,single_line
0,136,2.217042,-1.644037,0.084013,0.026696,0.124573,5.056419,0.199588,0.155967,0.155967,0.000000,0.500000,0.500000,0.000000,,0,0,0,1,1,0,0.043332,0.118119,0.3333,0.5368,0.2682,2,single_line
0,137,2.236961,-1.642905,0.095790,0.028677,0.136350,5.076272,0.199469,0.178477,0.178477,0.000000,0.500000,0.500000,0.000000,,0,0,0,1,1,0,0.043169,0.139731,0.3125,0.6170,0.2682,2,single_line
0,138,2.256857,-1.641600,0.108899,0.030667,0.136935,5.096513,0.199331,0.199967,0.199967,0.000000,0.500000,0.500000,0.000000,,0,0,0,1,1,0,0.046525,0.135921,0.3125,0.5907,0.2682,2,single_line
0,139,2.280693,-1.639699,0.124779,0.033259,0.152814,5.120284,0.199220,0.202129,0.202129,0.000000,0.500000,0.500000,0.000000,,0,0,0,1,1,0,0.049545,0.140254,0.3125,0.6147,0.2682,2,single_line
0,140,2.300521,-1.637806,0.137727,0.035678,0.150990,5.140467,0.199148,0.199328,0.199328,0.000000,0.500000,0.500000,0.000000,,0,0,0,1,1,0,0.054945,0.147725,0.2917,0.6530,0.2682,2,single_line
0,141,2.320312,-1.635689,0.151744,0.038137,0.165007,5.160218,0.198986,0.219045,0.219045,0.000000,0.500000,0.500000,0.000000,,0,0,0,1,1,0,0.056689,0.158167,0.2917,0.6858,0.2682,2,single_line
0,142,2.344004,-1.632795,0.168937,0.041441,0.182200,5.183857,0.198853,0.225275,0.225275,0.000000,0.500000,0.500000,0.000000,,0,0,0,1,1,0,0.058547,0.176456,0.2708,0.7507,0.2682,2,single_line
0,143,2.363699,-1.629965,0.181082,0.044303,0.177133,5.204355,0.198953,0.189947,0.189947,0.000000,0.500000,0.500000,0.000000,,0,0,0,1,1,0,0.069287,0.135961,0.2708,0.6344,0.2682,2,single_line
0,144,2.387275,-1.626220,0.195045,0.048003,0.191096,5.227939,0.198911,0.185656,0.185656,0.000000,0.500000,0.500000,0.000000,,0,0,0,1,1,0,0.067798,0.168149,0.2708,0.7392,0.2682,2,single_line
0,145,2.410786,-1.622151,0.209407,0.051804,0.186158,5.252442,0.198807,0.193389,0.193389,0.000000,0.500000,0.500000,0.000000,,0,0,0,1,1,0,0.083180,0.109588,0.2500,0.5907,0.2682,2,single_line
0,146,2.430323,-1.618526,0.222224,0.055021,0.198975,5.272050,0.198660,0.209515,0.209515,0.000000,0.500000,0.500000,0.000000,,0,0,0,1,1,0,0.090553,0.087070,0.2708,0.5357,0.2682,2,single_line
0,147,2.453691,-1.613833,0.237512,0.059151,0.190677,5.296843,0.198602,0.208925,0.208925,0.000000,0.500000,0.500000,0.000000,,0,0,0,1,1,0,0.100202,0.051866,0.2292,0.4493,0.2682,2,single_line
0,148,2.476977,-1.608732,0.251836,0.063237,0.205001,5.320327,0.198629,0.196808,0.196808,0.000000,0.500000,0.500000,0.000000,,0,0,0,1,1,0,0.107553,0.029987,0.2292,0.4006,0.2682,2,single_line
0,149,2.496317,-1.604194,0.263172,0.066933,0.216337,5.339847,0.198650,0.188600,0.188600,0.000000,0.500000,0.500000,0.000000,,0,0,0,1,0,0,-0.110949,-0.181235,0.1250,0.0000,0.2682,2,single_line
0,150,2.515599,-1.599424,0.274396,0.070519,0.202208,5.361019,0.198621,0.188639,0.188639,0.000000,0.500000,0.500000,0.000000,,0,0,0,1,1,0,0.102584,0.094029,0.2292,0.5694,0.2682,2,single_line
0,151,2.538659,-1.593388,0.287429,0.074988,0.215241,5.384433,0.198626,0.183628,0.183628,0.000000,0.500000,0.500000,0.000000,,0,0,0,1,0,0,-0.102948,-0.191642,0.1458,0.0000,0.2682,2,single_line
0,152,2.557809,-1.588101,0.297793,0.078778,0.195141,5.406511,0.198659,0.176347,0.176347,0.000000,0.500000,0.500000,0.000000,C-05,1,0,0,1,0,1,-0.106559,-0.176083,0.1250,0.0000,0.2682,2,single_line
0,153,2.580710,-1.581466,0.309662,0.083080,0.207010,5.429963,0.198691,0.169601,0.169601,0.000000,0.500000,0.500000,0.000000,C-05,1,0,0,1,0,1,-0.099282,-0.193669,0.1458,0.0000,0.2682,2,single_line
0,154,2.603527,-1.574531,0.320995,0.087689,0.218343,5.453126,0.198726,0.163071,0.163071,0.000000,0.500000,0.500000,0.000000,C-05,1,0,0,1,0,1,-0.098619,-0.189556,0.1458,0.0000,0.2682,2,single_line
0,155,2.622476,-1.568548,0.330452,0.091150,0.194381,5.475382,0.198704,0.164783,0.164783,0.000000,0.500000,0.500000,0.000000,C-05,1,0,0,1,1,0,-0.095898,-0.194303,0.1458,0.0000,0.2682,2,single_line
0,156,2.645133,-1.561121,0.341768,0.095608,0.205696,5.498805,0.198692,0.165291,0.165291,0.000000,0.500000,0.500000,0.000000,C-05,1,0,0,1,1,0,-0.097292,-0.188756,0.1458,0.0000,0.2682,2,single_line
0,157,2.667699,-1.553426,0.353013,0.099599,0.177715,5.526625,0.198686,0.165401,0.165401,0.000000,0.500000,0.500000,0.000000,C-05,1,0,0,1,0,0,-0.097292,-0.188756,0.1458,0.0000,0.2682,2,single_line
0,158,2.686435,-1.546797,0.361933,0.102899,0.186635,5.546223,0.198742,0.157995,0.157995,0.000000,0.500000,0.500000,0.000000,C-05,1,0,0,1,1,0,-0.089321,-0.204183,0.1458,0.0000,0.2682,2,single_line
0,159,2.705108,-1.539995,0.370836,0.106197,0.154058,5.569750,0.198733,0.159101,0.159101,0.000000,0.500000,0.500000,0.000000,C-05,1,0,0,1,1,0,-0.088874,-0.203217,0.1458,0.0000,0.2682,2,single_line
0,160,2.727428,-1.531616,0.381987,0.109728,0.165209,5.593328,0.198672,0.167364,0.167364,0.000000,0.500000,0.500000,0.000000,C-05,1,0,0,1,1,0,-0.086435,-0.210227,0.1458,0.0000,0.2682,2,single_line
0,161,2.745952,-1.524434,0.391197,0.112882,0.174419,5.612944,0.198682,0.166552,0.166552,0.000000,0.500000,0.500000,0.000000,C-05,1,0,0,1,1,0,-0.087116,-0.206224,0.1458,0.0000,0.2682,2,single_line
0,162,2.768087,-1.515587,0.402512,0.115783,0.142685,5.642621,0.198648,0.171971,0.171971,0.000000,0.500000,0.500000,0.000000,C-05,1,0,0,1,1,0,-0.082655,-0.216050,0.1458,0.0000,0.2682,2,single_line
0,163,2.790120,-1.506454,0.412877,0.118860,0.153050,5.666273,0.198770,0.157489,0.157489,0.000000,0.500000,0.500000,0.000000,C-05,1,0,0,1,1,0,-0.081256,-0.218522,0.1458,0.0000,0.2682,2,single_line
0,164,2.808405,-1.498660,0.421492,0.120985,0.120404,5.691341,0.198769,0.158948,0.158948,0.000000,0.500000,0.500000,0.000000,C-05,1,0,0,1,1,0,-0.078581,-0.225554,0.1667,0.0000,0.2682,2,single_line
0,165,2.830254,-1.489090,0.431753,0.123483,0.130665,5.715063,0.198785,0.158617,0.158617,0.000000,0.500000,0.500000,0.000000,C-05,1,0,0,1,1,0,-0.102442,-0.094942,0.1875,0.3667,0.2682,2,single_line
0,166,2.852002,-1.479280,0.441802,0.125823,0.100330,5.743288,0.198819,0.156218,0.156218,0.000000,0.500000,0.500000,0.000000,C-05,1,0,0,1,1,0,-0.077673,-0.228279,0.1667,0.0000,0.2682,2,single_line
0,167,2.870036,-1.470970,0.452438,0.127566,0.110965,5.763069,0.198497,0.202798,0.202798,0.000000,0.500000,0.500000,0.000000,C-05,1,0,0,1,1,0,-0.109027,-0.050269,0.1875,0.5147,0.2682,2,single_line
0,168,2.887980,-1.462458,0.462486,0.129480,0.084977,5.787441,0.198620,0.189286,0.189286,0.000000,0.500000,0.500000,0.000000,C-05,1,0,0,1,1,0,-0.076822,-0.229332,0.1667,0.0000,0.2682,2,single_line
0,169,2.909390,-1.452008,0.475381,0.131255,0.097872,5.811199,0.198541,0.205605,0.205605,0.000000,0.500000,0.500000,0.000000,C-05,1,0,0,1,1,0,-0.108518,-0.045352,0.1875,0.5309,0.2682,2,single_line
0,170,2.927122,-1.443083,0.486442,0.132977,0.108933,5.830975,0.198528,0.212870,0.212870,0.000000,0.500000,0.500000,0.000000,C-05,1,0,0,1,1,0,-0.075040,-0.230850,0.1667,0.0000,0.2682,2,single_line
0,171,2.948272,-1.432069,0.498091,0.134749,0.086788,5.859149,0.198747,0.186495,0.186495,0.000000,0.500000,0.500000,0.000000,C-05,1,0,0,1,1,0,-0.073260,-0.233507,0.1667,0.0000,0.2682,2,single_line
0,172,2.969288,-1.420799,0.510016,0.136651,0.098713,5.882920,0.198741,0.194192,0.194192,0.000000,0.500000,0.500000,0.000000,C-05,1,0,0,1,1,0,-0.071815,-0.235429,0.1667,0.0000,0.2682,2,single_line
0,173,2.986690,-1.411217,0.520767,0.138055,0.076715,5.907042,0.198673,0.212251,0.212251,0.000000,0.500000,0.500000,0.000000,C-05,1,0,0,1,1,0,-0.104181,-0.049482,0.1875,0.5322,0.2682,2,single_line
0,174,3.007445,-1.399423,0.531354,0.139794,0.087302,5.930850,0.198959,0.172853,0.172853,0.000000,0.500000,0.500000,0.000000,C-05,1,0,0,1,1,0,-0.068208,-0.242021,0.1667,0.0000,0.2682,2,single_line
0,175,3.028092,-1.387353,0.538422,0.141471,0.062374,5.959378,0.199333,0.113735,0.113735,0.000000,0.500000,0.500000,0.000000,C-05,1,0,0,1,1,0,-0.067035,-0.244522,0.1667,0.0000,0.2682,2,single_line
0,176,3.045189,-1.377099,0.553475,0.142731,0.077427,5.979273,0.198767,0.315228,0.315228,0.000000,0.500000,0.500000,0.000000,C-06;C-05,1,0,0,1,1,0,-0.065193,-0.255604,0.1667,0.0000,0.2682,2,single_line
0,177,3.062169,-1.366652,0.559463,0.144174,0.052322,6.003580,0.199414,0.110395,0.110395,0.000000,0.500000,0.500000,0.000000,C-06;C-05,1,0,0,1,1,0,-0.064123,-0.252575,0.1667,0.0000,0.2682,2,single_line
0,178,3.082422,-1.353915,0.573683,0.145460,0.066542,6.027471,0.198807,0.248361,0.248361,0.000000,0.500000,0.500000,0.000000,C-05,1,0,0,1,1,0,-0.094412,-0.084472,0.1875,0.4950,0.2682,2,single_line
0,179,3.099141,-1.343188,0.588548,0.146707,0.081407,6.047296,0.198623,0.309511,0.309511,0.000000,0.500000,0.500000,0.000000,C-05,1,0,0,1,1,0,-0.061856,-0.260088,0.1667,0.0000,0.2682,2,single_line
0,180,3.119024,-1.329929,0.599950,0.148004,0.061798,6.075838,0.199221,0.190514,0.190514,0.000000,0.500000,0.500000,0.000000,C-05,1,0,0,1,1,0,-0.062691,-0.252016,0.1667,0.0000,0.2682,2,single_line
0,181,3.138738,-1.316431,0.614098,0.149459,0.075946,6.099686,0.199101,0.248836,0.248836,0.000000,0.500000,0.500000,0.000000,C-05,1,0,0,1,1,0,-0.098266,-0.047372,0.1875,0.5856,0.2682,2,single_line
0,182,3.155030,-1.304947,0.623427,0.150543,0.055180,6.123846,0.199367,0.193108,0.193108,0.000000,0.500000,0.500000,0.000000,C-05,1,0,0,1,1,0,-0.058779,-0.258046,0.1667,0.0000,0.2682,2,single_line
0,183,3.174409,-1.290927,0.638755,0.151939,0.070509,6.147724,0.199248,0.276422,0.276422,0.000000,0.500000,0.500000,0.000000,C-05,1,0,0,1,1,0,-0.102252,-0.017107,0.1875,0.6685,0.2682,2,single_line
0,184,3.193561,-1.276602,0.655103,0.153324,0.057223,6.176328,0.199388,0.293486,0.293486,0.000000,0.500000,0.500000,0.000000,C-05,1,0,0,1,1,0,-0.095364,-0.042679,0.2083,0.6129,0.2682,2,single_line
0,185,3.209359,-1.264403,0.664943,0.154496,0.067062,6.196254,0.199653,0.207315,0.207315,0.000000,0.500000,0.500000,0.000000,C-05,1,0,0,1,1,0,-0.099313,-0.003018,0.2083,0.7303,0.2682,2,single_line
0,186,3.225033,-1.252034,0.675575,0.155782,0.048651,6.220628,0.199712,0.234121,0.234121,0.000000,0.500000,0.500000,0.000000,C-05,1,0,0,1,1,0,-0.053234,-0.229104,0.2500,0.0000,0.2735,3,ok
0,187,3.243660,-1.236943,0.689207,0.157064,0.062283,6.244566,0.199839,0.251363,0.251363,0.000000,0.500000,0.500000,0.000000,C-05,1,0,0,1,1,0,-0.071961,-0.215144,0.2917,0.3905,0.3165,3,ok
0,188,3.259031,-1.224162,0.699154,0.158387,0.072231,6.264513,0.199958,0.218867,0.218867,0.000000,0.500000,0.500000,0.000000,C-05,1,0,0,1,1,0,-0.045710,-0.191760,0.2917,0.0000,0.2756,3,ok
0,189,3.277294,-1.208575,0.715154,0.159656,0.059230,6.292989,0.200221,0.301621,0.301621,0.000000,0.500000,0.500000,0.000000,C-05,1,0,0,1,1,0,-0.072706,-0.190798,0.3333,0.4523,0.3245,3,ok
0,190,3.295344,-1.192681,0.732730,0.161245,0.076807,6.316987,0.200583,0.321730,0.321730,0.000000,0.500000,0.500000,0.000000,C-05,1,0,0,1,1,0,-0.070707,-0.204252,0.3333,0.3060,0.2239,3,ok
0,191,3.310206,-1.179224,0.743236,0.162353,0.058691,6.341666,0.200542,0.220704,0.220704,0.000000,0.500000,0.500000,0.000000,C-05,1,0,0,1,1,0,-0.094853,-0.191697,0.4167,0.7774,0.2674,3,ok
0,192,3.327861,-1.162898,0.752891,0.163834,0.068346,6.365667,0.200335,0.168959,0.168959,0.000000,0.500000,0.500000,0.000000,C-05,1,0,0,1,1,0,-0.092507,-0.195733,0.4583,0.7940,0.2585,3,ok
0,193,3.345310,-1.146366,0.767447,0.165145,0.053419,6.394302,0.200291,0.263519,0.263519,0.000000,0.500000,0.500000,0.000000,C-05,1,0,0,1,1,0,-0.064579,-0.193861,0.4583,0.3460,0.2100,3,ok
0,194,3.359627,-1.132373,0.782830,0.166368,0.068801,6.414284,0.200065,0.324738,0.324738,0.000000,0.500000,0.500000,0.000000,C-05,1,0,0,1,1,0,-0.086202,-0.193958,0.5208,0.7509,0.2569,3,ok
0,195,3.373734,-1.118200,0.792648,0.167649,0.050055,6.439103,0.199924,0.193820,0.193820,0.000000,0.500000,0.500000,0.000000,C-05,1,0,0,1,1,0,-0.060730,-0.185390,0.5833,0.3724,0.2068,3,ok
0,196,3.390455,-1.101021,0.807643,0.169013,0.065050,6.463037,0.199660,0.265687,0.265687,0.000000,0.500000,0.500000,0.000000,C-05,1,0,0,1,1,0,-0.084796,-0.182355,0.5625,0.8109,0.2576,3,ok
0,197,3.404184,-1.086545,0.820958,0.170319,0.049553,6.488544,0.199405,0.283658,0.283658,0.000000,0.500000,0.500000,0.000000,C-05,1,0,0,1,1,0,-0.083463,-0.175923,0.6042,0.8089,0.2586,3,ok
0,198,3.420433,-1.068964,0.832953,0.171513,0.061548,6.512454,0.199540,0.209595,0.209595,0.000000,0.500000,0.500000,0.000000,C-05,1,0,0,1,1,0,-0.080483,-0.172391,0.5625,0.8286,0.2469,3,ok
0,199,3.436445,-1.051156,0.848105,0.172993,0.046680,6.540469,0.199640,0.278810,0.278810,0.000000,0.500000,0.500000,0.000000,C-05,1,0,0,1,1,0,-0.077810,-0.199457,0.5417,0.8250,0.2477,3,ok
0,200,3.449543,-1.036071,0.865787,0.174133,0.064362,6.560414,0.199920,0.399718,0.399718,0.000000,0.500000,0.500000,0.000000,C-05,1,0,0,1,1,0,-0.053108,-0.197750,0.5000,0.4280,0.2014,3,ok
0,201,3.464871,-1.017540,0.900063,0.176082,0.098639,6.584384,0.200874,0.647063,0.647063,0.000000,0.500000,0.500000,0.000000,C-06;C-05,1,0,0,1,1,0,-0.064672,-0.196289,0.5208,0.6485,0.2412,3,ok
0,202,3.479723,-0.998594,0.918586,0.178031,0.087729,6.613689,0.200670,0.311814,0.311814,0.000000,0.500000,0.500000,0.000000,C-06;C-05,1,0,0,1,1,0,-0.061994,-0.204816,0.5417,0.6346,0.2463,3,ok
0,203,3.491841,-0.982586,0.938058,0.179918,0.107200,6.633678,0.201235,0.425340,0.425340,0.000000,0.500000,0.500000,0.000000,C-05,1,0,0,1,1,0,-0.063293,-0.196246,0.5833,0.7446,0.2474,3,ok
0,204,3.503691,-0.966403,0.946789,0.181682,0.085738,6.659843,0.200549,0.169476,0.169476,0.000000,0.500000,0.500000,0.000000,C-06;C-05,1,0,0,1,1,0,-0.063110,-0.182974,0.6042,0.7713,0.2504,3,ok
0,205,3.517700,-0.946753,0.973085,0.183814,0.112034,6.683881,0.201994,0.478745,0.478745,0.000000,0.500000,0.500000,0.000000,C-06;C-05,1,0,0,1,1,0,-0.059794,-0.182425,0.6042,0.7078,0.2585,3,ok
0,206,3.529105,-0.930118,0.991301,0.185741,0.098747,6.708793,0.201750,0.367743,0.367743,0.000000,0.500000,0.500000,0.000000,C-05,1,0,0,1,1,0,-0.057354,-0.176799,0.6042,0.6727,0.2562,3,ok
0,207,3.542380,-0.909934,1.006794,0.188151,0.114240,6.732830,0.201334,0.255597,0.255597,0.000000,0.500000,0.500000,0.000000,C-05,1,0,0,1,1,0,-0.048907,-0.181168,0.6250,0.5694,0.2466,3,ok
0,208,3.555298,-0.889592,1.015728,0.190625,0.090838,6.763769,0.200786,0.143849,0.143849,0.000000,0.500000,0.500000,0.000000,C-05,1,0,0,1,1,0,-0.047352,-0.177778,0.6042,0.5609,0.2533,3,ok
0,209,3.565898,-0.872569,1.020558,0.192388,0.095668,6.783745,0.200521,0.093192,0.093192,0.000000,0.500000,0.500000,0.000000,C-05,1,0,0,1,1,0,-0.045015,-0.194841,0.5833,0.5567,0.2513,3,ok
0,210,3.578451,-0.852010,1.037874,0.194569,0.079504,6.813623,0.201435,0.303431,0.303431,0.000000,0.500000,0.500000,0.000000,C-06;C-05,1,0,0,1,1,0,-0.043775,-0.211843,0.5417,0.5169,0.2598,3,ok
0,211,3.590905,-0.831193,1.062735,0.196399,0.104365,6.837812,0.202789,0.416541,0.416541,0.000000,0.500000,0.500000,0.000000,C-05,1,0,0,1,1,0,-0.046357,-0.210184,0.6042,0.5487,0.2531,3,ok
0,212,3.600775,-0.813675,1.070808,0.198393,0.074625,6.864619,0.200907,0.133715,0.133715,0.000000,0.500000,0.500000,0.000000,C-06;C-05,1,0,0,1,1,0,-0.042847,-0.190936,0.6875,0.4776,0.2638,3,ok
0,213,3.610499,-0.796090,1.077922,0.199904,0.081740,6.884657,0.200958,0.138348,0.138348,0.000000,0.500000,0.500000,0.000000,C-05,1,0,0,1,1,0,-0.042280,-0.188587,0.6667,0.4921,0.2580,3,ok
0,214,3.621875,-0.774841,1.097769,0.202042,0.101586,6.908665,0.201576,0.331163,0.331163,0.000000,0.500000,0.500000,0.000000,C-06;C-05,1,0,0,1,1,0,-0.043121,-0.196384,0.6667,0.4882,0.2593,3,ok
0,215,3.631335,-0.756953,1.116761,0.203203,0.081397,6.936945,0.202795,0.362955,0.362955,0.000000,0.500000,0.500000,0.000000,C-05,1,0,0,1,1,0,-0.045162,-0.178971,0.6458,0.5440,0.2586,3,ok
0,216,3.642393,-0.735265,1.140084,0.204879,0.104721,6.961232,0.202923,0.364286,0.364286,0.000000,0.500000,0.500000,0.000000,C-05,1,0,0,1,1,0,-0.040571,-0.200827,0.6458,0.4469,0.2589,3,ok
0,217,3.652819,-0.713373,1.156699,0.206222,0.080001,6.995254,0.202023,0.249004,0.249004,0.000000,0.500000,0.500000,0.000000,C-05,1,0,0,1,1,0,-0.041301,-0.184281,0.6042,0.4879,0.2577,3,ok
0,218,3.660962,-0.695071,1.153808,0.207704,0.077110,7.015232,0.200066,-0.077013,-0.077013,0.000000,0.500000,0.500000,0.000000,C-06;C-05,1,0,0,1,1,0,-0.042142,-0.179190,0.6042,0.5040,0.2574,3,ok
0,219,3.670689,-0.673076,1.165520,0.208737,0.047744,7.048313,0.200835,0.196823,0.196823,0.000000,0.500000,0.500000,0.000000,C-06;C-05,1,0,0,1,1,0,-0.040958,-0.193477,0.5833,0.4588,0.2616,3,ok
0,220,3.680292,-0.650905,1.192102,0.209712,0.074326,7.072456,0.202208,0.423062,0.423062,0.000000,0.500000,0.500000,0.000000,C-06;C-05,1,0,0,1,1,0,-0.043373,-0.191121,0.6667,0.4694,0.2658,3,ok
0,221,3.688104,-0.632267,1.206539,0.210099,0.049360,7.101281,0.202069,0.245715,0.245715,0.000000,0.500000,0.500000,0.000000,C-06;C-05,1,0,0,1,1,0,-0.039133,-0.177012,0.7083,0.4114,0.2593,3,ok
0,222,3.695717,-0.613526,1.221898,0.210547,0.064719,7.121504,0.202330,0.274702,0.274702,0.000000,0.500000,0.500000,0.000000,C-05,1,0,0,1,1,0,-0.039021,-0.159104,0.6875,0.4218,0.2592,3,ok
0,223,3.704483,-0.590901,1.239684,0.211022,0.045405,7.152723,0.202195,0.259527,0.259527,0.000000,0.500000,0.500000,0.000000,C-05,1,0,0,1,1,0,-0.037865,-0.157117,0.7083,0.4002,0.2593,3,ok
0,224,3.711482,-0.571942,1.254006,0.211454,0.059727,7.172928,0.202088,0.248468,0.248468,0.000000,0.500000,0.500000,0.000000,C-05,1,0,0,1,1,0,-0.037585,-0.163656,0.6875,0.4054,0.2578,3,ok
0,225,3.719498,-0.549078,1.269930,0.212021,0.042010,7.203848,0.201887,0.227456,0.227456,0.000000,0.500000,0.500000,0.000000,C-05,1,0,0,1,1,0,-0.036791,-0.159200,0.6667,0.3911,0.2611,3,ok
0,226,3.726996,-0.526116,1.281051,0.212692,0.053131,7.227993,0.201246,0.153841,0.153841,0.000000,0.500000,0.500000,0.000000,C-05,1,0,0,1,1,0,-0.039876,-0.155813,0.6667,0.4704,0.2696,3,ok
0,227,3.733115,-0.506912,1.295184,0.213088,0.036381,7.255880,0.201901,0.246954,0.246954,0.000000,0.500000,0.500000,0.000000,C-05,1,0,0,1,1,0,-0.037192,-0.157607,0.5833,0.4048,0.2567,3,ok
0,228,3.740158,-0.483772,1.309239,0.213369,0.050436,7.280066,0.201526,0.193144,0.193144,0.000000,0.500000,0.500000,0.000000,C-05,1,0,0,1,1,0,-0.038891,-0.154961,0.6250,0.4515,0.2603,3,ok
0,229,3.746803,-0.460552,1.320978,0.213804,0.032252,7.309817,0.201236,0.160643,0.160643,0.000000,0.500000,0.500000,0.000000,C-05,1,0,0,1,1,0,-0.040768,-0.146371,0.7083,0.5055,0.2706,3,ok
0,230,3.752182,-0.441146,1.332128,0.214014,0.043401,7.329954,0.201413,0.186070,0.186070,0.000000,0.500000,0.500000,0.000000,C-05,1,0,0,1,1,0,-0.038776,-0.143003,0.6875,0.4726,0.2623,3,ok
0,231,3.757334,-0.421689,1.342516,0.214399,0.025405,7.355923,0.201256,0.169637,0.169637,0.000000,0.500000,0.500000,0.000000,C-05,1,0,0,1,1,0,-0.038249,-0.142182,0.6667,0.4702,0.2621,3,ok
0,232,3.763157,-0.398285,1.352495,0.214634,0.035383,7.380040,0.200957,0.133752,0.133752,0.000000,0.500000,0.500000,0.000000,C-05,1,0,0,1,1,0,-0.041300,-0.140925,0.6667,0.5481,0.2681,3,ok
0,233,3.767893,-0.378738,1.363099,0.214954,0.045988,7.400150,0.201241,0.175561,0.175561,0.000000,0.500000,0.500000,0.000000,C-05,1,0,0,1,1,0,-0.042858,-0.147872,0.7083,0.6101,0.2644,3,ok
0,234,3.773418,-0.355220,1.377368,0.214855,0.034472,7.430374,0.201317,0.192483,0.192483,0.000000,0.500000,0.500000,0.000000,C-05,1,0,0,1,1,0,-0.040530,-0.147438,0.6875,0.5661,0.2589,3,ok
0,235,3.778539,-0.331639,1.389660,0.215133,0.046764,7.454502,0.201054,0.162062,0.162062,0.000000,0.500000,0.500000,0.000000,C-05,1,0,0,1,1,0,-0.042793,-0.148640,0.6042,0.6553,0.2651,3,ok
0,236,3.782670,-0.311944,1.403174,0.215037,0.034663,7.479773,0.201393,0.218869,0.218869,0.000000,0.500000,0.500000,0.000000,C-05,1,0,0,1,1,0,-0.042120,-0.154130,0.6250,0.6484,0.2641,3,ok
0,237,3.787407,-0.288247,1.420297,0.215138,0.051786,7.503938,0.201340,0.224148,0.224148,0.000000,0.500000,0.500000,0.000000,C-05,1,0,0,1,1,0,-0.042399,-0.150508,0.7292,0.6680,0.2684,3,ok
0,238,3.791530,-0.264497,1.432423,0.215383,0.039001,7.533058,0.200837,0.153765,0.153765,0.000000,0.500000,0.500000,0.000000,C-05,1,0,0,1,1,0,-0.037576,-0.145296,0.7292,0.5665,0.2655,3,ok
0,239,3.794755,-0.244675,1.442582,0.215722,0.049159,7.553138,0.200813,0.157010,0.157010,0.000000,0.500000,0.500000,0.000000,C-05,1,0,0,1,1,0,-0.040489,-0.141467,0.7083,0.6772,0.2684,3,ok
0,240,3.797805,-0.224826,1.453232,0.215922,0.035944,7.578696,0.200802,0.163779,0.163779,0.000000,0.500000,0.500000,0.000000,C-05,1,0,0,1,1,0,-0.040489,-0.141467,0.7083,0.6772,0.2684,3,ok
0,241,3.801278,-0.200971,1.468401,0.216121,0.051113,7.602801,0.200883,0.193903,0.193903,0.000000,0.500000,0.500000,0.000000,C-05,1,0,0,1,1,0,-0.038175,-0.149094,0.6458,0.6631,0.2652,3,ok
0,242,3.803846,-0.181065,1.479488,0.216405,0.038067,7.628007,0.200676,0.164756,0.164756,0.000000,0.500000,0.500000,0.000000,C-05,1,0,0,1,1,0,-0.036022,-0.144896,0.6875,0.6414,0.2646,3,ok
0,243,3.806702,-0.157150,1.494334,0.216650,0.052912,7.652091,0.200689,0.186111,0.186111,0.000000,0.500000,0.500000,0.000000,C-05,1,0,0,1,1,0,-0.039484,-0.144726,0.6458,0.7576,0.2621,3,ok
0,244,3.809386,-0.133203,1.516309,0.216861,0.050187,7.681172,0.200916,0.276369,0.276369,0.000000,0.500000,0.500000,0.000000,C-05,1,0,0,1,1,0,-0.033509,-0.162670,0.6250,0.6652,0.2605,3,ok
0,245,3.811295,-0.113224,1.533061,0.217078,0.066940,7.701240,0.200623,0.242022,0.242022,0.000000,0.500000,0.500000,0.000000,C-05,1,0,0,1,1,0,-0.034368,-0.155210,0.7083,0.7138,0.2629,3,ok
0,246,3.812879,-0.089235,1.547437,0.217903,0.057145,7.730768,0.200289,0.168402,0.168402,0.000000,0.500000,0.500000,0.000000,C-05,1,0,0,1,1,0,-0.032640,-0.146342,0.7500,0.7074,0.2597,3,ok
0,247,3.814167,-0.065239,1.562809,0.218556,0.072517,7.754791,0.200217,0.183780,0.183780,0.000000,0.500000,0.500000,0.000000,C-05,1,0,0,1,1,0,-0.031917,-0.143065,0.7500,0.7179,0.2658,3,ok
0,248,3.815077,-0.045239,1.579254,0.219212,0.063527,7.780530,0.200172,0.235757,0.235757,0.000000,0.500000,0.500000,0.000000,C-05,1,0,0,1,1,0,-0.031683,-0.145929,0.7917,0.7545,0.2636,3,ok
0,249,3.815568,-0.025241,1.592576,0.219814,0.076848,7.800525,0.199987,0.186639,0.186639,0.000000,0.500000,0.500000,0.000000,C-05,1,0,0,1,1,0,-0.028468,-0.148176,0.7500,0.6989,0.2666,3,ok
0,250,3.815711,-0.001252,1.606615,0.220983,0.090888,7.824487,0.199876,0.167391,0.167391,0.000000,0.500000,0.500000,0.000000,C-05,1,0,0,1,1,0,-0.028857,-0.151139,0.7500,0.7471,0.2664,3,ok
0,251,3.815662,0.018729,1.622352,0.221711,0.080572,7.849477,0.199745,0.234075,0.234075,0.000000,0.500000,0.500000,0.000000,C-05,1,0,0,1,1,0,-0.030307,-0.151941,0.7083,0.8091,0.2669,3,ok
0,252,3.815220,0.042686,1.639458,0.222917,0.097678,7.873407,0.199612,0.207936,0.207936,0.000000,0.500000,0.500000,0.000000,C-05,1,0,0,1,1,0,-0.027593,-0.153217,0.6458,0.7725,0.2659,3,ok
0,253,3.814255,0.066616,1.654284,0.224086,0.084917,7.904042,0.199541,0.181927,0.181927,0.000000,0.500000,0.500000,0.000000,C-05,1,0,0,1,1,0,-0.033007,-0.162611,0.7292,0.9895,0.2788,3,ok
0,254,3.813254,0.086533,1.669331,0.225124,0.099964,7.923958,0.199340,0.229368,0.229368,0.000000,0.500000,0.500000,0.000000,C-05,1,0,0,1,1,0,-0.028545,-0.159158,0.7708,0.8895,0.2664,3,ok
0,255,3.811782,0.110392,1.689388,0.226244,0.090360,7.953718,0.199113,0.255313,0.255313,0.000000,0.500000,0.500000,0.000000,C-05,1,0,0,1,1,0,-0.028011,-0.152876,0.7917,0.9168,0.2723,3,ok
0,256,3.809809,0.134194,1.709023,0.227641,0.109995,7.977561,0.198965,0.251369,0.251369,0.000000,0.500000,0.500000,0.000000,C-05,1,0,0,1,1,0,-0.028201,-0.144608,0.8125,0.9653,0.2749,3,ok
0,257,3.807730,0.153982,1.723952,0.228849,0.092073,8.004937,0.198931,0.230723,0.230723,0.000000,0.500000,0.500000,0.000000,C-05,1,0,0,1,1,0,-0.028761,-0.132187,0.7708,1.0370,0.2721,3,ok
0,258,3.805321,0.173726,1.738329,0.230126,0.106451,8.024785,0.198861,0.225325,0.225325,0.000000,0.500000,0.500000,0.000000,C-05,1,0,0,1,1,0,-0.035053,-0.146649,0.7708,1.2487,0.2853,3,ok
0,259,3.802198,0.197341,1.762229,0.231559,0.096884,8.057003,0.198256,0.323033,0.323033,0.000000,0.500000,0.500000,0.000000,C-05,1,0,0,1,1,0,-0.024276,-0.150343,0.7292,1.0376,0.2716,3,ok
0,260,3.799094,0.216943,1.778723,0.232816,0.113377,8.076809,0.198445,0.260842,0.260842,0.000000,0.500000,0.500000,0.000000,C-05,1,0,0,1,1,0,-0.024044,-0.147377,0.6875,1.1061,0.2713,3,ok
0,261,3.794704,0.240389,1.792948,0.234723,0.092962,8.109644,0.198791,0.187445,0.187445,0.000000,0.500000,0.500000,0.000000,C-05,1,0,0,1,1,0,-0.030425,-0.145055,0.7083,1.2820,0.2661,3,ok
0,262,3.789966,0.263762,1.807020,0.236336,0.107034,8.133438,0.198709,0.192556,0.192556,0.000000,0.500000,0.500000,0.000000,C-05,1,0,0,1,1,0,-0.031402,-0.154122,0.7500,1.4434,0.2883,3,ok
0,263,3.785758,0.283179,1.818746,0.237796,0.084076,8.161125,0.198661,0.193914,0.193914,0.000000,0.500000,0.500000,0.000000,C-05,1,0,0,1,1,0,-0.024004,-0.158099,0.8125,1.3383,0.2785,3,ok
0,264,3.780504,0.306390,1.837338,0.239156,0.102668,8.184884,0.198145,0.262864,0.262864,0.000000,0.500000,0.500000,0.000000,C-05,1,0,0,1,1,0,-0.029084,-0.159373,0.8333,1.5198,0.2886,3,ok
0,265,3.774922,0.329476,1.858089,0.240676,0.090195,8.216266,0.197863,0.293631,0.293631,0.000000,0.500000,0.500000,0.000000,C-05,1,0,0,1,1,0,-0.019733,-0.160335,0.7708,1.3511,0.2734,3,ok
0,266,3.769900,0.348606,1.875674,0.241849,0.107780,8.236009,0.197754,0.301112,0.301112,0.000000,0.500000,0.500000,0.000000,C-05,1,0,0,1,1,0,-0.021763,-0.180622,0.7708,1.5443,0.2731,3,ok
0,267,3.764561,0.367627,1.894578,0.243354,0.126684,8.255707,0.197508,0.328778,0.328778,0.000000,0.500000,0.500000,0.000000,C-05,1,0,0,1,1,0,-0.017397,-0.187465,0.7500,1.5060,0.2772,3,ok
0,268,3.757691,0.390286,1.918709,0.244898,0.117901,8.287409,0.197279,0.354058,0.354058,0.000000,0.500000,0.500000,0.000000,C-05,1,0,0,1,1,0,-0.020155,-0.185048,0.7500,1.6114,0.2695,3,ok
0,269,3.751393,0.409031,1.934956,0.246745,0.134148,8.307097,0.197787,0.283124,0.283124,0.000000,0.500000,0.500000,0.000000,C-05,1,0,0,1,1,0,-0.011368,-0.195910,0.7083,1.5274,0.2760,3,ok
0,270,3.743358,0.431381,1.952706,0.248884,0.118222,8.337970,0.197931,0.264022,0.264022,0.000000,0.500000,0.500000,0.000000,C-05,1,0,0,1,1,0,-0.013973,-0.196823,0.7708,1.6358,0.2696,3,ok
0,271,3.734870,0.453576,1.969373,0.251386,0.134888,8.361602,0.198040,0.251037,0.251037,0.000000,0.500000,0.500000,0.000000,C-05,1,0,0,1,1,0,-0.006769,-0.205535,0.8125,1.5851,0.2699,3,ok
0,272,3.727433,0.471963,1.981004,0.253208,0.110843,8.390693,0.198366,0.209871,0.209871,0.000000,0.500000,0.500000,0.000000,C-05,1,0,0,1,1,0,-0.004724,-0.211232,0.8125,1.6107,0.2665,3,ok
0,273,3.718175,0.493911,1.993497,0.255640,0.123336,8.414389,0.198528,0.190778,0.190778,0.000000,0.500000,0.500000,0.000000,C-05,1,0,0,1,1,0,-0.001808,-0.222475,0.7917,1.6113,0.2630,3,ok
0,274,3.708602,0.515743,2.004853,0.257689,0.097268,8.447603,0.198668,0.174680,0.174680,0.000000,0.500000,0.500000,0.000000,C-05,1,0,0,1,1,0,-0.002288,-0.244742,0.7708,1.6756,0.2594,3,ok
0,275,3.700466,0.533834,2.018073,0.259448,0.110488,8.467362,0.198109,0.254221,0.254221,0.000000,0.500000,0.500000,0.000000,C-05,1,0,0,1,1,0,0.005407,-0.263067,0.7917,1.5456,0.2537,3,ok
0,276,3.692067,0.551767,2.041726,0.260911,0.093527,8.498015,0.197199,0.465734,0.465734,0.000000,0.500000,0.500000,0.000000,C-06;C-05,1,0,0,1,1,0,0.005554,-0.286050,0.7292,1.6008,0.2533,3,ok
0,277,3.683413,0.569494,2.062466,0.262455,0.114267,8.517681,0.197343,0.393282,0.393282,0.000000,0.500000,0.500000,0.000000,C-05,1,0,0,1,1,0,0.011125,-0.292442,0.7292,1.5039,0.2472,3,ok
0,278,3.672490,0.590510,2.087254,0.264340,0.096284,8.552326,0.197462,0.403289,0.403289,0.000000,0.500000,0.500000,0.000000,C-05,1,0,0,1,1,0,0.012843,-0.302786,0.7292,1.4851,0.2401,3,ok
0,279,3.662943,0.607798,2.108219,0.266055,0.117250,8.572000,0.197575,0.415910,0.415910,0.000000,0.500000,0.500000,0.000000,C-05,1,0,0,1,1,0,0.016451,-0.303836,0.7500,1.4424,0.2450,3,ok
0,280,3.653006,0.624857,2.131922,0.267817,0.095438,8.603732,0.197486,0.480828,0.480828,0.000000,0.500000,0.500000,0.000000,C-05,1,0,0,1,1,0,0.020484,-0.305698,0.8125,1.3813,0.2410,3,ok
0,281,3.640456,0.645005,2.158564,0.270051,0.122079,8.627363,0.197982,0.451557,0.451557,0.000000,0.500000,0.500000,0.000000,C-05,1,0,0,1,1,0,0.026363,-0.305815,0.8333,1.2475,0.2399,3,ok
0,282,3.629510,0.661535,2.178799,0.272035,0.094861,8.660084,0.198404,0.417631,0.417631,0.000000,0.500000,0.500000,0.000000,C-05,1,0,0,1,1,0,0.035282,-0.318229,0.7708,1.0703,0.2429,3,ok
0,283,3.615857,0.681088,2.199914,0.274388,0.115976,8.683814,0.198867,0.367564,0.367564,0.000000,0.500000,0.500000,0.000000,C-05,1,0,0,1,1,0,0.034451,-0.326704,0.7500,1.0953,0.2454,3,ok
0,284,3.604068,0.697124,2.223176,0.276330,0.089420,8.717588,0.198877,0.508068,0.508068,0.000000,0.500000,0.500000,0.000000,C-05,1,0,0,1,1,0,0.037217,-0.334637,0.7708,1.0246,0.2379,3,ok
0,285,3.591896,0.712902,2.241790,0.278234,0.108035,8.737424,0.199428,0.396068,0.396068,0.000000,0.500000,0.500000,0.000000,C-05,1,0,0,1,1,0,0.042834,-0.337589,0.7292,0.9015,0.2453,3,ok
0,286,3.576846,0.731539,2.263113,0.280459,0.077269,8.775711,0.199797,0.391038,0.391038,0.000000,0.500000,0.500000,0.000000,C-05,1,0,0,1,1,0,0.042968,-0.356459,0.7083,0.8848,0.2463,3,ok
0,287,3.563942,0.746820,2.282470,0.282222,0.096627,8.795632,0.200215,0.434852,0.434852,0.000000,0.500000,0.500000,0.000000,C-05,1,0,0,1,1,0,0.042604,-0.352266,0.7292,0.8495,0.2488,3,ok
0,288,3.550716,0.761901,2.304906,0.283840,0.065369,8.830842,0.200930,0.496840,0.496840,0.000000,0.500000,0.500000,0.000000,C-05,1,0,0,1,1,0,0.043312,-0.347239,0.8333,0.7845,0.2448,3,ok
0,289,3.534418,0.779672,2.329818,0.285656,0.090281,8.854886,0.200729,0.441669,0.441669,0.000000,0.500000,0.500000,0.000000,C-05,1,0,0,1,1,0,0.042784,-0.342070,0.8125,0.7740,0.2481,3,ok
0,290,3.520532,0.794118,2.346640,0.286917,0.052154,8.891069,0.200212,0.345129,0.345129,0.000000,0.500000,0.500000,0.000000,C-05,1,0,0,1,1,0,0.042978,-0.338836,0.7500,0.6803,0.2539,3,ok
0,291,3.506414,0.808288,2.362973,0.288121,0.068487,8.911035,0.199884,0.337488,0.337488,0.000000,0.500000,0.500000,0.000000,C-05,1,0,0,1,1,0,0.040737,-0.337465,0.7500,0.6873,0.2525,3,ok
0,292,3.489219,0.824969,2.383397,0.289086,0.032529,8.951113,0.199439,0.357806,0.357806,0.000000,0.500000,0.500000,0.000000,C-05,1,0,0,1,1,0,0.040907,-0.338003,0.7500,0.6312,0.2502,3,ok
0,293,3.474683,0.838632,2.395367,0.289827,0.044498,8.971049,0.199425,0.246981,0.246981,0.000000,0.500000,0.500000,0.000000,C-05,1,0,0,1,1,0,0.040059,-0.333225,0.7708,0.5843,0.2560,3,ok
0,294,3.459996,0.852116,2.408218,0.289947,0.000672,9.007507,0.199459,0.279169,0.279169,0.000000,0.500000,0.500000,0.000000,C-05,1,0,0,1,1,0,0.037793,-0.337518,0.7292,0.5780,0.2547,3,ok
0,295,3.442118,0.868063,2.421464,0.290098,0.013919,9.031463,0.199732,0.238627,0.238627,0.000000,0.500000,0.500000,0.000000,C-05,1,0,0,1,1,0,0.034824,-0.334873,0.7292,0.5691,0.2544,3,ok
0,296,3.426971,0.881096,2.443364,0.289488,-0.020692,9.068497,0.200077,0.505797,0.505797,0.000000,0.500000,0.500000,0.000000,C-06;C-05,1,0,0,1,1,0,0.030795,-0.328258,0.7917,0.5476,0.2573,3,ok
0,297,3.408390,0.896356,2.469443,0.289084,-0.050221,9.108500,0.200626,0.478406,0.478406,0.000000,0.500000,0.500000,0.000000,C-05,1,0,0,1,1,0,0.031099,-0.322367,0.8125,0.5064,0.2563,3,ok
0,298,3.392626,0.908778,2.487869,0.288147,-0.031795,9.128547,0.200821,0.394551,0.394551,0.000000,0.500000,0.500000,0.000000,C-05,1,0,0,1,1,0,0.027503,-0.302007,0.8125,0.5320,0.2570,3,ok
0,299,3.376657,0.920950,2.503292,0.287454,-0.068264,9.164633,0.200880,0.326338,0.326338,0.000000,0.500000,0.500000,0.000000,C-05,1,0,0,1,1,0,0.027951,-0.311955,0.7708,0.4938,0.2570,3,ok
0,300,3.357276,0.935266,2.518224,0.285739,-0.053332,9.188667,0.200850,0.260444,0.260444,0.000000,0.500000,0.500000,0.000000,C-05,1,0,0,1,1,0,0.026600,-0.302834,0.7500,0.4403,0.2593,3,ok
0,301,3.340973,0.946992,2.529310,0.284348,-0.088007,9.223338,0.200846,0.230957,0.230957,0.000000,0.500000,0.500000,0.000000,C-05,1,0,0,1,1,0,0.023830,-0.299268,0.7500,0.4466,0.2618,3,ok
0,302,3.324552,0.958542,2.538834,0.282355,-0.078483,9.243316,0.200786,0.196981,0.196981,0.000000,0.500000,0.500000,0.000000,C-05,1,0,0,1,1,0,0.019658,-0.300489,0.7083,0.4632,0.2532,3,ok
0,303,3.304682,0.972218,2.553896,0.280000,-0.104850,9.278089,0.201189,0.264777,0.264777,0.000000,0.500000,0.500000,0.000000,C-05,1,0,0,1,1,0,0.018801,-0.299857,0.7292,0.4550,0.2561,3,ok
0,304,3.287993,0.983375,2.561730,0.277716,-0.097017,9.298033,0.200724,0.152987,0.152987,0.000000,0.500000,0.500000,0.000000,C-05,1,0,0,1,1,0,0.014125,-0.290464,0.8125,0.4229,0.2603,3,ok
0,305,3.271181,0.994333,2.577302,0.275663,-0.081444,9.317996,0.201299,0.327334,0.327334,0.000000,0.500000,0.500000,0.000000,C-06;C-05,1,0,0,1,1,0,0.008957,-0.292394,0.8125,0.4653,0.2605,3,ok
0,306,3.250755,1.007394,2.601021,0.272708,-0.093145,9.349821,0.202372,0.402554,0.402554,0.000000,0.500000,0.500000,0.000000,C-05,1,0,0,1,1,0,0.008541,-0.283314,0.8333,0.4320,0.2606,3,ok
0,307,3.233489,1.018035,2.624722,0.270577,-0.069444,9.369990,0.203096,0.475785,0.475785,0.000000,0.500000,0.500000,0.000000,C-05,1,0,0,1,1,0,0.006112,-0.277769,0.7500,0.4246,0.2599,3,ok
0,308,3.216018,1.028210,2.641397,0.268311,-0.082670,9.399162,0.202135,0.312170,0.312170,0.000000,0.500000,0.500000,0.000000,C-06;C-05,1,0,0,1,1,0,0.004265,-0.264982,0.7500,0.4248,0.2574,3,ok
0,309,3.194869,1.039992,2.656855,0.266020,-0.067212,9.423262,0.201743,0.244729,0.244729,0.000000,0.500000,0.500000,0.000000,C-05,1,0,0,1,1,0,0.003164,-0.249824,0.7292,0.4228,0.2602,3,ok
0,310,3.177130,1.049499,2.665994,0.263987,-0.085777,9.450100,0.201229,0.169294,0.169294,0.000000,0.500000,0.500000,0.000000,C-05,1,0,0,1,1,0,0.000159,-0.250307,0.6875,0.4164,0.2618,3,ok
0,311,3.155740,1.060685,2.675865,0.261722,-0.075906,9.474132,0.201157,0.156077,0.156077,0.000000,0.500000,0.500000,0.000000,C-05,1,0,0,1,1,0,-0.002070,-0.245229,0.6875,0.4175,0.2616,3,ok
0,312,3.137788,1.069707,2.695599,0.259800,-0.082187,9.500346,0.201579,0.393349,0.393349,0.000000,0.500000,0.500000,0.000000,C-06;C-05,1,0,0,1,1,0,-0.006068,-0.243553,0.7917,0.4449,0.2602,3,ok
0,313,3.119647,1.078715,2.718999,0.257842,-0.058787,9.520505,0.203336,0.439603,0.439603,0.000000,0.500000,0.500000,0.000000,C-05,1,0,0,1,1,0,-0.006996,-0.235153,0.7708,0.4390,0.2629,3,ok
0,314,3.097613,1.089351,2.749788,0.255389,-0.052476,9.551883,0.204013,0.472107,0.472107,0.000000,0.500000,0.500000,0.000000,C-05,1,0,0,1,1,0,-0.006083,-0.219436,0.7708,0.4099,0.2618,3,ok
0,315,3.079058,1.097530,2.767982,0.253798,-0.034282,9.572097,0.202663,0.314692,0.314692,0.000000,0.500000,0.500000,0.000000,C-06;C-05,1,0,0,1,1,0,-0.006423,-0.200739,0.7708,0.3998,0.2619,3,ok
0,316,3.060382,1.105317,2.783531,0.252489,-0.041685,9.597274,0.202324,0.274428,0.274428,0.000000,0.500000,0.500000,0.000000,C-05,1,0,0,1,1,0,-0.005951,-0.189631,0.8125,0.3666,0.2651,3,ok
0,317,3.037851,1.114111,2.796117,0.251155,-0.029099,9.621424,0.201511,0.180610,0.180610,0.000000,0.500000,0.500000,0.000000,C-05,1,0,0,1,1,0,-0.006000,-0.181785,0.7708,0.3565,0.2654,3,ok
0,318,3.018978,1.121251,2.813315,0.250158,-0.034608,9.648057,0.202259,0.312298,0.312298,0.000000,0.500000,0.500000,0.000000,C-05,1,0,0,1,1,0,-0.007325,-0.176306,0.7500,0.3650,0.2653,3,ok
0,319,2.999979,1.128376,2.835159,0.248786,-0.012764,9.668302,0.203290,0.383852,0.383852,0.000000,0.500000,0.500000,0.000000,C-05,1,0,0,1,1,0,-0.006510,-0.169634,0.7292,0.3333,0.2658,3,ok
0,320,2.976982,1.136724,2.868858,0.247368,0.000561,9.697183,0.204148,0.484854,0.484854,0.000000,0.500000,0.500000,0.000000,C-05,1,0,0,1,1,0,-0.006989,-0.152602,0.7917,0.3372,0.2636,3,ok
0,321,2.957656,1.143088,2.893860,0.246452,0.025562,9.717509,0.203373,0.411866,0.411866,0.000000,0.500000,0.500000,0.000000,C-05,1,0,0,1,1,0,-0.006497,-0.132904,0.8125,0.3411,0.2632,3,ok
0,322,2.938223,1.148703,2.911528,0.246286,0.043230,9.737736,0.202149,0.279774,0.279774,0.000000,0.500000,0.500000,0.000000,C-05,1,0,0,1,1,0,-0.005199,-0.110467,0.8333,0.3318,0.2647,3,ok
0,323,2.914834,1.154452,2.918793,0.246648,0.029268,9.767377,0.200610,0.085757,0.085757,0.000000,0.500000,0.500000,0.000000,C-06;C-05,1,0,0,1,1,0,-0.004024,-0.095060,0.7917,0.3280,0.2643,3,ok
0,324,2.895317,1.159092,2.924121,0.246991,0.034596,9.787435,0.200611,0.086955,0.086955,0.000000,0.500000,0.500000,0.000000,C-05,1,0,0,1,1,0,-0.004121,-0.098382,0.7917,0.3364,0.2635,3,ok
0,325,2.871862,1.164572,2.932102,0.247267,0.022789,9.815406,0.200759,0.109484,0.109484,0.000000,0.500000,0.500000,0.000000,C-05,1,0,0,1,1,0,-0.002993,-0.098368,0.7500,0.3119,0.2674,3,ok
0,326,2.852281,1.169071,2.941312,0.247447,0.031999,9.835497,0.201046,0.152253,0.152253,0.000000,0.500000,0.500000,0.000000,C-05,1,0,0,1,1,0,-0.003014,-0.106293,0.7083,0.3137,0.2633,3,ok
0,327,2.832664,1.173426,2.950076,0.247601,0.021125,9.861528,0.200931,0.139723,0.139723,0.000000,0.500000,0.500000,0.000000,C-05,1,0,0,1,1,0,-0.004313,-0.103831,0.6667,0.3401,0.2617,3,ok
0,328,2.809077,1.178460,2.961383,0.247614,0.032431,9.885645,0.200974,0.150993,0.150993,0.000000,0.500000,0.500000,0.000000,C-05,1,0,0,1,1,0,-0.001518,-0.108137,0.7500,0.2905,0.2655,3,ok
0,329,2.789388,1.182366,2.968731,0.247837,0.021192,9.910345,0.200707,0.114324,0.114324,0.000000,0.500000,0.500000,0.000000,C-05,1,0,0,1,1,0,-0.003683,-0.100991,0.7917,0.3399,0.2696,3,ok
0,330,2.769672,1.186175,2.977612,0.247864,0.030074,9.930426,0.200865,0.142713,0.142713,0.000000,0.500000,0.500000,0.000000,C-05,1,0,0,1,1,0,-0.003305,-0.095292,0.7917,0.3281,0.2696,3,ok
0,331,2.745971,1.190595,2.989448,0.248050,0.041910,9.954535,0.200903,0.155472,0.155472,0.000000,0.500000,0.500000,0.000000,C-05,1,0,0,1,1,0,-0.003497,-0.095332,0.7708,0.3320,0.2677,3,ok
0,332,2.726190,1.193989,2.997477,0.248143,0.030601,9.978885,0.200675,0.122779,0.122779,0.000000,0.500000,0.500000,0.000000,C-05,1,0,0,1,1,0,-0.005209,-0.083893,0.7708,0.3969,0.2652,3,ok
0,333,2.706387,1.197220,3.005346,0.248406,0.038469,9.998949,0.200644,0.121893,0.121893,0.000000,0.500000,0.500000,0.000000,C-05,1,0,0,1,1,0,-0.004265,-0.089172,0.8125,0.3725,0.2657,3,ok
0,334,2.682592,1.200943,3.016081,0.248592,0.030818,10.027331,0.200700,0.138808,0.138808,0.000000,0.500000,0.500000,0.000000,C-05,1,0,0,1,1,0,-0.003033,-0.092536,0.7917,0.3538,0.2698,3,ok
0,335,2.662736,1.203932,3.027293,0.248757,0.042030,10.047410,0.200842,0.174030,0.174030,0.000000,0.500000,0.500000,0.000000,C-05,1,0,0,1,1,0,-0.001492,-0.091030,0.7083,0.3264,0.2670,3,ok
0,336,2.642857,1.206634,3.036301,0.249030,0.033303,10.072321,0.200593,0.134018,0.134018,0.000000,0.500000,0.500000,0.000000,C-05,1,0,0,1,1,0,-0.006048,-0.092073,0.6875,0.4238,0.2585,3,ok
0,337,2.618973,1.209732,3.050400,0.249249,0.047402,10.096404,0.200748,0.180039,0.180039,0.000000,0.500000,0.500000,0.000000,C-05,1,0,0,1,1,0,-0.005401,-0.089295,0.7917,0.4313,0.2653,3,ok
0,338,2.599046,1.212141,3.062691,0.249495,0.041215,10.121269,0.200694,0.184043,0.184043,0.000000,0.500000,0.500000,0.000000,C-05,1,0,0,1,1,0,-0.003151,-0.086738,0.8125,0.4032,0.2680,3,ok
0,339,2.575111,1.214517,3.073234,0.249976,0.051758,10.145316,0.200405,0.126956,0.126956,0.000000,0.500000,0.500000,0.000000,C-05,1,0,0,1,1,0,-0.002380,-0.077743,0.7917,0.4258,0.2655,3,ok
0,340,2.555152,1.216281,3.081452,0.250561,0.042280,10.169208,0.200348,0.120786,0.120786,0.000000,0.500000,0.500000,0.000000,C-05,1,0,0,1,1,0,-0.005251,-0.069425,0.7917,0.5068,0.2733,3,ok
0,341,2.535183,1.217939,3.091365,0.250974,0.052193,10.189242,0.200387,0.147197,0.147197,0.000000,0.500000,0.500000,0.000000,C-05,1,0,0,1,1,0,-0.004286,-0.067361,0.7917,0.4877,0.2721,3,ok
0,342,2.511208,1.219582,3.100725,0.251816,0.061554,10.213258,0.200238,0.111485,0.111485,0.000000,0.500000,0.500000,0.000000,C-05,1,0,0,1,1,0,-0.005770,-0.063823,0.7917,0.5584,0.2656,3,ok
0,343,2.491221,1.220820,3.109535,0.252266,0.052695,10.238560,0.200242,0.128775,0.128775,0.000000,0.500000,0.500000,0.000000,C-05,1,0,0,1,1,0,-0.004015,-0.062061,0.7292,0.5453,0.2646,3,ok
0,344,2.471229,1.221819,3.116793,0.252917,0.059953,10.258566,0.200153,0.102980,0.102980,0.000000,0.500000,0.500000,0.000000,C-05,1,0,0,1,1,0,-0.003836,-0.060530,0.7500,0.5741,0.2704,3,ok
0,345,2.447234,1.222897,3.127757,0.253627,0.053661,10.285965,0.200157,0.133027,0.133027,0.000000,0.500000,0.500000,0.000000,C-05,1,0,0,1,1,0,-0.008166,-0.063995,0.7292,0.6600,0.2568,3,ok
0,346,2.427234,1.223718,3.141228,0.254189,0.067132,10.305973,0.200168,0.196694,0.196694,0.000000,0.500000,0.500000,0.000000,C-05,1,0,0,1,1,0,-0.004220,-0.062278,0.7917,0.6313,0.2621,3,ok
0,347,2.407235,1.224069,-3.134957,0.255094,0.056509,10.330888,0.200012,0.090302,0.090302,0.000000,0.500000,0.500000,0.000000,C-05,1,0,0,1,1,0,-0.000422,-0.057932,0.8125,0.6229,0.2687,3,ok
0,348,2.383236,1.224264,-3.127552,0.256093,0.063913,10.354866,0.199983,0.087593,0.087593,0.000000,0.500000,0.500000,0.000000,C-05,1,0,0,1,1,0,0.001559,-0.059370,0.8125,0.6308,0.2659,3,ok
0,349,2.363239,1.224239,-3.122398,0.257063,0.052184,10.379247,0.199966,0.072744,0.072744,0.000000,0.500000,0.500000,0.000000,C-05,1,0,0,1,1,0,0.001481,-0.058611,0.7917,0.6616,0.2683,3,ok
0,350,2.343244,1.224131,-3.116701,0.257823,0.057881,10.399228,0.199945,0.082464,0.082464,0.000000,0.500000,0.500000,0.000000,C-05,1,0,0,1,1,0,0.003959,-0.068921,0.8125,0.6408,0.2658,3,ok
0,351,2.319257,1.223935,-3.098770,0.258801,0.075812,10.423195,0.199831,0.226742,0.226742,0.000000,0.500000,0.500000,0.000000,C-05,1,0,0,1,1,0,0.007824,-0.070536,0.7708,0.5728,0.2648,3,ok
0,352,2.299280,1.223460,-3.090530,0.259599,0.066390,10.447631,0.199824,0.110608,0.110608,0.000000,0.500000,0.500000,0.000000,C-05,1,0,0,1,1,0,0.007774,-0.070931,0.7500,0.6404,0.2650,3,ok
0,353,2.275314,1.222474,-3.085347,0.260952,0.071573,10.471578,0.199880,0.060288,0.060288,0.000000,0.500000,0.500000,0.000000,C-05,1,0,0,1,1,0,0.014288,-0.073278,0.7083,0.5687,0.2707,3,ok
0,354,2.255351,1.221585,-3.076009,0.261882,0.063681,10.496049,0.199775,0.145014,0.145014,0.000000,0.500000,0.500000,0.000000,C-05,1,0,0,1,1,0,0.015129,-0.088207,0.7500,0.5675,0.2644,3,ok
0,355,2.235404,1.220696,-3.061645,0.262733,0.078045,10.515998,0.199572,0.219616,0.219616,0.000000,0.500000,0.500000,0.000000,C-05,1,0,0,1,1,0,0.021086,-0.092984,0.8125,0.4682,0.2629,3,ok
0,356,2.211488,1.219077,-3.054713,0.264107,0.066972,10.544483,0.199767,0.076572,0.076572,0.000000,0.500000,0.500000,0.000000,C-05,1,0,0,1,1,0,0.022978,-0.094145,0.8542,0.4374,0.2640,3,ok
0,357,2.191565,1.217422,-3.053000,0.265380,0.068685,10.564434,0.199926,0.022391,0.022391,0.000000,0.500000,0.500000,0.000000,C-05,1,0,0,1,1,0,0.024921,-0.095513,0.8333,0.4447,0.2637,3,ok
0,358,2.171646,1.215736,-3.049672,0.266617,0.054816,10.588965,0.199872,0.052668,0.052668,0.000000,0.500000,0.500000,0.000000,C-05,1,0,0,1,1,0,0.026358,-0.105002,0.8125,0.4167,0.2597,3,ok
0,359,2.147767,1.213713,-3.031972,0.267770,0.072517,10.612902,0.199532,0.237530,0.237530,0.000000,0.500000,0.500000,0.000000,C-06;C-05,1,0,0,1,1,0,0.027095,-0.122531,0.8125,0.3974,0.2633,3,ok
0,360,2.127891,1.211657,-3.028611,0.269101,0.075878,10.632840,0.199834,0.041082,0.041082,0.000000,0.500000,0.500000,0.000000,C-06;C-05,1,0,0,1,1,0,0.029868,-0.127119,0.7708,0.3521,0.2587,3,ok
0,361,2.108023,1.209551,-3.024694,0.270051,0.061134,10.658454,0.199753,0.061343,0.061343,0.000000,0.500000,0.500000,0.000000,C-05,1,0,0,1,1,0,0.030277,-0.129343,0.7292,0.3350,0.2634,3,ok
0,362,2.084204,1.207017,-3.012614,0.271214,0.073213,10.682380,0.199474,0.161965,0.161965,0.000000,0.500000,0.500000,0.000000,C-05,1,0,0,1,1,0,0.029657,-0.133762,0.7083,0.3259,0.2617,3,ok
0,363,2.064381,1.204826,-3.004076,0.272042,0.059809,10.705893,0.199419,0.129108,0.129108,0.000000,0.500000,0.500000,0.000000,C-05,1,0,0,1,1,0,0.028502,-0.140328,0.7083,0.3449,0.2619,3,ok
0,364,2.044579,1.202384,-2.997463,0.273080,0.066422,10.725818,0.199520,0.100219,0.100219,0.000000,0.500000,0.500000,0.000000,C-05,1,0,0,1,1,0,0.029791,-0.132966,0.7708,0.2977,0.2629,3,ok
0,365,2.020839,1.199215,-2.991018,0.274238,0.046874,10.756470,0.199586,0.082433,0.082433,0.000000,0.500000,0.500000,0.000000,C-05,1,0,0,1,1,0,0.030073,-0.131465,0.7917,0.2699,0.2638,3,ok
0,366,2.001077,1.196498,-2.983317,0.275064,0.054576,10.776401,0.199374,0.123870,0.123870,0.000000,0.500000,0.500000,0.000000,C-05,1,0,0,1,1,0,0.028740,-0.128313,0.7917,0.2602,0.2617,3,ok
0,367,1.977390,1.193007,-2.976441,0.275898,0.032869,10.809616,0.199527,0.087585,0.087585,0.000000,0.500000,0.500000,0.000000,C-05,1,0,0,1,1,0,0.030630,-0.133231,0.7708,0.2000,0.2628,3,ok
0,368,1.957673,1.189990,-2.970205,0.276356,0.039104,10.829558,0.199451,0.099326,0.099326,0.000000,0.500000,0.500000,0.000000,C-05,1,0,0,1,1,0,0.028729,-0.139023,0.7500,0.2174,0.2618,3,ok
0,369,1.937977,1.186873,-2.963473,0.276660,0.014429,10.859857,0.199391,0.107290,0.107290,0.000000,0.500000,0.500000,0.000000,C-05,1,0,0,1,1,0,0.029478,-0.142814,0.7708,0.1573,0.2626,3,ok
0,370,1.914371,1.182896,-2.956844,0.276672,0.021058,10.883796,0.199488,0.086879,0.086879,0.000000,0.500000,0.500000,0.000000,C-05,1,0,0,1,1,0,0.029606,-0.142367,0.7292,0.1420,0.2663,3,ok
0,371,1.894722,1.179471,-2.951074,0.276585,-0.004142,10.913136,0.199440,0.093096,0.093096,0.000000,0.500000,0.500000,0.000000,C-05,1,0,0,1,1,0,0.026027,-0.138035,0.7292,0.1587,0.2651,3,ok
0,372,1.875097,1.175971,-2.943991,0.276110,0.002941,10.933065,0.199298,0.114904,0.114904,0.000000,0.500000,0.500000,0.000000,C-05,1,0,0,1,1,0,0.026963,-0.139180,0.7500,0.1151,0.2712,3,ok
0,373,1.851582,1.171563,-2.936517,0.275620,-0.017319,10.964523,0.199373,0.099312,0.099312,0.000000,0.500000,0.500000,0.000000,C-05,1,0,0,1,1,0,0.023159,-0.135646,0.7708,0.1670,0.2643,3,ok
0,374,1.832013,1.167733,-2.930752,0.274935,-0.011554,10.984451,0.199401,0.092823,0.092823,0.000000,0.500000,0.500000,0.000000,C-05,1,0,0,1,1,0,0.020957,-0.127273,0.8125,0.1474,0.2665,3,ok
0,375,1.812466,1.163748,-2.925952,0.274405,-0.006754,11.004393,0.199495,0.076620,0.076620,0.000000,0.500000,0.500000,0.000000,C-05,1,0,0,1,1,0,0.019876,-0.126325,0.7917,0.1257,0.2673,3,ok
0,376,1.789034,1.158803,-2.921157,0.273436,-0.026609,11.034471,0.199568,0.064352,0.064352,0.000000,0.500000,0.500000,0.000000,C-05,1,0,0,1,1,0,0.018240,-0.125014,0.7708,0.1338,0.2647,3,ok
0,377,1.769528,1.154614,-2.916541,0.272668,-0.021993,11.054406,0.199483,0.076345,0.076345,0.000000,0.500000,0.500000,0.000000,C-05,1,0,0,1,1,0,0.017468,-0.121105,0.7917,0.1045,0.2661,3,ok
0,378,1.750044,1.150356,-2.911518,0.271708,-0.037577,11.079104,0.199433,0.082783,0.082783,0.000000,0.500000,0.500000,0.000000,C-05,1,0,0,1,1,0,0.018326,-0.123663,0.7917,0.0390,0.2675,3,ok
0,379,1.726690,1.145080,-2.906431,0.270622,-0.032490,11.103021,0.199521,0.068727,0.068727,0.000000,0.500000,0.500000,0.000000,C-05,1,0,0,1,1,0,0.013747,-0.120079,0.7292,0.1092,0.2649,3,ok
0,380,1.707247,1.140517,-2.904007,0.269624,-0.047788,11.128924,0.199735,0.037418,0.037418,0.000000,0.500000,0.500000,0.000000,C-05,1,0,0,1,1,0,0.014544,-0.118683,0.6875,0.0341,0.2644,3,ok
0,381,1.683933,1.135002,-2.899649,0.268251,-0.043429,11.152842,0.199566,0.061132,0.061132,0.000000,0.500000,0.500000,0.000000,C-05,1,0,0,1,1,0,0.011520,-0.119221,0.7917,0.0551,0.2643,3,ok
0,382,1.664525,1.130368,-2.895688,0.267037,-0.055653,11.176431,0.199529,0.065830,0.065830,0.000000,0.500000,0.500000,0.000000,C-05,1,0,0,1,1,0,0.011291,-0.115988,0.8333,0.0126,0.2680,3,ok
0,383,1.645137,1.125671,-2.891338,0.265728,-0.051303,11.196337,0.199476,0.072727,0.072727,0.000000,0.500000,0.500000,0.000000,C-05,1,0,0,1,1,0,0.009152,-0.113246,0.8125,0.0440,0.2630,3,ok
0,384,1.621901,1.119936,-2.885769,0.264209,-0.059792,11.223635,0.199436,0.077558,0.077558,0.000000,0.500000,0.500000,0.000000,C-05,1,0,0,1,1,0,0.007519,-0.110087,0.8333,0.0108,0.2677,3,ok
0,385,1.602565,1.115075,-2.880614,0.262816,-0.054638,11.243524,0.199364,0.086718,0.086718,0.000000,0.500000,0.500000,0.000000,C-05,1,0,0,1,1,0,0.005451,-0.108728,0.7708,0.0240,0.2650,3,ok
0,386,1.583256,1.110131,-2.875001,0.261510,-0.049024,11.263413,0.199300,0.094687,0.094687,0.000000,0.500000,0.500000,0.000000,C-05,1,0,0,1,1,0,0.004833,-0.104653,0.7917,-0.0015,0.2666,3,ok
0,387,1.560130,1.104097,-2.866703,0.259766,-0.051751,11.291097,0.199121,0.117897,0.117897,0.000000,0.500000,0.500000,0.000000,C-05,1,0,0,1,1,0,0.002705,-0.099257,0.7708,0.0083,0.2635,3,ok
0,388,1.540902,1.098956,-2.859000,0.258379,-0.044048,11.310952,0.199014,0.131057,0.131057,0.000000,0.500000,0.500000,0.000000,C-05,1,0,0,1,1,0,0.002273,-0.092068,0.7292,-0.0320,0.2664,3,ok
0,389,1.521720,1.093707,-2.849897,0.257037,-0.044466,11.332571,0.198814,0.156538,0.156538,0.000000,0.500000,0.500000,0.000000,C-05,1,0,0,1,1,0,0.001405,-0.084638,0.7083,-0.0414,0.2663,3,ok
0,390,1.498776,1.087219,-2.837851,0.255552,-0.032420,11.356369,0.198676,0.172728,0.172728,0.000000,0.500000,0.500000,0.000000,C-05,1,0,0,1,1,0,-0.000043,-0.077445,0.7708,-0.0313,0.2676,3,ok
0,391,1.479711,1.081468,-2.831389,0.254625,-0.034184,11.378010,0.199168,0.106357,0.106357,0.000000,0.500000,0.500000,0.000000,C-05,1,0,0,1,1,0,0.000472,-0.067191,0.7917,-0.0615,0.2691,3,ok
0,392,1.460690,1.075622,-2.823398,0.253697,-0.026193,11.397888,0.198900,0.140566,0.140566,0.000000,0.500000,0.500000,0.000000,C-05,1,0,0,1,1,0,-0.000865,-0.058671,0.8125,-0.0550,0.2674,3,ok
0,393,1.437929,1.068414,-2.814260,0.252790,-0.017055,11.421745,0.198959,0.131845,0.131845,0.000000,0.500000,0.500000,0.000000,C-05,1,0,0,1,1,0,-0.001362,-0.052588,0.8125,-0.0600,0.2695,3,ok
0,394,1.419009,1.062171,-2.808749,0.252151,-0.017984,11.443228,0.199254,0.093553,0.093553,0.000000,0.500000,0.500000,0.000000,C-05,1,0,0,1,1,0,-0.001322,-0.041224,0.7708,-0.0770,0.2692,3,ok
0,395,1.396350,1.054521,-2.802727,0.251544,-0.011963,11.467136,0.199299,0.087539,0.087539,0.000000,0.500000,0.500000,0.000000,C-05,1,0,0,1,1,0,-0.001577,-0.034420,0.7708,-0.0863,0.2685,3,ok
0,396,1.377512,1.048080,-2.794921,0.251027,-0.008847,11.488655,0.198871,0.141942,0.141942,0.000000,0.500000,0.500000,0.000000,C-05,1,0,0,1,1,0,-0.001994,-0.025532,0.7500,-0.0908,0.2677,3,ok
0,397,1.358725,1.041496,-2.788412,0.250622,-0.002337,11.508558,0.199095,0.113050,0.113050,0.000000,0.500000,0.500000,0.000000,C-05,1,0,0,1,1,0,-0.002530,-0.016560,0.7292,-0.0768,0.2663,3,ok
0,398,1.336231,1.033376,-2.782387,0.250310,-0.000655,11.533923,0.199297,0.087407,0.087407,0.000000,0.500000,0.500000,0.000000,C-05,1,0,0,1,1,0,-0.000902,-0.008206,0.7292,-0.1188,0.2695,2,ok
0,399,1.317541,1.026517,-2.772539,0.250082,0.009192,11.553831,0.198790,0.183111,0.183111,0.000000,0.500000,0.500000,0.000000,C-05,1,0,0,1,1,0,-0.000157,-0.003123,0.7292,-0.1297,0.2699,3,ok
0,400,1.298935,1.019648,-2.759146,0.249893,0.022585,11.573664,0.198068,0.245926,0.245926,0.000000,0.500000,0.500000,0.000000,C-05,1,0,0,1,1,0,-0.002326,-0.000361,0.7708,-0.0933,0.2677,3,ok
