episode,step,x,y,yaw,ey,epsi,s,speed,raw_steer,safe_steer,steer_correction,interventions,emergency
0,1,1.498799,-0.136514,-0.003146,-0.014109,-0.053790,1.502686,0.051150,0.338097,0.338097,0.000000,,0
0,2,1.509059,-0.136359,0.037474,-0.014262,-0.075936,1.512051,0.114685,0.522170,0.488097,-0.034073,C-06,0
0,3,1.526915,-0.136089,0.088912,-0.015141,-0.024498,1.529887,0.177697,0.635848,0.635848,0.000000,,0
0,4,1.550415,-0.135721,0.140698,-0.016286,0.027288,1.553362,0.198129,0.658082,0.658082,0.000000,,0
0,5,1.570158,-0.134678,0.180133,-0.016514,0.066724,1.573131,0.197376,0.618570,0.618570,0.000000,,0
0,6,1.593673,-0.132065,0.221666,-0.015420,0.108256,1.596766,0.196925,0.556690,0.556690,0.000000,,0
0,7,1.613118,-0.128839,0.250506,-0.013451,0.137096,1.616378,0.196999,0.473509,0.473509,0.000000,,0
0,8,1.632436,-0.124777,0.273447,-0.012558,0.071903,1.634478,0.197354,0.382395,0.382395,0.000000,,0
0,9,1.651631,-0.120211,0.295729,-0.011666,0.094185,1.654189,0.197267,0.378124,0.378124,0.000000,,0
0,10,1.674502,-0.114046,0.320164,-0.009890,0.118620,1.677809,0.197365,0.350426,0.350426,0.000000,,0
0,11,1.697203,-0.107162,0.340885,-0.007376,0.139341,1.701398,0.197674,0.301113,0.301113,0.000000,,0
0,12,1.716007,-0.100918,0.354354,-0.004761,0.152809,1.721038,0.198138,0.236949,0.236949,0.000000,,0
0,13,1.734731,-0.094280,0.363812,-0.002360,0.049314,1.740414,0.198670,0.167284,0.167284,0.000000,,0
0,14,1.757097,-0.086142,0.378722,-0.001536,0.064224,1.764200,0.198240,0.223235,0.223235,0.000000,,0
0,15,1.779322,-0.077722,0.395286,-0.000401,0.080788,1.787940,0.198045,0.249971,0.249971,0.000000,,0
0,16,1.797727,-0.070410,0.409055,0.000861,0.094557,1.807704,0.198049,0.251514,0.251514,0.000000,,0
0,17,1.816026,-0.062802,0.421879,0.002438,0.107381,1.827458,0.198186,0.236076,0.236076,0.000000,,0
0,18,1.834226,-0.054903,0.433082,0.004322,0.118584,1.847209,0.198419,0.207652,0.207652,0.000000,,0
0,19,1.855955,-0.045083,0.444012,0.004439,0.004252,1.871628,0.198721,0.169936,0.169936,0.000000,,0
0,20,1.877540,-0.035054,0.461022,0.004308,0.021262,1.895429,0.198047,0.268695,0.268695,0.000000,,0
0,21,1.895376,-0.026516,0.478103,0.004426,0.038343,1.915203,0.197715,0.326451,0.326451,0.000000,,0
0,22,1.913049,-0.017677,0.496345,0.004886,0.056585,1.934958,0.197645,0.352025,0.352025,0.000000,,0
0,23,1.930550,-0.008478,0.514357,0.005745,0.074597,1.954710,0.197769,0.351432,0.351432,0.000000,,0
0,24,1.951325,0.003044,0.534453,0.005873,-0.031074,1.979237,0.198043,0.330704,0.330704,0.000000,,0
0,25,1.968428,0.012981,0.555772,0.005109,-0.009755,1.999002,0.197697,0.428470,0.428470,0.000000,,0
0,26,1.985293,0.023280,0.579223,0.004777,0.013696,2.018761,0.197745,0.477399,0.477399,0.000000,,0
0,27,2.001901,0.034039,0.602853,0.004972,0.037326,2.038548,0.198051,0.488280,0.488280,0.000000,,0
0,28,2.021486,0.047564,0.629786,0.005909,0.064259,2.062331,0.198555,0.471684,0.471684,0.000000,,0
0,29,2.040709,0.061708,0.653978,0.007123,-0.037037,2.087063,0.199077,0.431154,0.431154,0.000000,,0
0,30,2.056442,0.073931,0.677146,0.006522,-0.013869,2.106976,0.199397,0.505297,0.505297,0.000000,,0
0,31,2.074929,0.089182,0.705991,0.006501,0.014976,2.130943,0.200063,0.533402,0.533402,0.000000,,0
0,32,2.093061,0.105009,0.734584,0.007150,0.043569,2.155002,0.200993,0.523662,0.523662,0.000000,,0
0,33,2.110816,0.121335,0.761972,0.008424,0.070957,2.179088,0.200720,0.487486,0.487486,0.000000,,0
0,34,2.128021,0.138115,0.786923,0.009801,-0.029640,2.204319,0.199991,0.432811,0.432811,0.000000,,0
0,35,2.144724,0.155272,0.815306,0.009362,-0.001258,2.228260,0.199152,0.495653,0.495653,0.000000,,0
0,36,2.158263,0.169842,0.839115,0.009460,0.022552,2.248149,0.199043,0.511264,0.511264,0.000000,,0
0,37,2.174055,0.187837,0.866262,0.010259,0.049698,2.272077,0.199907,0.498118,0.498118,0.000000,,0
0,38,2.189414,0.206312,0.891168,0.011702,0.074604,2.296060,0.200454,0.460374,0.460374,0.000000,,0
0,39,2.204409,0.225145,0.913512,0.012902,-0.029034,2.321711,0.200786,0.405806,0.405806,0.000000,,0
0,40,2.216636,0.241109,0.935457,0.012407,-0.007089,2.341813,0.201323,0.472068,0.472068,0.000000,,0
0,41,2.230949,0.260622,0.963692,0.012312,0.021146,2.366013,0.201907,0.496619,0.496619,0.000000,,0
0,42,2.244814,0.280521,0.991835,0.012808,0.049289,2.390261,0.202319,0.485143,0.485143,0.000000,,0
0,43,2.258197,0.300779,1.018310,0.013905,0.075764,2.414516,0.202495,0.447786,0.447786,0.000000,,0
0,44,2.268966,0.317905,1.037939,0.014633,-0.030346,2.436592,0.202388,0.392008,0.392008,0.000000,,0
0,45,2.281558,0.338743,1.065951,0.013636,-0.002334,2.460919,0.203122,0.460356,0.460356,0.000000,,0
0,46,2.293703,0.359917,1.095806,0.013192,0.027521,2.485325,0.203558,0.480836,0.480836,0.000000,,0
0,47,2.305298,0.381417,1.125268,0.013386,0.056983,2.509752,0.203668,0.465229,0.465229,0.000000,,0
0,48,2.316290,0.403212,1.152597,0.014252,0.084312,2.534146,0.203478,0.423574,0.423574,0.000000,,0
0,49,2.324963,0.421567,1.172448,0.014387,-0.021320,2.556304,0.203035,0.363369,0.363369,0.000000,,0
0,50,2.335047,0.443815,1.200953,0.013174,0.007184,2.580702,0.203696,0.429853,0.429853,0.000000,,0
0,51,2.344647,0.466320,1.231349,0.012505,0.037580,2.605158,0.203913,0.449322,0.449322,0.000000,,0
0,52,2.353617,0.489065,1.261193,0.012510,0.067424,2.629609,0.203745,0.432650,0.432650,0.000000,,0
0,53,2.361883,0.512020,1.288560,0.013246,0.094791,2.653996,0.203292,0.389480,0.389480,0.000000,,0
0,54,2.368201,0.531281,1.308039,0.012864,-0.011519,2.675932,0.202677,0.327355,0.327355,0.000000,,0
0,55,2.375473,0.554542,1.336581,0.011609,0.017022,2.700270,0.203163,0.395621,0.395621,0.000000,,0
0,56,2.382259,0.577968,1.367289,0.010865,0.047731,2.724648,0.203169,0.417088,0.417088,0.000000,,0
0,57,2.387386,0.597603,1.392392,0.010786,0.072833,2.744941,0.202855,0.401683,0.401683,0.000000,,0
0,58,2.392827,0.621278,1.420173,0.011406,0.100614,2.769225,0.202333,0.364090,0.364090,0.000000,,0
0,59,2.397466,0.645046,1.443891,0.010826,-0.001432,2.794883,0.201720,0.305372,0.305372,0.000000,,0
0,60,2.401747,0.668893,1.473039,0.009582,0.027717,2.819079,0.201872,0.370638,0.370638,0.000000,,0
0,61,2.405523,0.692811,1.504361,0.008848,0.059039,2.843282,0.201624,0.389759,0.389759,0.000000,,0
0,62,2.408091,0.712781,1.529766,0.008816,0.084444,2.863417,0.201206,0.371974,0.371974,0.000000,,0
0,63,2.410391,0.736772,1.557472,0.009555,0.112150,2.887506,0.200683,0.331783,0.331783,0.000000,,0
0,64,2.411810,0.760771,1.580388,0.008890,0.009592,2.912761,0.200226,0.270253,0.270253,0.000000,,0
0,65,2.412835,0.784764,1.608213,0.007865,0.037417,2.936754,0.199972,0.333629,0.333629,0.000000,,0
0,66,2.413287,0.808731,1.637159,0.007413,0.066363,2.960721,0.199579,0.353025,0.353025,0.000000,,0
0,67,2.412943,0.832654,1.664344,0.007757,0.093548,2.984644,0.199226,0.337480,0.337480,0.000000,,0
0,68,2.411758,0.856520,1.687826,0.008942,0.117030,3.008510,0.199030,0.296060,0.296060,0.000000,,0
0,69,2.409776,0.880329,1.706372,0.008013,0.010102,3.033516,0.199034,0.236660,0.236660,0.000000,,0
0,70,2.407894,0.900118,1.726176,0.007387,0.029906,3.053385,0.198624,0.309181,0.309181,0.000000,,0
0,71,2.405271,0.923778,1.752313,0.007009,0.056043,3.077186,0.198252,0.344001,0.344001,0.000000,,0
0,72,2.401991,0.947325,1.777976,0.007297,0.081706,3.100960,0.198035,0.343012,0.343012,0.000000,,0
0,73,2.397974,0.970753,1.801163,0.008332,0.104893,3.124707,0.198016,0.314495,0.314495,0.000000,,0
0,74,2.393239,0.994065,1.820537,0.007190,-0.001497,3.149513,0.198196,0.266018,0.266018,0.000000,,0
0,75,2.389042,1.013393,1.841183,0.006446,0.019148,3.169277,0.197593,0.346503,0.346503,0.000000,,0
0,76,2.383591,1.036431,1.868454,0.005993,0.046420,3.192947,0.197207,0.385951,0.385951,0.000000,,0
0,77,2.377460,1.059279,1.895381,0.006245,0.073347,3.216602,0.197097,0.387195,0.387195,0.000000,,0
0,78,2.370589,1.081929,1.920001,0.007264,0.097966,3.240250,0.197238,0.359505,0.359505,0.000000,,0
0,79,2.363007,1.104393,1.941010,0.006177,-0.006814,3.264840,0.197577,0.310956,0.310956,0.000000,,0
0,80,2.356381,1.122960,1.962452,0.005524,0.014628,3.284543,0.197016,0.387692,0.387692,0.000000,,0
0,81,2.347938,1.145014,1.990139,0.005283,0.042315,3.308157,0.196806,0.422618,0.422618,0.000000,,0
0,82,2.338804,1.166801,2.017183,0.005782,0.069359,3.331775,0.196917,0.419688,0.419688,0.000000,,0
0,83,2.330645,1.184751,2.037762,0.006782,0.089938,3.351467,0.197229,0.388803,0.388803,0.000000,,0
0,84,2.320253,1.206065,2.059242,0.006310,-0.014066,3.376055,0.197660,0.342665,0.342665,0.000000,,0
0,85,2.309399,1.227112,2.085024,0.005684,0.011717,3.399728,0.197346,0.419034,0.419034,0.000000,,0
0,86,2.297968,1.247846,2.112179,0.005714,0.038871,3.423404,0.197431,0.448313,0.448313,0.000000,,0
0,87,2.285883,1.268250,2.138459,0.006476,0.065152,3.447107,0.197769,0.441350,0.441350,0.000000,,0
0,88,2.275322,1.285006,2.158415,0.007660,0.085107,3.466877,0.198173,0.408182,0.408182,0.000000,,0
0,89,2.262131,1.304840,2.179313,0.007418,-0.019733,3.491695,0.198626,0.361133,0.361133,0.000000,,0
0,90,2.248457,1.324359,2.204459,0.006992,0.005412,3.515523,0.198707,0.442893,0.442893,0.000000,,0
0,91,2.234218,1.343510,2.230974,0.007238,0.031928,3.539386,0.199100,0.474897,0.474897,0.000000,,0
0,92,2.219378,1.362277,2.256717,0.008197,0.057671,3.563292,0.199619,0.469499,0.469499,0.000000,,0
0,93,2.206583,1.377629,2.276405,0.009511,0.077359,3.583234,0.200047,0.437735,0.437735,0.000000,,0
0,94,2.190827,1.395786,2.297760,0.009236,-0.027269,3.608484,0.200569,0.392349,0.392349,0.000000,,0
0,95,2.174642,1.413651,2.324526,0.008812,-0.000503,3.632587,0.200955,0.481344,0.481344,0.000000,,0
0,96,2.160781,1.428151,2.348954,0.008998,0.023926,3.652645,0.200259,0.513505,0.513505,0.000000,,0
0,97,2.143728,1.445000,2.378349,0.009903,0.053320,3.676601,0.199370,0.509439,0.509439,0.000000,,0
0,98,2.126324,1.461357,2.405089,0.011400,0.080060,3.700438,0.198976,0.475103,0.475103,0.000000,,0
0,99,2.108454,1.477272,2.428219,0.011003,-0.022359,3.725826,0.199691,0.421111,0.421111,0.000000,,0
0,100,2.090105,1.492753,2.455318,0.010758,0.004741,3.749831,0.200347,0.503091,0.503091,0.000000,,0
0,101,2.074484,1.505348,2.479364,0.011001,0.028786,3.769896,0.200907,0.527088,0.527088,0.000000,,0
0,102,2.055350,1.520074,2.508185,0.011839,0.057608,3.794027,0.201483,0.516235,0.516235,0.000000,,0
0,103,2.035817,1.534352,2.535347,0.013276,0.084770,3.818179,0.201845,0.476753,0.476753,0.000000,,0
0,104,2.015932,1.548173,2.559613,0.012483,-0.016453,3.844059,0.201958,0.418199,0.418199,0.000000,,0
0,105,1.995694,1.561615,2.589076,0.011965,0.013011,3.868349,0.202789,0.500126,0.500126,0.000000,,0
0,106,1.978537,1.572483,2.615079,0.011973,0.039014,3.888658,0.203260,0.519159,0.519159,0.000000,,0
0,107,1.957607,1.585028,2.645835,0.012584,0.069769,3.913051,0.203509,0.501905,0.501905,0.000000,,0
0,108,1.936339,1.596982,2.674292,0.013876,0.098226,3.936666,0.203427,0.455291,0.455291,0.000000,,0
0,109,1.918392,1.606469,2.694936,0.012746,-0.006896,3.959411,0.203050,0.389747,0.389747,0.000000,,0
0,110,1.896593,1.617520,2.725559,0.012044,0.023727,3.983841,0.203938,0.476005,0.476005,0.000000,,0
0,111,1.874489,1.628085,2.758042,0.011912,0.056209,4.008340,0.204238,0.493915,0.493915,0.000000,,0
0,112,1.852097,1.637988,2.789390,0.012502,0.087557,4.032817,0.204064,0.466853,0.466853,0.000000,,0
0,113,1.829458,1.647163,2.817567,0.013157,-0.009527,4.058913,0.203563,0.411561,0.411561,0.000000,,0
0,114,1.810416,1.654472,2.844491,0.012094,0.017397,4.079281,0.204029,0.465212,0.465212,0.000000,,0
0,115,1.787358,1.662673,2.877191,0.011425,0.050096,4.103745,0.203898,0.461413,0.461413,0.000000,,0
0,116,1.764102,1.670084,2.907230,0.011568,0.080135,4.128153,0.203338,0.415246,0.415246,0.000000,,0
0,117,1.740691,1.676662,2.932619,0.012552,0.105525,4.152451,0.202586,0.344462,0.344462,0.000000,,0
0,118,1.717166,1.682438,2.952131,0.013175,0.012083,4.178345,0.201808,0.260480,0.260480,0.000000,,0
0,119,1.697494,1.686936,2.968882,0.012438,0.028834,4.198512,0.201763,0.266538,0.266538,0.000000,,0
0,120,1.673815,1.691840,2.987193,0.012052,0.047144,4.222691,0.201468,0.239826,0.239826,0.000000,,0
0,121,1.650074,1.696168,3.001889,0.012244,0.061841,4.246822,0.201064,0.190103,0.190103,0.000000,,0
0,122,1.630257,1.699346,3.010464,0.012831,0.070415,4.266883,0.200681,0.131657,0.131657,0.000000,,0
0,123,1.606454,1.702755,3.016610,0.013007,-0.011573,4.292575,0.200377,0.078191,0.078191,0.000000,,0
0,124,1.582627,1.706089,3.026332,0.011213,-0.001850,4.316567,0.200584,0.124474,0.124474,0.000000,,0
0,125,1.558773,1.709295,3.036263,0.009548,0.008081,4.340578,0.200554,0.125829,0.125829,0.000000,,0
0,126,1.534896,1.712199,3.044682,0.008186,0.016499,4.364592,0.200430,0.105849,0.105849,0.000000,,0
0,127,1.514985,1.714384,3.049949,0.007287,0.021766,4.384603,0.200300,0.078988,0.078988,0.000000,,0
0,128,1.491081,1.716784,3.054410,0.005629,-0.036538,4.408994,0.200198,0.055555,0.055555,0.000000,,0
0,129,1.467162,1.719130,3.064662,0.003306,-0.026286,4.432915,0.200357,0.128578,0.128578,0.000000,,0
0,130,1.443223,1.721449,3.075770,0.001009,-0.015178,4.456856,0.200432,0.137262,0.137262,0.000000,,0
0,131,1.419268,1.723474,3.085339,-0.000992,-0.005609,4.480813,0.200320,0.117207,0.117207,0.000000,,0
0,132,1.399296,1.724894,3.091416,-0.002394,0.000468,4.500081,0.200212,0.088697,0.088697,0.000000,,0
0,133,1.375324,1.726347,3.096719,-0.003847,-0.031811,4.524757,0.200134,0.064265,0.064265,0.000000,,0
0,134,1.351342,1.727736,3.108303,-0.005236,-0.020227,4.548738,0.200220,0.141203,0.141203,0.000000,,0
0,135,1.331350,1.728873,3.118421,-0.006373,-0.010110,4.568730,0.200234,0.145727,0.145727,0.000000,,0
0,136,1.307354,1.729926,3.128832,-0.007426,0.000301,4.592726,0.200136,0.123873,0.123873,0.000000,,0
0,137,1.283355,1.730598,3.136473,-0.008098,-0.004927,4.616725,0.200057,0.090207,0.090207,0.000000,,0
0,138,1.263355,1.731024,-3.140243,-0.008524,0.001542,4.636725,0.200034,0.091517,0.091517,0.000000,,0
0,139,1.239356,1.731301,-3.133784,-0.008801,0.008001,4.660725,0.200002,0.076131,0.076131,0.000000,,0
0,140,1.215357,1.731330,-3.129260,-0.008830,0.012526,4.684724,0.199985,0.053433,0.053433,0.000000,,0
0,141,1.195359,1.731197,-3.126993,-0.008697,0.014600,4.704722,0.199985,0.032105,0.032105,0.000000,,0
0,142,1.175361,1.730966,-3.125765,-0.008466,0.015827,4.724720,0.199990,0.017372,0.017372,0.000000,,0
0,143,1.151364,1.730616,-3.125136,-0.008116,0.016456,4.748716,0.199995,0.007405,0.007405,0.000000,,0
0,144,1.131367,1.730289,-3.125081,-0.007789,0.016512,4.768714,0.200000,0.000732,0.000732,0.000000,,0
0,145,1.107370,1.729897,-3.125329,-0.007397,0.016264,4.792710,0.200000,-0.002992,-0.002992,0.000000,,0
0,146,1.083373,1.729504,-3.125734,-0.007004,0.015859,4.816707,0.200002,-0.004833,-0.004833,0.000000,,0
0,147,1.063376,1.729177,-3.126116,-0.006677,0.015476,4.836705,0.200003,-0.005475,-0.005475,0.000000,,0
0,148,1.039378,1.728785,-3.126580,-0.006285,0.015013,4.860702,0.200004,-0.005516,-0.005516,0.000000,,0
0,149,1.015381,1.728404,-3.127021,-0.005904,0.014572,4.884700,0.200003,-0.005247,-0.005247,0.000000,,0
0,150,0.995383,1.728095,-3.127363,-0.005595,0.014229,4.904697,0.200003,-0.004880,-0.004880,0.000000,,0
0,151,0.975385,1.727795,-3.127683,-0.005295,0.013910,4.924695,0.200003,-0.004561,-0.004561,0.000000,,0
0,152,0.951387,1.727444,-3.128045,-0.004944,0.013548,4.948693,0.200003,-0.004300,-0.004300,0.000000,,0
0,153,0.931389,1.727159,-3.128331,-0.004659,0.013262,4.968691,0.200002,-0.004075,-0.004075,0.000000,,0
0,154,0.907391,1.726825,-3.128659,-0.004325,0.012933,4.992689,0.200002,-0.003907,-0.003907,0.000000,,0
0,155,0.883393,1.726499,-3.128976,-0.003999,0.012616,5.016687,0.200002,-0.003766,-0.003766,0.000000,,0
0,156,0.863395,1.726234,-3.129233,-0.003734,0.012360,5.036686,0.200002,-0.003657,-0.003657,0.000000,,0
0,157,0.839396,1.725923,-3.129533,-0.003423,0.012059,5.060684,0.200002,-0.003567,-0.003567,0.000000,,0
0,158,0.815398,1.725620,-3.129826,-0.003120,0.011766,5.084682,0.200002,-0.003479,-0.003479,0.000000,,0
0,159,0.795400,1.725372,-3.130065,-0.002872,0.011528,5.104681,0.200002,-0.003394,-0.003394,0.000000,,0
0,160,0.775401,1.725128,-3.130346,-0.002628,0.011247,5.124680,0.200002,-0.004016,-0.004016,0.000000,,0
0,161,0.751402,1.724842,-3.130693,-0.002342,0.010899,5.148678,0.200002,-0.004122,-0.004122,0.000000,,0
0,162,0.731403,1.724610,-3.130970,-0.002110,0.010623,5.168677,0.200002,-0.003938,-0.003938,0.000000,,0
0,163,0.707405,1.724340,-3.131281,-0.001840,0.010312,5.192676,0.200002,-0.003685,-0.003685,0.000000,,0
0,164,0.683406,1.724079,-3.131568,-0.001579,0.010025,5.216674,0.200001,-0.003403,-0.003403,0.000000,,0
0,165,0.663407,1.723864,-3.131968,-0.001364,0.009624,5.236674,0.200002,-0.005722,-0.005722,0.000000,,0
0,166,0.639408,1.723609,-3.132494,-0.001109,0.009098,5.260672,0.200003,-0.006238,-0.006238,0.000000,,0
0,167,0.615409,1.723367,-3.132977,-0.000867,0.008615,5.284672,0.200002,-0.005720,-0.005720,0.000000,,0
0,168,0.595410,1.723178,-3.133317,-0.000678,0.008276,5.304671,0.200002,-0.004817,-0.004817,0.000000,,0
0,169,0.575410,1.722992,-3.133966,-0.000492,0.007626,5.324670,0.200003,-0.009272,-0.009272,0.000000,,0
0,170,0.551411,1.722771,-3.134830,-0.000271,0.006763,5.348670,0.200003,-0.010224,-0.010224,0.000000,,0
0,171,0.531411,1.722604,-3.135469,-0.000104,0.006124,5.368669,0.200003,-0.009059,-0.009059,0.000000,,0
0,172,0.507412,1.722427,-3.136089,0.000073,0.005504,5.392669,0.200002,-0.007312,-0.007312,0.000000,,0
0,173,0.483412,1.722274,-3.136543,0.000226,0.005049,5.416668,0.200001,-0.005356,-0.005356,0.000000,,0
0,174,0.463412,1.722150,-3.137388,0.000350,0.004205,5.436668,0.200002,-0.012040,-0.012040,0.000000,,0
0,175,0.439413,1.722002,-3.138551,0.000498,0.003042,5.460668,0.200003,-0.013735,-0.013735,0.000000,,0
0,176,0.415413,1.721879,-3.139586,0.000621,0.002007,5.484668,0.200002,-0.012195,-0.012195,0.000000,,0
0,177,0.395413,1.721806,-3.140242,0.000694,0.001350,5.504668,0.200001,-0.009255,-0.009255,0.000000,,0
0,178,0.375413,1.721740,-3.141419,0.000760,0.000173,5.524668,0.200001,-0.016712,-0.016712,0.000000,,0
0,179,0.351413,1.721666,3.140218,0.000834,-0.001375,5.548668,0.200000,-0.018251,-0.018251,0.000000,,0
0,180,0.331413,1.721637,3.139100,0.000863,-0.002492,5.568668,0.199999,-0.015782,-0.015782,0.000000,,0
0,181,0.307413,1.721648,3.138078,0.000852,-0.003514,5.592668,0.199999,-0.012021,-0.012021,0.000000,,0
0,182,0.283413,1.721701,3.137423,0.000799,-0.004362,5.616668,0.199999,-0.007697,-0.007697,0.000000,,0
0,183,0.263413,1.721752,3.138905,0.000748,-0.002880,5.636667,0.200000,0.021267,0.021267,0.000000,,0
0,184,0.239413,1.721813,-3.141165,0.000687,0.000235,5.660667,0.200001,0.036827,0.036827,0.000000,,0
0,185,0.215413,1.721874,-3.137702,0.000626,0.003698,5.684667,0.199999,0.040853,0.040853,0.000000,,0
0,186,0.195413,1.721919,-3.135100,0.000581,-0.006570,5.704667,0.199996,0.036842,0.036842,0.000000,,0
0,187,0.175414,1.721944,-3.127740,0.000556,0.000791,5.724666,0.199982,0.105887,0.105887,0.000000,,0
0,188,0.151419,1.721975,-3.115580,0.000525,0.012950,5.748661,0.199935,0.145497,0.145497,0.000000,,0
0,189,0.131429,1.721968,-3.104732,0.000532,0.023798,5.768651,0.199870,0.156642,0.156642,0.000000,,0
0,190,0.107452,1.721661,-3.092459,0.000839,0.036071,5.792629,0.199799,0.148662,0.148662,0.000000,,0
0,191,0.083487,1.720956,-3.082316,0.001528,0.008632,5.816595,0.199771,0.123642,0.123642,0.000000,,0
0,192,0.063531,1.720263,-3.068497,0.002202,0.022451,5.836552,0.199597,0.205646,0.205646,0.000000,,0
0,193,0.039614,1.719371,-3.048309,0.003071,0.042639,5.860470,0.199343,0.251776,0.251776,0.000000,,0
0,194,0.015743,1.718071,-3.027509,0.004348,0.063439,5.884342,0.199135,0.262449,0.262449,0.000000,,0
0,195,-0.004108,1.716535,-3.011535,0.005864,0.079413,5.903981,0.199051,0.244513,0.244513,0.000000,,0
0,196,-0.023921,1.714562,-2.997969,0.006534,0.030214,5.924464,0.199075,0.209390,0.209390,0.000000,,0
0,197,-0.047637,1.711954,-2.977352,0.007611,0.050831,5.948299,0.198699,0.269343,0.269343,0.000000,,0
0,198,-0.067337,1.709489,-2.958898,0.008804,0.069284,5.968117,0.198462,0.292346,0.292346,0.000000,,0
0,199,-0.090889,1.706017,-2.937268,0.010754,0.090915,5.991843,0.198323,0.288949,0.288949,0.000000,,0
0,200,-0.114342,1.701917,-2.917993,0.013336,0.110190,6.015511,0.198358,0.260602,0.260602,0.000000,,0
0,201,-0.133814,1.698018,-2.904917,0.013469,0.035131,6.037020,0.198574,0.213957,0.213957,0.000000,,0
0,202,-0.157092,1.693073,-2.886345,0.013971,0.053704,6.060812,0.198230,0.256865,0.256865,0.000000,,0
0,203,-0.180255,1.687723,-2.867058,0.014891,0.072990,6.084567,0.198071,0.269558,0.269558,0.000000,,0
0,204,-0.199464,1.682874,-2.851865,0.016060,0.088183,6.104345,0.198103,0.257340,0.257340,0.000000,,0
0,205,-0.218592,1.677653,-2.838425,0.017609,0.101623,6.124112,0.198264,0.229532,0.229532,0.000000,,0
0,206,-0.241450,1.670937,-2.825148,0.017762,0.001947,6.150202,0.198526,0.190436,0.190436,0.000000,,0
0,207,-0.260408,1.665184,-2.809668,0.017371,0.017427,6.170011,0.197910,0.270674,0.270674,0.000000,,0
0,208,-0.283013,1.658022,-2.788127,0.017191,0.038968,6.193722,0.197547,0.316380,0.316380,0.000000,,0
0,209,-0.305436,1.650368,-2.766041,0.017537,0.061054,6.217413,0.197447,0.328438,0.328438,0.000000,,0
0,210,-0.323978,1.643550,-2.748674,0.018287,0.078421,6.237155,0.197565,0.313512,0.313512,0.000000,,0
0,211,-0.346063,1.634851,-2.730120,0.017912,-0.028288,6.263224,0.197823,0.282163,0.282163,0.000000,,0
0,212,-0.367943,1.625788,-2.705871,0.016781,-0.004038,6.286879,0.197194,0.375450,0.375450,0.000000,,0
0,213,-0.385979,1.617878,-2.683543,0.016246,0.018290,6.306567,0.196966,0.420098,0.420098,0.000000,,0
0,214,-0.403817,1.609527,-2.660988,0.016194,0.040844,6.326263,0.197026,0.430036,0.430036,0.000000,,0
0,215,-0.424954,1.598881,-2.635328,0.016811,0.066505,6.349921,0.197314,0.413874,0.413874,0.000000,,0
0,216,-0.442353,1.589505,-2.616258,0.016970,-0.040192,6.371829,0.197712,0.374249,0.374249,0.000000,,0
0,217,-0.462950,1.577790,-2.588809,0.015836,-0.012744,6.395497,0.197508,0.457286,0.457286,0.000000,,0
0,218,-0.483192,1.565454,-2.559951,0.015417,0.016114,6.419198,0.197725,0.489105,0.489105,0.000000,,0
0,219,-0.499775,1.554646,-2.536629,0.015667,0.039437,6.438991,0.198107,0.482500,0.482500,0.000000,,0
0,220,-0.519337,1.541070,-2.510746,0.016658,0.065320,6.462782,0.198628,0.453697,0.453697,0.000000,,0
0,221,-0.538556,1.526905,-2.488027,0.017271,-0.037450,6.488838,0.199128,0.404892,0.404892,0.000000,,0
0,222,-0.554302,1.514696,-2.466191,0.016652,-0.015614,6.508752,0.199398,0.475872,0.475872,0.000000,,0
0,223,-0.569768,1.502074,-2.443410,0.016529,0.007167,6.528715,0.199865,0.503944,0.503944,0.000000,,0
0,224,-0.587990,1.486404,-2.416304,0.017000,0.034273,6.552744,0.200667,0.500457,0.500457,0.000000,,0
0,225,-0.602941,1.472977,-2.394565,0.017825,0.056012,6.572822,0.201129,0.469915,0.469915,0.000000,,0
0,226,-0.620466,1.456462,-2.370442,0.019021,-0.045413,6.599284,0.200386,0.424739,0.424739,0.000000,,0
0,227,-0.637455,1.439511,-2.341814,0.018233,-0.016785,6.623270,0.199618,0.496029,0.496029,0.000000,,0
0,228,-0.651216,1.425112,-2.317356,0.018052,0.007673,6.643187,0.198830,0.517467,0.517467,0.000000,,0
0,229,-0.667266,1.407420,-2.289257,0.018455,0.035772,6.667071,0.199459,0.508173,0.508173,0.000000,,0
0,230,-0.682840,1.389176,-2.263720,0.019583,0.061309,6.691031,0.200188,0.472809,0.472809,0.000000,,0
0,231,-0.695528,1.373669,-2.244659,0.020943,0.080370,6.711021,0.200521,0.419910,0.419910,0.000000,,0
0,232,-0.707974,1.357940,-2.228137,0.019970,-0.029091,6.733668,0.200696,0.359107,0.359107,0.000000,,0
0,233,-0.722610,1.338769,-2.204114,0.019415,-0.005068,6.757780,0.201240,0.430344,0.430344,0.000000,,0
0,234,-0.734531,1.322522,-2.182476,0.019333,0.016570,6.777931,0.201682,0.457175,0.457175,0.000000,,0
0,235,-0.748456,1.302697,-2.156238,0.019736,0.042808,6.802154,0.202076,0.454089,0.454089,0.000000,,0
0,236,-0.761933,1.282532,-2.131278,0.020702,0.067768,6.826389,0.202265,0.424275,0.424275,0.000000,,0
0,237,-0.772806,1.265495,-2.112602,0.019264,-0.039295,6.849170,0.202196,0.375116,0.375116,0.000000,,0
0,238,-0.785536,1.244768,-2.085244,0.018092,-0.011936,6.873466,0.202968,0.452498,0.452498,0.000000,,0
0,239,-0.797847,1.223704,-2.055614,0.017449,0.017693,6.897855,0.203463,0.480280,0.480280,0.000000,,0
0,240,-0.807699,1.205898,-2.030996,0.017393,0.042312,6.918205,0.203600,0.470208,0.470208,0.000000,,0
0,241,-0.817139,1.187878,-2.007706,0.017800,0.065602,6.938544,0.203499,0.437828,0.437828,0.000000,,0
0,242,-0.827913,1.166008,-1.982447,0.016204,-0.034623,6.965126,0.203215,0.389539,0.389539,0.000000,,0
0,243,-0.836607,1.147581,-1.957225,0.014881,-0.009401,6.985458,0.203931,0.460908,0.460908,0.000000,,0
0,244,-0.846602,1.125209,-1.924621,0.013796,0.023203,7.009937,0.204246,0.486691,0.486691,0.000000,,0
0,245,-0.855947,1.102566,-1.892280,0.013415,0.055544,7.034429,0.204131,0.472739,0.472739,0.000000,,0
0,246,-0.863161,1.083515,-1.867295,0.013697,0.080529,7.054799,0.203701,0.430166,0.430166,0.000000,,0
0,247,-0.871117,1.060473,-1.840887,0.012091,-0.018853,7.080824,0.203104,0.372647,0.372647,0.000000,,0
0,248,-0.878668,1.037248,-1.809417,0.010558,0.012617,7.105198,0.203562,0.437648,0.437648,0.000000,,0
0,249,-0.884539,1.017752,-1.781701,0.009722,0.040334,7.125541,0.203537,0.453383,0.453383,0.000000,,0
0,250,-0.889893,0.998141,-1.754490,0.009417,0.067544,7.145867,0.203193,0.437163,0.437163,0.000000,,0
0,251,-0.895559,0.974483,-1.724228,0.009816,0.097807,7.170191,0.202613,0.397647,0.397647,0.000000,,0
0,252,-0.899604,0.954687,-1.702526,0.008739,-0.006255,7.191598,0.201969,0.335992,0.335992,0.000000,,0
0,253,-0.904105,0.930850,-1.671045,0.007275,0.025225,7.215812,0.202098,0.401170,0.401170,0.000000,,0
0,254,-0.908042,0.906935,-1.637513,0.006381,0.058757,7.240032,0.201789,0.417618,0.417618,0.000000,,0
0,255,-0.910696,0.886964,-1.610462,0.006264,0.085808,7.260178,0.201305,0.395902,0.395902,0.000000,,0
0,256,-0.913047,0.862972,-1.581057,0.006954,0.115213,7.284275,0.200714,0.351556,0.351556,0.000000,,0
0,257,-0.914453,0.838973,-1.556848,0.006247,0.013949,7.309198,0.200204,0.285567,0.285567,0.000000,,0
0,258,-0.915300,0.818980,-1.532998,0.005400,0.037798,7.329191,0.199981,0.343696,0.343696,0.000000,,0
0,259,-0.915752,0.799006,-1.508159,0.004948,0.062637,7.349165,0.199636,0.363135,0.363135,0.000000,,0
0,260,-0.915558,0.775077,-1.479748,0.005142,0.091048,7.373094,0.199244,0.352025,0.352025,0.000000,,0
0,261,-0.914718,0.755180,-1.459000,0.005982,0.111797,7.392991,0.199049,0.313105,0.313105,0.000000,,0
0,262,-0.912944,0.731359,-1.438628,0.006341,0.006694,7.417703,0.198988,0.259388,0.259388,0.000000,,0
0,263,-0.910819,0.707611,-1.413041,0.005458,0.032282,7.441530,0.198521,0.332504,0.332504,0.000000,,0
0,264,-0.908680,0.687896,-1.390160,0.005097,0.055162,7.461357,0.198190,0.361494,0.361494,0.000000,,0
0,265,-0.905472,0.664347,-1.363256,0.005314,0.082066,7.485122,0.197952,0.359533,0.359533,0.000000,,0
0,266,-0.901488,0.640924,-1.338997,0.006316,0.106325,7.508860,0.197925,0.329213,0.329213,0.000000,,0
0,267,-0.897576,0.621499,-1.322090,0.006862,-0.002532,7.529540,0.198124,0.278486,0.278486,0.000000,,0
0,268,-0.893431,0.602167,-1.300773,0.006067,0.018786,7.549295,0.197527,0.357542,0.357542,0.000000,,0
0,269,-0.888013,0.579129,-1.272854,0.005582,0.046704,7.572957,0.197146,0.395058,0.395058,0.000000,,0
0,270,-0.882959,0.560078,-1.249983,0.005735,0.069575,7.592666,0.197061,0.394193,0.394193,0.000000,,0
0,271,-0.876204,0.537401,-1.224636,0.006636,0.094922,7.616311,0.197172,0.369368,0.369368,0.000000,,0
0,272,-0.868720,0.514914,-1.202809,0.007950,-0.009040,7.640963,0.197492,0.322576,0.322576,0.000000,,0
0,273,-0.862160,0.496333,-1.180834,0.007231,0.012935,7.660656,0.196949,0.396751,0.396751,0.000000,,0
0,274,-0.853770,0.474265,-1.152691,0.006935,0.041077,7.684263,0.196756,0.429139,0.429139,0.000000,,0
0,275,-0.844673,0.452468,-1.125354,0.007396,0.068415,7.707878,0.196883,0.423928,0.423928,0.000000,,0
0,276,-0.836536,0.434509,-1.104638,0.008373,0.089130,7.727569,0.197208,0.391143,0.391143,0.000000,,0
0,277,-0.827929,0.416725,-1.086662,0.009851,0.107107,7.747272,0.197630,0.343487,0.343487,0.000000,,0
0,278,-0.818909,0.399092,-1.071860,0.009972,-0.003575,7.768364,0.198095,0.285643,0.285643,0.000000,,0
0,279,-0.807749,0.378145,-1.049807,0.009662,0.018478,7.792096,0.197761,0.360545,0.360545,0.000000,,0
0,280,-0.798094,0.360897,-1.029991,0.009816,0.038294,7.811862,0.197736,0.393495,0.393495,0.000000,,0
0,281,-0.788052,0.343854,-1.010249,0.010406,0.058036,7.831635,0.197915,0.396923,0.396923,0.000000,,0
0,282,-0.775486,0.323669,-0.987993,0.011695,0.080292,7.855376,0.198253,0.377993,0.377993,0.000000,,0
0,283,-0.764610,0.307061,-0.971586,0.012415,-0.029040,7.876793,0.198608,0.338543,0.338543,0.000000,,0
0,284,-0.751140,0.287410,-0.946967,0.011745,-0.004420,7.900608,0.198588,0.430914,0.430914,0.000000,,0
0,285,-0.739506,0.271306,-0.924851,0.011679,0.017696,7.920474,0.198841,0.471472,0.471472,0.000000,,0
0,286,-0.727449,0.255468,-0.902806,0.012111,0.039740,7.940375,0.199248,0.476987,0.476987,0.000000,,0
0,287,-0.712438,0.236813,-0.877853,0.013274,0.064693,7.964291,0.199772,0.457447,0.457447,0.000000,,0
0,288,-0.699528,0.221538,-0.859169,0.014726,0.083378,7.984238,0.200205,0.415942,0.415942,0.000000,,0
0,289,-0.686343,0.206448,-0.842603,0.014034,-0.026039,8.006104,0.200557,0.363719,0.363719,0.000000,,0
0,290,-0.670149,0.188599,-0.817330,0.013629,-0.000767,8.030201,0.200907,0.454333,0.454333,0.000000,,0
0,291,-0.656300,0.174089,-0.794041,0.013798,0.022523,8.050259,0.200286,0.489990,0.489990,0.000000,,0
0,292,-0.642133,0.159984,-0.770435,0.014475,0.046128,8.070238,0.199605,0.489598,0.489598,0.000000,,0
0,293,-0.624823,0.143496,-0.744147,0.015816,0.072417,8.094107,0.198877,0.463765,0.463765,0.000000,,0
0,294,-0.610091,0.130091,-0.724912,0.015635,-0.033897,8.116054,0.199398,0.416177,0.416177,0.000000,,0
0,295,-0.595007,0.117001,-0.702025,0.015154,-0.011010,8.136020,0.199985,0.507527,0.507527,0.000000,,0
0,296,-0.576460,0.101700,-0.672628,0.015175,0.018387,8.160064,0.200695,0.542220,0.542220,0.000000,,0
0,297,-0.560666,0.089270,-0.648070,0.015655,0.042945,8.180157,0.201224,0.532592,0.532592,0.000000,,0
0,298,-0.541333,0.074760,-0.619913,0.016786,0.071102,8.204303,0.201687,0.499233,0.499233,0.000000,,0
0,299,-0.524933,0.063019,-0.598629,0.017116,-0.033102,8.226644,0.201838,0.444756,0.444756,0.000000,,0
0,300,-0.508270,0.051550,-0.572892,0.016351,-0.007365,8.246858,0.202641,0.531049,0.531049,0.000000,,0
0,301,-0.487893,0.038190,-0.539832,0.015977,0.025695,8.271221,0.203302,0.556271,0.556271,0.000000,,0
0,302,-0.470602,0.027483,-0.512757,0.016192,0.052771,8.291558,0.203544,0.535463,0.535463,0.000000,,0
0,303,-0.453053,0.017199,-0.487436,0.016902,0.078091,8.311886,0.203524,0.492000,0.492000,0.000000,,0
0,304,-0.431699,0.005421,-0.460158,0.017827,-0.020398,8.338485,0.203317,0.434138,0.434138,0.000000,,0
0,305,-0.413663,-0.004087,-0.432867,0.016917,0.006893,8.358854,0.204159,0.513954,0.513954,0.000000,,0
0,306,-0.395391,-0.013247,-0.404103,0.016421,0.035656,8.379287,0.204482,0.531078,0.531078,0.000000,,0
0,307,-0.373171,-0.023621,-0.370374,0.016512,0.069386,8.403810,0.204412,0.508508,0.508508,0.000000,,0
0,308,-0.354437,-0.031684,-0.344727,0.017207,0.095032,8.424193,0.203962,0.454997,0.454997,0.000000,,0
0,309,-0.335541,-0.039200,-0.322455,0.018465,0.117305,8.444490,0.203354,0.388947,0.388947,0.000000,,0
0,310,-0.312697,-0.047547,-0.300477,0.017974,0.014021,8.471152,0.202660,0.315299,0.315299,0.000000,,0
0,311,-0.293532,-0.054239,-0.279098,0.017537,0.035400,8.491447,0.203059,0.364738,0.364738,0.000000,,0
0,312,-0.270377,-0.061817,-0.252901,0.017490,0.061597,8.515809,0.202986,0.366304,0.366304,0.000000,,0
0,313,-0.250965,-0.067626,-0.232914,0.017968,0.081584,8.536066,0.202586,0.330188,0.330188,0.000000,,0
0,314,-0.231467,-0.072945,-0.215926,0.018940,0.098572,8.556253,0.202066,0.277047,0.277047,0.000000,,0
0,315,-0.207985,-0.078731,-0.199941,0.018534,0.001604,8.582851,0.201509,0.214814,0.214814,0.000000,,0
0,316,-0.188354,-0.083353,-0.184352,0.017668,0.017192,8.603001,0.201704,0.250106,0.250106,0.000000,,0
0,317,-0.168666,-0.087692,-0.169054,0.017091,0.032490,8.623153,0.201569,0.242609,0.242609,0.000000,,0
0,318,-0.144977,-0.092417,-0.152969,0.016883,0.048575,8.647308,0.201260,0.210258,0.210258,0.000000,,0
0,319,-0.125195,-0.095933,-0.142612,0.017131,0.058932,8.667398,0.200896,0.160647,0.160647,0.000000,,0
0,320,-0.105388,-0.099102,-0.135460,0.016721,-0.022051,8.689585,0.200575,0.110087,0.110087,0.000000,,0
0,321,-0.081589,-0.102809,-0.123300,0.014553,-0.009890,8.713573,0.200788,0.156486,0.156486,0.000000,,0
0,322,-0.061729,-0.105734,-0.113305,0.012912,0.000104,8.733580,0.200723,0.152700,0.152700,0.000000,,0
0,323,-0.041848,-0.108398,-0.104717,0.011532,0.008693,8.753591,0.200572,0.130232,0.130232,0.000000,,0
0,324,-0.017969,-0.111273,-0.096602,0.010199,0.016808,8.777605,0.200412,0.101936,0.101936,0.000000,,0
0,325,0.001942,-0.113430,-0.091804,0.008976,-0.041160,0.005833,0.200271,0.071874,0.071874,0.000000,,0
0,326,0.025852,-0.115960,-0.080695,0.006469,-0.030051,0.029746,0.200453,0.139477,0.139477,0.000000,,0
0,327,0.045795,-0.118027,-0.071009,0.004421,-0.020364,0.049691,0.200483,0.144032,0.144032,0.000000,,0
0,328,0.065750,-0.119858,-0.062506,0.002609,-0.011861,0.069648,0.200374,0.125449,0.125449,0.000000,,0
0,329,0.089709,-0.121738,-0.054329,0.000752,-0.003684,0.093608,0.200258,0.099917,0.099917,0.000000,,0
0,330,0.109682,-0.123066,-0.049364,-0.000566,-0.036302,0.113582,0.200166,0.072355,0.072355,0.000000,,0
0,331,0.129662,-0.124345,-0.039256,-0.001845,-0.026194,0.133562,0.200250,0.148527,0.148527,0.000000,,0
0,332,0.153649,-0.125852,-0.026278,-0.003352,-0.013216,0.157549,0.200277,0.156269,0.156269,0.000000,,0
0,333,0.173644,-0.126825,-0.017249,-0.004325,-0.004187,0.177544,0.200168,0.129164,0.129164,0.000000,,0
0,334,0.193642,-0.127509,-0.010437,-0.005009,0.002625,0.197543,0.200085,0.096785,0.096785,0.000000,,0
0,335,0.217642,-0.128032,-0.004742,-0.005532,-0.004549,0.221542,0.200034,0.067131,0.067131,0.000000,,0
0,336,0.237642,-0.128387,0.000543,-0.005887,0.000735,0.241542,0.200024,0.074833,0.074833,0.000000,,0
0,337,0.257642,-0.128606,0.005145,-0.006106,0.005337,0.261542,0.200005,0.065023,0.065023,0.000000,,0
0,338,0.281641,-0.128683,0.009329,-0.006183,0.009521,0.285541,0.199992,0.049365,0.049365,0.000000,,0
0,339,0.301640,-0.128609,0.011590,-0.006109,0.011782,0.303900,0.199989,0.031993,0.031993,0.000000,,0
0,340,0.325638,-0.128406,0.013164,-0.005906,0.013164,0.329538,0.199991,0.018578,0.018578,0.000000,,0
0,341,0.345636,-0.128174,0.013790,-0.005674,0.013790,0.349536,0.199995,0.008826,0.008826,0.000000,,0
0,342,0.365634,-0.127907,0.013972,-0.005407,0.013972,0.369534,0.199999,0.002533,0.002533,0.000000,,0
0,343,0.389632,-0.127578,0.013872,-0.005078,0.013872,0.393532,0.200000,-0.001222,-0.001222,0.000000,,0
0,344,0.409630,-0.127304,0.013641,-0.004804,0.013641,0.413530,0.200000,-0.003316,-0.003316,0.000000,,0
0,345,0.429628,-0.127029,0.013344,-0.004529,0.013344,0.433528,0.200001,-0.004239,-0.004239,0.000000,,0
0,346,0.453626,-0.126700,0.012966,-0.004200,0.012966,0.457526,0.200002,-0.004499,-0.004499,0.000000,,0
0,347,0.473624,-0.126426,0.012658,-0.003926,0.012658,0.477525,0.200002,-0.004397,-0.004397,0.000000,,0
0,348,0.493623,-0.126159,0.012363,-0.003659,0.012363,0.497523,0.200002,-0.004194,-0.004194,0.000000,,0
0,349,0.517621,-0.125846,0.012029,-0.003346,0.012029,0.521521,0.200002,-0.003972,-0.003972,0.000000,,0
0,350,0.537620,-0.125592,0.011766,-0.003092,0.011766,0.541520,0.200002,-0.003743,-0.003743,0.000000,,0
0,351,0.557618,-0.125344,0.011516,-0.002844,0.011516,0.561518,0.200002,-0.003559,-0.003559,0.000000,,0
0,352,0.581617,-0.125054,0.011228,-0.002554,0.011228,0.585517,0.200002,-0.003414,-0.003414,0.000000,,0
0,353,0.601616,-0.124818,0.010998,-0.002318,0.010998,0.603900,0.200002,-0.003287,-0.003287,0.000000,,0
0,354,0.625614,-0.124541,0.010729,-0.002041,0.010729,0.629514,0.200001,-0.003188,-0.003188,0.000000,,0
0,355,0.645613,-0.124316,0.010511,-0.001816,0.010511,0.649513,0.200001,-0.003108,-0.003108,0.000000,,0
0,356,0.665612,-0.124095,0.010297,-0.001595,0.010297,0.669512,0.200001,-0.003036,-0.003036,0.000000,,0
0,357,0.689611,-0.123836,0.010047,-0.001336,0.010047,0.693511,0.200001,-0.002971,-0.002971,0.000000,,0
0,358,0.709610,-0.123625,0.009843,-0.001125,0.009843,0.713510,0.200001,-0.002901,-0.002901,0.000000,,0
0,359,0.729609,-0.123416,0.009595,-0.000916,0.009595,0.733509,0.200001,-0.003536,-0.003536,0.000000,,0
0,360,0.753608,-0.123171,0.009287,-0.000671,0.009287,0.757508,0.200001,-0.003652,-0.003652,0.000000,,0
0,361,0.773607,-0.122973,0.009043,-0.000473,0.009043,0.777507,0.200001,-0.003476,-0.003476,0.000000,,0
0,362,0.793606,-0.122781,0.008815,-0.000281,0.008815,0.797506,0.200001,-0.003231,-0.003231,0.000000,,0
0,363,0.817605,-0.122558,0.008563,-0.000058,0.008563,0.821505,0.200001,-0.002987,-0.002987,0.000000,,0
0,364,0.837604,-0.122374,0.008190,0.000126,0.008190,0.841505,0.200002,-0.005332,-0.005332,0.000000,,0
0,365,0.857604,-0.122191,0.007778,0.000309,0.007778,0.861504,0.200002,-0.005857,-0.005857,0.000000,,0
0,366,0.881603,-0.121982,0.007316,0.000518,0.007316,0.885503,0.200002,-0.005467,-0.005467,0.000000,,0
0,367,0.901603,-0.121819,0.006991,0.000681,0.006991,0.903900,0.200001,-0.004599,-0.004599,0.000000,,0
0,368,0.925602,-0.121636,0.006673,0.000864,0.006673,0.929502,0.200001,-0.003760,-0.003760,0.000000,,0
0,369,0.945602,-0.121487,0.006092,0.001013,0.006092,0.949502,0.200002,-0.008288,-0.008288,0.000000,,0
0,370,0.965601,-0.121338,0.005433,0.001162,0.005433,0.969501,0.200003,-0.009362,-0.009362,0.000000,,0
0,371,0.989601,-0.121172,0.004705,0.001328,0.004705,0.993501,0.200002,-0.008595,-0.008595,0.000000,,0
0,372,1.009601,-0.121054,0.004223,0.001446,0.004223,1.013501,0.200001,-0.006816,-0.006816,0.000000,,0
0,373,1.029601,-0.120941,0.003277,0.001559,0.003277,1.033501,0.200002,-0.013468,-0.013468,0.000000,,0
0,374,1.053601,-0.120807,0.002016,0.001693,0.002016,1.057501,0.200002,-0.014886,-0.014886,0.000000,,0
0,375,1.073601,-0.120721,0.001099,0.001779,0.001099,1.077501,0.200001,-0.012943,-0.012943,0.000000,,0
0,376,1.093601,-0.120664,0.000390,0.001836,0.000390,1.097501,0.200001,-0.009998,-0.009998,0.000000,,0
0,377,1.117601,-0.120626,-0.000203,0.001874,-0.000203,1.121501,0.200000,-0.006964,-0.006964,0.000000,,0
0,378,1.137601,-0.120600,-0.001220,0.001900,-0.001220,1.141501,0.200000,-0.014442,-0.014442,0.000000,,0
0,379,1.157601,-0.120575,-0.002369,0.001925,-0.002369,1.161501,0.200000,-0.016269,-0.016269,0.000000,,0
0,380,1.181600,-0.120572,-0.003620,0.001928,-0.003620,1.185500,0.199999,-0.014745,-0.014745,0.000000,,0
0,381,1.201600,-0.120605,-0.004409,0.001895,-0.004409,1.203900,0.199998,-0.011143,-0.011143,0.000000,,0
0,382,1.225600,-0.120681,-0.005036,0.001819,-0.005228,1.229500,0.199999,-0.007376,-0.007376,0.000000,,0
0,383,1.245600,-0.120750,-0.003555,0.001750,-0.003748,1.249500,0.200000,0.021265,0.021265,0.000000,,0
0,384,1.265600,-0.120820,-0.000975,0.001680,-0.001167,1.269500,0.200001,0.036657,0.036657,0.000000,,0
0,385,1.289600,-0.120903,0.002556,0.001597,0.002363,1.293500,0.200001,0.041627,0.041627,0.000000,,0
0,386,1.309600,-0.120971,0.005251,0.001529,-0.007811,1.313500,0.199998,0.038134,0.038134,0.000000,,0
0,387,1.329599,-0.121027,0.012716,0.001473,-0.000346,1.333499,0.199986,0.107296,0.107296,0.000000,,0
0,388,1.353594,-0.121095,0.025001,0.001405,0.011938,1.357494,0.199941,0.146877,0.146877,0.000000,,0
0,389,1.373585,-0.121114,0.035941,0.001386,0.022879,1.377485,0.199876,0.157867,0.157867,0.000000,,0
0,390,1.393568,-0.120902,0.046252,0.001598,0.033190,1.397468,0.199815,0.149673,0.149673,0.000000,,0
0,391,1.417536,-0.120283,0.056735,0.002200,0.006091,1.421438,0.199778,0.127585,0.127585,0.000000,,0
0,392,1.437495,-0.119658,0.070938,0.002806,0.020293,1.441398,0.199606,0.211028,0.211028,0.000000,,0
0,393,1.457432,-0.119005,0.088199,0.003440,0.037555,1.461335,0.199381,0.257825,0.257825,0.000000,,0
0,394,1.481314,-0.117868,0.109880,0.004554,0.059236,1.485219,0.199150,0.272773,0.272773,0.000000,,0
0,395,1.501174,-0.116459,0.126733,0.005944,0.076088,1.505080,0.199039,0.257364,0.257364,0.000000,,0
0,396,1.524954,-0.114187,0.144114,0.006842,0.030705,1.529339,0.199019,0.223481,0.223481,0.000000,,0
0,397,1.544721,-0.112068,0.161949,0.007685,0.048540,1.549201,0.198677,0.279481,0.279481,0.000000,,0
0,398,1.564427,-0.109680,0.181079,0.008800,0.067670,1.569020,0.198429,0.302674,0.302674,0.000000,,0
0,399,1.587985,-0.106279,0.203464,0.010679,0.090055,1.592748,0.198279,0.298787,0.298787,0.000000,,0
0,400,1.607538,-0.102936,0.220096,0.012757,0.106686,1.612475,0.198328,0.269416,0.269416,0.000000,,0
0,401,1.627025,-0.099138,0.233902,0.013640,0.032358,1.633961,0.198514,0.225548,0.225548,0.000000,,0
0,402,1.650316,-0.094295,0.253375,0.014038,0.051830,1.657747,0.198162,0.268909,0.268909,0.000000,,0
0,403,1.669635,-0.089936,0.270163,0.014705,0.068619,1.677540,0.198012,0.281038,0.281038,0.000000,,0
0,404,1.688866,-0.085207,0.286226,0.015751,0.084682,1.697317,0.198017,0.271441,0.271441,0.000000,,0
0,405,1.711831,-0.079032,0.303455,0.017519,0.101911,1.721031,0.198153,0.245022,0.245022,0.000000,,0
0,406,1.730881,-0.073477,0.315245,0.018614,0.000747,1.743186,0.198437,0.202775,0.202775,0.000000,,0
0,407,1.749846,-0.067776,0.331311,0.018172,0.016813,1.762984,0.197838,0.280651,0.280651,0.000000,,0
0,408,1.772453,-0.060648,0.353368,0.017960,0.038870,1.786688,0.197492,0.323831,0.323831,0.000000,,0
0,409,1.791152,-0.054318,0.372072,0.018198,0.057574,1.806427,0.197410,0.333398,0.333398,0.000000,,0
0,410,1.813416,-0.046191,0.393384,0.019041,0.078886,1.830113,0.197515,0.320343,0.320343,0.000000,,0
0,411,1.831828,-0.038970,0.409077,0.020216,0.094579,1.849855,0.197789,0.286152,0.286152,0.000000,,0
0,412,1.850126,-0.031368,0.422161,0.019331,-0.017599,1.872203,0.198152,0.240568,0.240568,0.000000,,0
0,413,1.871914,-0.021978,0.443354,0.018535,0.003594,1.895915,0.197546,0.330120,0.330120,0.000000,,0
0,414,1.889894,-0.013857,0.463250,0.018213,0.023490,1.915642,0.197300,0.375958,0.375958,0.000000,,0
0,415,1.907695,-0.005356,0.483624,0.018313,0.043864,1.935368,0.197317,0.389522,0.389522,0.000000,,0
0,416,1.928811,0.005397,0.507029,0.019037,0.067269,1.959053,0.197548,0.378005,0.378005,0.000000,,0
0,417,1.946209,0.014813,0.524536,0.018552,-0.040991,1.981217,0.197891,0.343574,0.343574,0.000000,,0
0,418,1.963411,0.024541,0.546278,0.017558,-0.019250,2.000955,0.197563,0.434005,0.434005,0.000000,,0
0,419,1.983741,0.036727,0.574564,0.016966,0.009037,2.024649,0.197681,0.477412,0.477412,0.000000,,0
0,420,2.000402,0.047397,0.597862,0.017056,0.032335,2.044434,0.198007,0.479748,0.479748,0.000000,,0
0,421,2.016809,0.058529,0.619748,0.017674,0.054220,2.064252,0.198435,0.457463,0.457463,0.000000,,0
0,422,2.036180,0.072445,0.643375,0.018284,-0.047640,2.090411,0.198933,0.418038,0.418038,0.000000,,0
0,423,2.052044,0.084464,0.666237,0.017443,-0.024779,2.110297,0.199183,0.494817,0.494817,0.000000,,0
0,424,2.070698,0.099464,0.694879,0.017122,0.003864,2.134231,0.199780,0.525566,0.525566,0.000000,,0
0,425,2.085934,0.112440,0.718183,0.017419,0.027168,2.154242,0.200461,0.518131,0.518131,0.000000,,0
0,426,2.100955,0.125766,0.740658,0.018122,0.049643,2.174310,0.201108,0.489146,0.489146,0.000000,,0
0,427,2.118605,0.142179,0.765779,0.019530,0.074764,2.198371,0.200550,0.444880,0.444880,0.000000,,0
0,428,2.132927,0.156173,0.784307,0.018580,-0.032256,2.220844,0.200047,0.385216,0.385216,0.000000,,0
0,429,2.146931,0.170415,0.806107,0.018115,-0.010456,2.240812,0.199474,0.454620,0.454620,0.000000,,0
0,430,2.163311,0.187799,0.833252,0.018067,0.016688,2.264697,0.198931,0.482231,0.482231,0.000000,,0
0,431,2.176599,0.202650,0.854981,0.018541,0.038417,2.284620,0.199576,0.474310,0.474310,0.000000,,0
0,432,2.189577,0.217855,0.875023,0.019482,0.058459,2.304588,0.200121,0.445766,0.445766,0.000000,,0
0,433,2.204821,0.236442,0.896947,0.019215,-0.045600,2.331089,0.200501,0.403054,0.403054,0.000000,,0
0,434,2.217252,0.252205,0.919017,0.018436,-0.023529,2.351149,0.201035,0.480557,0.480557,0.000000,,0
0,435,2.229423,0.268247,0.942993,0.018033,0.000447,2.371281,0.201583,0.512808,0.512808,0.000000,,0
0,436,2.243624,0.287872,0.972233,0.018095,0.029687,2.395505,0.202114,0.511201,0.511201,0.000000,,0
0,437,2.255093,0.304523,0.995568,0.018617,0.053022,2.415717,0.202353,0.480481,0.480481,0.000000,,0
0,438,2.268404,0.324825,1.021304,0.018458,-0.046981,2.442386,0.202455,0.434205,0.434205,0.000000,,0
0,439,2.279201,0.342009,1.046527,0.017274,-0.021758,2.462645,0.203188,0.503470,0.503470,0.000000,,0
0,440,2.289682,0.359453,1.073408,0.016491,0.005123,2.482982,0.203668,0.526677,0.526677,0.000000,,0
0,441,2.301744,0.380724,1.105665,0.016167,0.037380,2.507432,0.203921,0.516353,0.516353,0.000000,,0
0,442,2.311311,0.398710,1.130983,0.016446,0.062698,2.527802,0.203805,0.477111,0.477111,0.000000,,0
0,443,2.320417,0.416901,1.153785,0.016903,-0.039984,2.550295,0.203478,0.422963,0.422963,0.000000,,0
0,444,2.330970,0.438994,1.185911,0.015196,-0.007858,2.574720,0.204194,0.489507,0.489507,0.000000,,0
0,445,2.339352,0.457633,1.214081,0.014241,0.020312,2.595135,0.204409,0.504742,0.504742,0.000000,,0
0,446,2.347259,0.476467,1.241807,0.013800,0.048039,2.615557,0.204275,0.487879,0.487879,0.000000,,0
0,447,2.356060,0.499296,1.272960,0.013992,0.079191,2.640023,0.203872,0.448320,0.448320,0.000000,,0
0,448,2.362784,0.518480,1.295794,0.014780,0.102025,2.660336,0.203251,0.387248,0.387248,0.000000,,0
0,449,2.368949,0.537778,1.314704,0.013756,-0.004855,2.682411,0.202557,0.316224,0.316224,0.000000,,0
0,450,2.376040,0.561075,1.342160,0.012685,0.022602,2.706739,0.202988,0.379049,0.379049,0.000000,,0
